# Level for Mega Mario

TEXTURE data/gfx/tiles/ground/stone0.png
TEXTURE data/gfx/tiles/ground/stone1.png
TEXTURE data/gfx/tiles/ground/stone2.png
TEXTURE data/gfx/tiles/ground/stone3.png
TEXTURE data/gfx/tiles/ground/stone4.png
TEXTURE data/gfx/tiles/ground/stone5.png
TEXTURE data/gfx/tiles/ground/stone6.png
TEXTURE data/gfx/tiles/ground/bricks.png
TEXTURE data/gfx/tiles/ground/bricks2.png
TEXTURE data/gfx/tiles/ground/snowy.png
TEXTURE data/gfx/tiles/ground/sand.png
TEXTURE data/gfx/tiles/ground/metal.png
TEXTURE data/gfx/tiles/cannonset1.png
TEXTURE data/gfx/tiles/cannonset2.png
TEXTURE data/gfx/tiles/pipes/up/1.png
TEXTURE data/gfx/tiles/pipes/up/2.png
TEXTURE data/gfx/tiles/pipes/up/3.png
TEXTURE data/gfx/tiles/pipes/up/4.png
TEXTURE data/gfx/tiles/pipes/down/1.png
TEXTURE data/gfx/tiles/pipes/down/2.png
TEXTURE data/gfx/tiles/pipes/down/3.png
TEXTURE data/gfx/tiles/pipes/down/4.png
TEXTURE data/gfx/tiles/pipes/right/1.png
TEXTURE data/gfx/tiles/pipes/right/2.png
TEXTURE data/gfx/tiles/pipes/right/3.png
TEXTURE data/gfx/tiles/pipes/right/4.png
TEXTURE data/gfx/tiles/pipes/left/1.png
TEXTURE data/gfx/tiles/pipes/left/2.png
TEXTURE data/gfx/tiles/pipes/left/3.png
TEXTURE data/gfx/tiles/pipes/left/4.png
::TILES-> BEGIN
4 66 8
4 67 8
4 68 8
4 69 8
4 70 8
4 71 8
4 72 8
4 73 8
4 74 8
4 75 8
4 76 8
4 77 8
4 78 8
4 79 8
4 80 8
4 81 8
4 82 8
4 83 8
4 84 8
4 85 8
4 86 8
4 87 8
4 88 8
4 89 8
4 90 8
4 91 8
4 92 8
4 93 8
4 94 8
4 95 8
4 96 8
4 97 8
4 98 8
5 66 8
5 67 8
5 68 8
5 69 8
5 70 8
5 71 8
5 72 8
5 73 8
5 74 8
5 75 8
5 76 8
5 77 8
5 78 8
5 79 8
5 80 8
5 81 8
5 82 8
5 83 8
5 84 8
5 85 8
5 86 8
5 87 8
5 88 8
5 89 8
5 90 8
5 91 8
5 92 8
5 93 8
5 94 8
5 95 8
5 96 8
5 97 8
5 98 8
6 66 8
6 67 8
6 68 8
6 69 8
6 70 8
6 71 8
6 72 8
6 73 8
6 74 8
6 75 8
6 76 8
6 77 8
6 78 8
6 79 8
6 80 8
6 81 8
6 82 8
6 83 8
6 84 8
6 85 8
6 86 8
6 87 8
6 88 8
6 89 8
6 90 8
6 91 8
6 92 8
6 93 8
6 94 8
6 95 8
6 96 8
6 97 8
6 98 8
7 66 8
7 67 8
7 68 8
7 69 8
7 70 8
7 71 8
7 72 8
7 73 8
7 74 8
7 75 8
7 76 8
7 77 8
7 78 8
7 79 8
7 80 8
7 81 8
7 82 8
7 83 8
7 84 8
7 85 8
7 86 8
7 87 8
7 88 8
7 89 8
7 90 8
7 91 8
7 92 8
7 93 8
7 94 8
7 95 8
7 96 8
7 97 8
7 98 8
8 66 8
8 67 8
8 68 8
8 69 8
8 70 8
8 71 8
8 72 8
8 73 8
8 74 8
8 75 8
8 76 8
8 77 8
8 78 8
8 79 8
8 80 8
8 81 8
8 82 8
8 83 8
8 84 8
8 85 8
8 86 8
8 87 8
8 88 8
8 89 8
8 90 8
8 91 8
8 92 8
8 93 8
8 94 8
8 95 8
8 96 8
8 97 8
8 98 8
9 66 8
9 67 8
9 68 8
9 69 8
9 70 8
9 71 8
9 72 8
9 73 8
9 74 8
9 75 8
9 76 8
9 77 8
9 78 8
9 79 8
9 80 8
9 81 8
9 82 8
9 83 8
9 84 8
9 85 8
9 86 8
9 87 8
9 88 8
9 89 8
9 90 8
9 91 8
9 92 8
9 93 8
9 94 8
9 95 8
9 96 8
9 97 8
9 98 8
10 66 8
10 67 8
10 68 8
10 69 8
10 70 8
10 71 8
10 72 8
10 73 8
10 74 8
10 75 8
10 76 8
10 77 8
10 78 8
10 79 8
10 80 8
10 81 8
10 82 8
10 83 8
10 84 8
10 85 8
10 86 8
10 87 8
10 88 8
10 89 8
10 90 8
10 91 8
10 92 8
10 93 8
10 94 8
10 95 8
10 96 8
10 97 8
10 98 8
11 66 8
11 67 8
11 68 8
11 69 8
11 70 8
11 71 8
11 72 8
11 73 8
11 74 8
11 75 8
11 76 8
11 77 8
11 78 8
11 79 8
11 80 8
11 81 8
11 82 8
11 83 8
11 84 8
11 85 8
11 86 8
11 87 8
11 88 8
11 89 8
11 90 8
11 91 8
11 92 8
11 93 8
11 94 8
11 95 8
11 96 8
11 97 8
11 98 8
12 63 21
12 64 21
12 65 21
12 66 21
12 67 21
12 68 21
12 69 21
12 70 21
12 71 21
12 72 21
12 73 19
12 90 8
12 91 8
12 92 8
12 93 8
12 94 8
12 95 8
12 96 8
12 97 8
12 98 8
12 99 8
13 64 22
13 65 22
13 66 22
13 67 22
13 68 22
13 69 22
13 70 22
13 71 22
13 72 22
13 73 20
13 90 8
13 91 8
13 92 8
13 93 8
13 94 8
13 95 8
13 96 8
13 97 8
13 98 8
13 99 8
14 66 8
14 67 8
14 68 8
14 69 8
14 70 8
14 71 8
14 72 8
14 90 8
14 91 8
14 92 8
14 93 8
14 94 8
14 95 8
14 96 8
14 97 8
14 98 8
15 66 8
15 67 8
15 68 8
15 69 8
15 70 8
15 71 8
15 72 8
15 90 8
15 91 8
15 92 8
15 93 8
15 94 8
15 95 8
15 96 8
15 97 8
15 98 8
16 66 8
16 67 8
16 68 8
16 69 8
16 70 8
16 71 8
16 72 8
16 90 8
16 91 8
16 92 8
16 93 8
16 94 8
16 95 8
16 96 8
16 97 8
16 98 8
17 66 8
17 67 8
17 68 8
17 69 8
17 70 8
17 71 8
17 72 8
17 88 8
17 89 8
17 90 8
17 91 8
17 92 8
17 93 8
17 94 8
17 95 8
17 96 8
17 97 8
17 98 8
18 66 8
18 67 8
18 68 8
18 69 8
18 70 8
18 71 8
18 72 8
18 88 8
18 89 8
18 90 8
18 91 8
18 92 8
18 93 8
18 94 8
18 95 8
18 96 8
18 97 8
18 98 8
19 66 8
19 67 8
19 68 8
19 69 8
19 70 8
19 71 8
19 72 8
19 86 8
19 87 8
19 88 8
19 89 8
19 90 8
19 91 8
19 92 8
19 93 8
19 94 8
19 95 8
19 96 8
19 97 8
19 98 8
20 66 8
20 67 8
20 68 8
20 69 8
20 70 8
20 71 8
20 72 8
20 86 8
20 87 8
20 88 8
20 89 8
20 90 8
20 91 8
20 92 8
20 93 8
20 94 8
20 95 8
20 96 8
20 97 8
20 98 8
21 66 8
21 67 8
21 68 8
21 69 8
21 70 8
21 71 8
21 72 8
21 84 8
21 85 8
21 86 8
21 87 8
21 88 8
21 89 8
21 90 8
21 91 8
21 92 8
21 93 8
21 94 8
21 95 8
21 96 8
21 97 8
21 98 8
22 66 8
22 67 8
22 68 8
22 69 8
22 70 8
22 71 8
22 72 8
22 84 8
22 85 8
22 86 8
22 87 8
22 88 8
22 89 8
22 90 8
22 91 8
22 92 8
22 93 8
22 94 8
22 95 8
22 96 8
22 97 8
22 98 8
23 66 8
23 67 8
23 68 8
23 69 8
23 70 8
23 71 8
23 72 8
23 82 8
23 83 8
23 84 8
23 85 8
23 86 8
23 87 8
23 88 8
23 89 8
23 90 8
23 91 8
23 92 8
23 93 8
23 94 8
23 95 8
23 96 8
23 97 8
23 98 8
24 66 8
24 67 8
24 68 8
24 69 8
24 70 8
24 71 8
24 72 8
24 82 8
24 83 8
24 84 8
24 85 8
24 86 8
24 87 8
24 88 8
24 89 8
24 90 8
24 91 8
24 92 8
24 93 8
24 94 8
24 95 8
24 96 8
24 97 8
24 98 8
25 66 8
25 67 8
25 68 8
25 69 8
25 70 8
25 71 8
25 72 8
25 79 8
25 80 8
25 81 8
25 82 8
25 83 8
25 84 8
25 85 8
25 86 8
25 87 8
25 88 8
25 89 8
25 90 8
25 91 8
25 92 8
25 93 8
25 94 8
25 95 8
25 96 8
25 97 8
25 98 8
26 66 8
26 67 8
26 68 8
26 69 8
26 70 8
26 71 8
26 72 8
26 79 8
26 80 8
26 81 8
26 82 8
26 83 8
26 84 8
26 85 8
26 86 8
26 87 8
26 88 8
26 89 8
26 90 8
26 91 8
26 92 8
26 93 8
26 94 8
26 95 8
26 96 8
26 97 8
26 98 8
27 66 8
27 67 8
27 68 8
27 69 8
27 70 8
27 71 8
27 72 8
27 79 8
27 80 8
27 81 8
27 82 8
27 83 8
27 84 8
27 85 8
27 86 8
27 87 8
27 88 8
27 89 8
27 90 8
27 91 8
27 92 8
27 93 8
27 94 8
27 95 8
27 96 8
27 97 8
27 98 8
28 66 8
28 67 8
28 68 8
28 69 8
28 70 8
28 71 8
28 72 8
28 79 8
28 80 8
28 81 8
28 82 8
28 83 8
28 84 8
28 85 8
28 86 8
28 87 8
28 88 8
28 89 8
28 90 8
28 91 8
28 92 8
28 93 8
28 94 8
28 95 8
28 96 8
28 97 8
28 98 8
29 66 8
29 67 8
29 68 8
29 69 8
29 70 8
29 71 8
29 72 8
29 82 8
29 83 8
29 84 8
29 90 8
29 91 8
29 92 8
29 93 8
29 94 8
29 95 8
29 96 8
29 97 8
29 98 8
30 66 8
30 67 8
30 68 8
30 69 8
30 70 8
30 71 8
30 72 8
30 82 8
30 83 8
30 84 8
30 90 8
30 91 8
30 92 8
30 93 8
30 94 8
30 95 8
30 96 8
30 97 8
30 98 8
31 66 8
31 67 8
31 68 8
31 69 8
31 70 8
31 71 8
31 72 8
31 82 8
31 83 8
31 84 8
31 90 8
31 91 8
31 92 8
31 93 8
31 94 8
31 95 8
31 96 8
31 97 8
31 98 8
32 66 8
32 67 8
32 68 8
32 69 8
32 70 8
32 71 8
32 72 8
32 75 8
32 76 8
32 77 8
32 78 8
32 90 8
32 91 8
32 92 8
32 93 8
32 94 8
32 95 8
32 96 8
32 97 8
32 98 8
33 66 8
33 67 8
33 68 8
33 69 8
33 70 8
33 71 8
33 72 8
33 75 8
33 76 8
33 77 8
33 78 8
33 88 27
33 89 28
33 90 8
33 91 8
33 92 8
33 93 8
33 94 8
33 95 8
33 96 8
33 97 8
33 98 8
34 66 8
34 67 8
34 68 8
34 69 8
34 70 8
34 71 8
34 72 8
34 75 8
34 76 8
34 77 8
34 78 8
34 88 29
34 89 30
34 90 8
34 91 8
34 92 8
34 93 8
34 94 8
34 95 8
34 96 8
34 97 8
34 98 8
35 66 8
35 67 8
35 68 8
35 69 8
35 70 8
35 71 8
35 72 8
35 73 8
35 74 8
35 75 8
35 76 8
35 77 8
35 78 8
35 79 8
35 80 8
35 81 8
35 82 8
35 83 8
35 84 8
35 85 8
35 86 8
35 87 8
35 88 29
35 89 30
35 90 8
35 91 8
35 92 8
35 93 8
35 94 8
35 95 8
35 96 8
35 97 8
35 98 8
36 59 18
36 60 18
36 61 18
36 62 18
36 63 18
36 64 18
36 65 18
36 66 18
36 67 18
36 68 18
36 69 18
36 70 18
36 71 18
36 72 18
36 73 18
36 74 18
36 75 18
36 76 18
36 77 18
36 78 18
36 79 18
36 80 18
36 81 18
36 82 18
36 83 18
36 84 18
36 85 18
36 86 18
36 87 18
36 88 27
36 89 28
36 90 8
36 91 8
36 92 8
36 93 8
36 94 8
36 95 8
36 96 8
36 97 8
36 98 8
37 59 17
37 60 17
37 61 17
37 62 17
37 63 17
37 64 17
37 65 17
37 66 17
37 67 17
37 68 17
37 69 17
37 70 17
37 71 17
37 72 17
37 73 17
37 74 17
37 75 17
37 76 17
37 77 17
37 78 17
37 79 17
37 80 17
37 81 17
37 82 17
37 83 17
37 84 17
37 85 17
37 86 17
37 87 17
37 88 23
37 89 24
37 90 8
37 91 8
37 92 8
37 93 8
37 94 8
37 95 8
37 96 8
37 97 8
37 98 8
38 59 8
38 60 8
38 61 8
38 62 8
38 63 8
38 64 8
38 65 8
38 66 8
38 67 8
38 68 8
38 69 8
38 70 8
38 71 8
38 72 8
38 73 8
38 74 8
38 75 8
38 76 8
38 77 8
38 78 8
38 79 8
38 80 8
38 81 8
38 82 8
38 83 8
38 84 8
38 85 8
38 86 8
38 87 8
38 88 8
38 89 8
38 90 8
38 91 8
38 92 8
38 93 8
38 94 8
38 95 8
38 96 8
38 97 8
38 98 8
39 59 8
39 60 8
39 61 8
39 62 8
39 63 8
39 64 8
39 65 8
39 66 8
39 67 8
39 68 8
39 69 8
39 70 8
39 71 8
39 72 8
39 73 8
39 74 8
39 75 8
39 76 8
39 77 8
39 78 8
39 79 8
39 80 8
39 81 8
39 82 8
39 83 8
39 84 8
39 85 8
39 86 8
39 87 8
39 88 8
39 89 8
39 90 8
39 91 8
39 92 8
39 93 8
39 94 8
39 95 8
39 96 8
39 97 8
39 98 8
40 59 8
40 60 8
40 61 8
40 62 8
40 63 8
40 64 8
40 65 8
40 66 8
40 67 8
40 68 8
40 69 8
40 70 8
40 71 8
40 72 8
40 73 8
40 74 8
40 75 8
40 76 8
40 77 8
40 78 8
40 79 8
40 80 8
40 81 8
40 82 8
40 83 8
40 84 8
40 85 8
40 86 8
40 87 8
40 88 8
40 89 8
40 90 8
40 91 8
40 92 8
40 93 8
40 94 8
40 95 8
40 96 8
40 97 8
40 98 8
41 59 8
41 60 8
41 61 8
41 62 8
41 63 8
41 64 8
41 65 8
41 66 8
41 67 8
41 68 8
41 69 8
41 70 8
41 71 8
41 72 8
41 73 8
41 74 8
41 75 8
41 76 8
41 77 8
41 78 8
41 79 8
41 80 8
41 81 8
41 82 8
41 83 8
41 84 8
41 85 8
41 86 8
41 87 8
41 88 8
41 89 8
41 90 8
41 91 8
41 92 8
41 93 8
41 94 8
41 95 8
41 96 8
41 97 8
41 98 8
41 99 8
42 60 8
42 61 8
42 62 8
42 63 8
42 64 8
42 65 8
42 66 8
42 67 8
42 68 8
42 69 8
42 70 8
42 71 8
42 72 8
42 73 8
42 74 8
42 75 8
42 76 8
42 77 8
42 78 8
42 79 8
42 80 8
42 81 8
42 82 8
42 83 8
42 84 8
42 85 8
42 86 8
42 87 8
42 88 8
42 89 8
42 90 8
42 91 8
42 92 8
42 93 8
42 94 8
42 95 8
42 96 8
42 97 8
42 98 8
42 99 8
43 60 8
43 61 8
43 62 8
43 63 8
43 64 8
43 65 8
43 66 8
43 67 8
43 68 8
43 69 8
43 70 8
43 71 8
43 72 8
43 73 8
43 74 8
43 75 8
43 76 8
43 77 8
43 78 8
43 79 8
43 80 8
43 81 8
43 82 8
43 83 8
43 84 8
43 85 8
43 86 8
43 87 8
43 88 8
43 89 8
43 90 8
43 91 8
43 92 8
43 93 8
43 94 8
43 95 8
43 96 8
43 97 8
43 98 8
43 99 8
44 60 8
44 61 8
44 62 8
44 63 8
44 64 8
44 65 8
44 66 8
44 67 8
44 68 8
44 69 8
44 70 8
44 71 8
44 72 8
44 73 8
44 74 8
44 75 8
44 76 8
44 77 8
44 78 8
44 79 8
44 80 8
44 81 8
44 82 8
44 83 8
44 84 8
44 85 8
44 86 8
44 87 8
44 88 8
44 89 8
44 90 8
44 91 8
44 92 8
44 93 8
44 94 8
44 95 8
44 96 8
44 97 8
44 98 8
44 99 8
45 60 8
45 61 8
45 62 8
45 63 8
45 64 8
45 65 8
45 66 8
45 67 8
45 68 8
45 69 8
45 70 8
45 71 8
45 72 8
45 73 8
45 74 8
45 75 8
45 76 8
45 77 8
45 78 8
45 79 8
45 80 8
45 81 8
45 82 8
45 83 8
45 84 8
45 85 8
45 86 8
45 87 8
45 88 8
45 89 8
45 90 8
45 91 8
45 92 8
45 93 8
45 94 8
45 95 8
45 96 8
45 97 8
45 98 8
45 99 8
46 60 8
46 61 8
46 62 8
46 63 8
46 64 8
46 65 8
46 66 8
46 67 8
46 68 8
46 69 8
46 70 8
46 71 8
46 72 8
46 73 8
46 74 8
46 75 8
46 76 8
46 77 8
46 78 8
46 79 8
46 80 8
46 81 8
46 82 8
46 83 8
46 84 8
46 85 8
46 86 8
46 87 8
46 88 8
46 89 8
46 90 8
46 91 8
46 92 8
46 93 8
46 94 8
46 95 8
46 96 8
46 97 8
46 98 8
46 99 8
47 60 8
47 61 8
47 62 8
47 63 8
47 64 8
47 65 8
47 66 8
47 67 8
47 68 8
47 69 8
47 70 8
47 71 8
47 72 8
47 73 8
47 74 8
47 75 8
47 76 8
47 77 8
47 78 8
47 79 8
47 80 8
47 81 8
47 82 8
47 83 8
47 84 8
47 85 8
47 86 8
47 87 8
47 88 8
47 89 8
47 90 8
47 91 8
47 92 8
47 93 8
47 94 8
47 95 8
47 96 8
47 97 8
47 98 8
48 60 8
48 61 8
48 62 8
48 63 8
48 64 8
48 65 8
48 66 8
48 67 8
48 68 8
48 69 8
48 70 8
48 71 8
48 72 8
48 73 8
48 74 8
48 75 8
48 76 8
48 77 8
48 78 8
48 79 8
48 80 8
48 81 8
48 82 8
48 83 8
48 84 8
48 85 8
48 86 8
48 87 8
48 88 8
48 89 8
48 90 8
48 91 8
48 92 8
48 93 8
48 94 8
48 95 8
48 96 8
48 97 8
48 98 8
48 99 8
49 60 8
49 61 8
49 62 8
49 63 8
49 64 8
49 65 8
49 66 8
49 67 8
49 68 8
49 69 8
49 70 8
49 71 8
49 72 8
49 73 8
49 74 8
49 75 8
49 76 8
49 77 8
49 78 8
49 79 8
49 80 8
49 81 8
49 82 8
49 83 8
49 84 8
49 85 8
49 86 8
49 87 8
49 88 8
49 89 8
49 90 8
49 91 8
49 92 8
49 93 8
49 94 8
49 95 8
49 96 8
49 97 8
49 98 8
50 60 8
50 61 8
50 62 8
50 63 8
50 64 8
50 65 8
50 66 8
50 67 8
50 68 8
50 69 8
50 70 8
50 71 8
50 72 8
50 73 8
50 74 8
50 75 8
50 76 8
50 77 8
50 78 8
50 79 8
50 80 8
50 81 8
50 82 8
50 83 8
50 84 8
50 85 8
50 86 8
50 87 8
50 88 8
50 89 8
50 90 8
50 91 8
50 92 8
50 93 8
50 94 8
50 95 8
50 96 8
50 97 8
50 98 8
50 99 8
51 60 8
51 61 8
51 62 8
51 63 8
51 64 8
51 65 8
51 66 8
51 67 8
51 68 8
51 69 8
51 70 8
51 71 8
51 72 8
51 73 8
51 74 8
51 75 8
51 76 8
51 77 8
51 78 8
51 79 8
51 80 8
51 81 8
51 82 8
51 83 8
51 84 8
51 85 8
51 86 8
51 87 8
51 88 8
51 89 8
51 90 8
51 91 8
51 92 8
51 93 8
51 94 8
51 95 8
51 96 8
51 97 8
51 98 8
51 99 8
52 60 8
52 61 8
52 62 8
52 63 8
52 64 8
52 65 8
52 66 8
52 67 8
52 68 8
52 69 8
52 70 8
52 71 8
52 72 8
52 73 8
52 74 8
52 75 8
52 76 8
52 77 8
52 78 8
52 79 8
52 80 8
52 81 8
52 82 8
52 83 8
52 84 8
52 85 8
52 86 8
52 87 8
52 88 8
52 89 8
52 90 8
52 91 8
52 92 8
52 93 8
52 94 8
52 95 8
52 96 8
52 97 8
52 98 8
52 99 8
53 60 8
53 61 8
53 62 8
53 63 8
53 64 8
53 65 8
53 66 8
53 67 8
53 68 8
53 69 8
53 70 8
53 71 8
53 72 8
53 73 8
53 74 8
53 75 8
53 76 8
53 77 8
53 78 8
53 79 8
53 80 8
53 81 8
53 82 8
53 83 8
53 84 8
53 85 8
53 86 8
53 87 8
53 88 8
53 89 8
53 90 8
53 91 8
53 92 8
53 93 8
53 94 8
53 95 8
53 96 8
53 97 8
53 98 8
53 99 8
54 60 8
54 61 8
54 62 8
54 63 8
54 64 8
54 65 8
54 66 8
54 67 8
54 68 8
54 69 8
54 70 8
54 71 8
54 72 8
54 73 8
54 74 8
54 75 8
54 76 8
54 77 8
54 78 8
54 79 8
54 80 8
54 81 8
54 82 8
54 83 8
54 84 8
54 85 8
54 86 8
54 87 8
54 88 8
54 89 8
54 90 8
54 91 8
54 92 8
54 93 8
54 94 8
54 95 8
54 96 8
54 97 8
54 98 8
54 99 8
55 60 8
55 61 8
55 62 8
55 63 8
55 64 8
55 65 8
55 66 8
55 67 8
55 68 8
55 69 8
55 70 8
55 71 8
55 72 8
55 73 8
55 74 8
55 75 8
55 76 8
55 77 8
55 78 8
55 79 8
55 90 8
55 91 8
55 92 8
55 93 8
55 94 8
55 95 8
55 96 8
55 97 8
55 98 8
55 99 8
56 61 8
56 62 8
56 63 8
56 64 8
56 65 8
56 66 8
56 67 8
56 68 8
56 69 8
56 70 8
56 71 8
56 72 8
56 73 8
56 74 8
56 75 8
56 76 8
56 77 8
56 78 8
56 79 8
56 80 8
56 81 8
56 82 8
56 83 8
56 84 8
56 85 8
56 86 8
56 87 8
56 88 8
56 89 8
56 90 8
56 91 8
56 92 8
56 93 8
56 94 8
56 95 8
56 96 8
56 97 8
56 98 8
56 99 8
57 63 8
57 64 8
57 65 8
57 66 8
57 67 8
57 68 8
57 69 8
57 70 8
57 71 8
57 72 8
57 73 8
57 74 8
57 75 8
57 76 8
57 77 8
57 78 8
57 79 8
57 80 8
57 81 8
57 82 8
57 83 8
57 84 8
57 85 8
57 86 8
57 87 8
57 88 8
57 89 8
57 90 8
57 91 8
57 92 8
57 93 8
57 94 8
57 95 8
57 96 8
57 97 8
57 98 8
57 99 8
58 64 8
58 65 8
58 66 8
58 67 8
58 68 8
58 69 8
58 70 8
58 71 8
58 72 8
58 73 8
58 74 8
58 75 8
58 76 8
58 77 8
58 78 8
58 79 8
58 80 8
58 81 8
58 82 8
58 83 8
58 84 8
58 85 8
58 86 8
58 87 8
58 88 8
58 89 8
58 90 8
58 91 8
58 92 8
58 93 8
58 94 8
58 95 8
58 96 8
58 97 8
58 98 8
58 99 8
59 65 8
59 66 8
59 67 8
59 68 8
59 69 8
59 70 8
59 71 8
59 72 8
59 73 8
59 74 8
59 75 8
59 76 8
59 77 8
59 78 8
59 79 8
59 80 8
59 81 8
59 82 8
59 83 8
59 84 8
59 85 8
59 86 8
59 87 8
59 88 8
59 89 8
59 90 8
59 91 8
59 92 8
59 93 8
59 94 8
59 95 8
59 96 8
59 97 8
59 98 8
59 99 8
::TILES-> END
::BONUS-> BEGIN
::BONUS-> END
::COIN-> BEGIN
15 88
15 89
16 88
16 89
17 86
17 87
18 86
18 87
19 84
19 85
20 84
20 85
21 82
21 83
22 82
22 83
23 80
23 81
24 80
24 81
28 80
29 79
29 80
29 81
30 79
30 80
30 81
31 79
31 80
31 81
32 73
32 74
32 85
32 86
32 87
33 73
33 74
33 85
33 86
33 87
34 73
34 74
34 85
34 86
34 87
::COIN-> END
START 0 492 2962 1
EXIT 0 1309 3552 data/levels/6/main 1 1
START 1 0 0 0
EXIT 1 0 0 NONE 0 0
START 2 0 0 0
EXIT 2 0 0 NONE 0 3
START 3 0 0 0
EXIT 3 0 0 NONE 0 0
START 4 0 0 0
EXIT 4 0 0 NONE 0 0
BGCOLOR 2000030

#If you want Background music:
MUSIC talltower.mid

#if you want a big static background:
BACKGROUND data/gfx/background/hole.jpg
