# Level for Mega Mario

TEXTURE data/gfx/tiles/ground/stone0.png
TEXTURE data/gfx/tiles/ground/stone1.png
TEXTURE data/gfx/tiles/ground/stone2.png
TEXTURE data/gfx/tiles/ground/stone3.png
TEXTURE data/gfx/tiles/ground/stone4.png
TEXTURE data/gfx/tiles/ground/stone5.png
TEXTURE data/gfx/tiles/ground/stone6.png
TEXTURE data/gfx/tiles/ground/bricks.png
TEXTURE data/gfx/tiles/ground/bricks2.png
TEXTURE data/gfx/tiles/ground/snowy.png
TEXTURE data/gfx/tiles/ground/grass.png
TEXTURE data/gfx/tiles/ground/sand.png
TEXTURE data/gfx/tiles/ground/metal.png
TEXTURE data/gfx/tiles/cannonset1.png
TEXTURE data/gfx/tiles/cannonset2.png
TEXTURE data/gfx/tiles/pipes/up/1.png
TEXTURE data/gfx/tiles/pipes/up/2.png
TEXTURE data/gfx/tiles/pipes/up/3.png
TEXTURE data/gfx/tiles/pipes/up/4.png
TEXTURE data/gfx/tiles/pipes/down/1.png
TEXTURE data/gfx/tiles/pipes/down/2.png
TEXTURE data/gfx/tiles/pipes/down/3.png
TEXTURE data/gfx/tiles/pipes/down/4.png
TEXTURE data/gfx/tiles/pipes/right/1.png
TEXTURE data/gfx/tiles/pipes/right/2.png
TEXTURE data/gfx/tiles/pipes/right/3.png
TEXTURE data/gfx/tiles/pipes/right/4.png
TEXTURE data/gfx/tiles/pipes/left/1.png
TEXTURE data/gfx/tiles/pipes/left/2.png
TEXTURE data/gfx/tiles/pipes/left/3.png
TEXTURE data/gfx/tiles/pipes/left/4.png
TEXTURE data/gfx/bonus/invis.png
::TILES-> BEGIN
1 98 13
1 99 11
2 99 11
3 99 11
4 99 11
5 99 11
6 99 11
7 99 11
8 99 11
9 99 11
10 99 11
11 99 11
12 99 11
13 99 11
14 99 11
15 99 11
16 99 11
17 99 11
18 99 11
19 99 11
20 99 11
21 99 11
22 99 11
23 99 11
24 99 11
25 99 11
26 99 11
27 99 11
28 99 11
29 99 11
30 99 11
31 99 11
32 99 11
33 99 11
34 99 11
35 99 11
36 99 11
37 99 11
38 99 11
39 99 11
40 99 11
41 99 11
42 99 11
43 99 11
44 99 11
45 99 11
46 99 11
47 99 11
48 99 11
49 99 11
50 99 11
51 99 11
52 99 11
53 99 11
54 99 11
55 99 11
56 99 11
57 99 11
58 99 11
59 99 11
60 99 11
61 99 11
62 99 11
63 99 11
64 99 11
65 99 11
66 99 11
67 99 11
68 99 11
69 99 11
70 99 11
71 99 11
72 99 11
73 99 11
74 99 11
75 99 11
76 99 11
77 99 11
78 99 11
79 99 11
80 99 11
81 99 11
82 99 11
83 99 11
84 99 11
85 99 11
86 99 11
87 99 11
88 99 11
89 99 11
90 96 17
90 97 19
90 98 19
90 99 11
91 96 16
91 97 18
91 98 18
91 99 11
92 99 11
93 99 11
94 99 11
95 99 11
96 99 11
97 99 11
98 99 11
99 99 11
100 99 11
101 99 11
102 99 11
103 99 11
104 99 11
105 99 11
106 99 11
107 99 11
108 99 11
109 99 11
110 96 17
110 97 19
110 98 19
110 99 11
111 96 16
111 97 18
111 98 18
111 99 11
112 99 11
113 99 11
114 99 11
115 99 11
116 99 11
117 99 11
118 99 11
119 99 11
120 99 11
121 99 11
122 99 11
123 99 11
124 90 13
124 91 13
124 92 13
124 93 13
124 94 13
124 95 13
124 96 13
124 97 13
124 98 13
124 99 11
125 99 11
126 99 11
127 99 11
128 99 11
129 99 11
130 98 8
130 99 11
131 97 8
131 98 8
131 99 11
132 97 8
132 98 8
132 99 11
133 97 26
133 98 27
133 99 11
134 97 24
134 98 25
134 99 11
135 99 11
136 99 11
137 99 11
138 99 11
139 99 11
140 99 11
141 99 11
142 99 11
143 99 11
144 99 11
145 99 11
146 99 11
147 99 11
148 99 11
149 99 11
150 91 8
150 92 8
150 93 8
150 99 11
151 93 8
151 99 11
152 93 8
152 99 11
153 91 28
153 92 29
153 93 8
153 99 11
154 91 30
154 92 31
154 93 8
154 99 11
155 91 30
155 92 31
155 93 8
155 99 11
156 91 30
156 92 31
156 93 8
156 99 11
157 87 17
157 88 19
157 89 19
157 90 19
157 91 8
157 92 8
157 93 22
157 94 22
157 95 20
157 99 11
158 87 16
158 88 18
158 89 18
158 90 18
158 91 8
158 92 8
158 93 23
158 94 23
158 95 21
158 99 11
159 91 30
159 92 31
159 99 11
160 91 30
160 92 31
160 99 11
161 91 30
161 92 31
161 99 11
162 91 24
162 92 25
162 93 8
162 94 8
162 95 8
162 96 8
162 97 8
162 98 8
162 99 11
163 89 32
163 90 32
163 99 11
164 90 32
164 99 11
165 99 11
166 99 11
167 99 11
168 99 11
169 99 11
170 99 11
171 99 11
172 99 11
173 99 11
174 99 11
175 99 11
176 99 11
177 99 11
178 99 11
179 99 11
180 99 11
181 99 11
182 99 11
183 99 11
184 99 11
185 99 11
186 99 11
187 99 11
188 99 11
189 99 11
190 99 11
191 99 11
192 99 11
193 99 11
194 99 11
195 99 11
196 99 11
197 99 11
198 99 11
199 98 5
199 99 11
200 97 5
200 99 11
201 96 5
201 98 5
201 99 11
202 95 5
202 97 5
202 99 11
203 96 5
203 98 5
203 99 11
204 97 5
204 99 11
205 98 5
205 99 11
206 97 17
206 98 19
206 99 19
207 97 16
207 98 18
207 99 18
208 98 5
208 99 11
209 97 5
209 99 11
210 96 5
210 98 5
210 99 11
211 95 5
211 97 5
211 99 11
212 96 5
212 98 5
212 99 11
213 97 5
213 99 11
214 98 5
214 99 11
215 99 11
216 99 11
217 99 11
218 99 11
219 99 11
220 99 11
221 99 11
222 99 11
223 99 11
224 99 11
225 99 11
226 99 11
227 99 11
228 99 11
229 99 11
230 99 11
231 99 11
232 99 11
233 99 11
234 99 11
235 80 22
235 81 22
235 82 22
235 83 22
235 84 22
235 85 22
235 86 22
235 87 22
235 88 22
235 89 22
235 90 22
235 91 22
235 92 22
235 93 22
235 94 22
235 95 20
235 99 11
236 80 23
236 81 23
236 82 23
236 83 23
236 84 23
236 85 23
236 86 23
236 87 23
236 88 23
236 89 23
236 90 23
236 91 23
236 92 23
236 93 23
236 94 23
236 95 21
236 99 11
237 99 11
238 99 11
239 99 11
240 99 11
241 99 11
242 99 11
243 99 11
244 99 11
245 99 11
246 99 11
247 99 11
248 99 11
249 99 11
250 99 11
251 99 11
252 99 11
253 99 11
254 99 11
255 99 11
256 99 11
257 99 11
258 99 11
259 99 11
260 99 11
261 99 11
262 99 11
263 99 11
264 99 11
265 99 11
266 99 11
267 99 11
268 99 11
269 99 11
270 99 11
271 99 11
272 99 11
273 99 11
274 99 11
275 99 11
276 99 11
277 99 11
278 99 11
279 99 11
280 99 11
281 99 11
282 99 11
283 99 11
284 99 11
285 99 11
286 99 11
287 99 11
288 99 11
289 99 11
290 99 11
291 99 11
292 99 11
293 99 11
294 99 11
295 99 11
296 99 11
297 99 11
298 99 11
299 88 14
299 89 14
299 90 14
299 91 15
299 92 15
299 93 15
299 94 15
299 95 15
299 96 15
299 97 15
299 98 15
299 99 11
300 99 11
301 99 11
302 99 11
303 99 11
304 99 11
305 99 11
306 99 11
307 99 11
308 99 11
309 99 11
310 99 11
311 99 11
312 99 11
313 99 11
314 99 11
315 99 11
316 99 11
317 99 11
318 99 11
319 99 11
320 99 11
321 99 11
322 99 11
323 99 11
324 99 11
325 99 11
::TILES-> END
::BONUS-> BEGIN
4 76 15
4 77 15
4 78 15
4 79 15
4 80 15
4 81 15
4 82 15
4 83 15
4 84 15
4 85 15
4 86 15
4 87 15
4 88 15
4 89 15
4 90 15
4 91 15
4 92 15
4 93 15
4 94 15
4 95 15
4 96 15
4 97 15
4 98 15
20 95 16
21 95 1
22 95 1
23 95 1
24 95 1
25 95 1
26 95 1
27 95 1
28 95 1
29 95 1
30 95 1
31 95 1
32 95 1
33 95 1
34 95 1
35 95 2
38 91 1
39 91 1
40 96 1
41 83 16
41 87 1
41 92 1
41 96 1
42 87 1
42 92 1
45 94 1
46 90 1
46 94 1
47 90 1
50 96 1
51 92 1
51 96 1
52 92 1
55 92 1
56 92 1
57 94 1
58 94 1
92 96 1
93 96 1
94 96 1
95 96 1
96 96 1
97 96 1
98 96 1
102 96 1
103 96 1
104 96 1
105 96 1
106 96 1
107 96 1
108 96 1
109 96 1
160 95 16
179 95 1
180 95 1
181 95 1
182 95 1
183 91 1
183 95 1
184 91 1
184 95 1
185 91 1
185 95 1
186 91 1
186 95 1
187 95 1
188 95 1
189 95 1
190 95 1
191 95 1
192 95 1
193 95 1
194 95 1
195 95 1
::BONUS-> END
::COIN-> BEGIN
45 93
45 94
46 93
51 91
52 91
57 93
58 93
64 97
65 97
66 97
92 97
93 97
94 97
95 97
96 97
97 97
98 97
99 97
100 97
101 97
102 97
103 97
104 97
105 97
106 97
107 97
108 97
109 97
160 96
160 97
160 98
200 98
201 97
202 96
202 98
203 97
204 98
209 98
209 99
210 97
211 96
211 98
212 97
213 98
::COIN-> END
GOOMBA 31 94
GOOMBA 33 94
GOOMBA 35 94
TURTLEFLY 75 97
TURTLEFLY 79 97
SPINY 104 98
SPINY 106 98
SPINY 108 98
KILLERBLUME 110 95
BRETT 4800 3600
GOOMBA 154 90
TURTLEFLY 171 95
TURTLEFLY 173 96
KILLERBLUME 206 96
GOOMBA 296 98
GOOMBA 297 96
CANNON 299 88
CANNON 299 89
CANNON 299 90
CANNON 299 91
CANNON 299 92
CANNON 299 93
CANNON 299 94
CANNON 299 95
CANNON 299 96
CANNON 299 97
CANNON 299 98
RESTART data/levels/6/main
START 0 377 3884 0
EXIT 0 3633 3825 data/levels/6/1 0 0
START 1 5402 3883 2
EXIT 1 6307 3828 data/levels/6/main 2 3
START 2 6525 3650 2
EXIT 2 9430 3831 data/levels/6/main 3 3
START 3 6297 3403 4
EXIT 3 0 0 NONE -1 -1
START 4 0 0 0
EXIT 4 6110 3675 data/levels/7/main 0 1
BGCOLOR 2000030

CASTLE 40 3602 0 NONE 0
MUSIC groove3.mid
#if you want a big static background:
#BACKGROUND data/gfx/background/VH.jpg

