# Level for Mega Mario

TEXTURE data/gfx/tiles/ground/stone0.png
TEXTURE data/gfx/tiles/ground/stone1.png
TEXTURE data/gfx/tiles/ground/stone2.png
TEXTURE data/gfx/tiles/ground/stone5.png
TEXTURE data/gfx/tiles/ground/stone3.png
TEXTURE data/gfx/tiles/ground/stone4.png
TEXTURE data/gfx/tiles/ground/stone6.png
TEXTURE data/gfx/tiles/ground/bricks.png
TEXTURE data/gfx/tiles/ground/bricks2.png
TEXTURE data/gfx/tiles/ground/snowy.png
TEXTURE data/gfx/tiles/ground/grass.png
TEXTURE data/gfx/tiles/ground/sand.png
TEXTURE data/gfx/tiles/ground/metal.png
TEXTURE data/gfx/tiles/cannonset1.png
TEXTURE data/gfx/tiles/cannonset2.png
TEXTURE data/gfx/tiles/pipes/up/1.png
TEXTURE data/gfx/tiles/pipes/up/2.png
TEXTURE data/gfx/tiles/pipes/up/3.png
TEXTURE data/gfx/tiles/pipes/up/4.png
TEXTURE data/gfx/tiles/pipes/down/1.png
TEXTURE data/gfx/tiles/pipes/down/2.png
TEXTURE data/gfx/tiles/pipes/down/3.png
TEXTURE data/gfx/tiles/pipes/down/4.png
TEXTURE data/gfx/tiles/pipes/right/1.png
TEXTURE data/gfx/tiles/pipes/right/2.png
TEXTURE data/gfx/tiles/pipes/right/3.png
TEXTURE data/gfx/tiles/pipes/right/4.png
TEXTURE data/gfx/tiles/pipes/left/1.png
TEXTURE data/gfx/tiles/pipes/left/2.png
TEXTURE data/gfx/tiles/pipes/left/3.png
TEXTURE data/gfx/tiles/pipes/left/4.png
TEXTURE data/gfx/tiles/conveyorL.png
TEXTURE data/gfx/tiles/conveyorR.png
::TILES-> BEGIN
1 71 4
1 72 4
1 73 4
1 74 4
1 75 4
1 76 4
1 77 4
1 78 26
1 79 27
1 80 4
1 81 4
1 82 4
1 83 4
1 84 4
1 85 4
1 86 4
1 87 4
1 88 4
1 89 4
1 90 4
1 91 4
1 92 4
1 93 4
1 94 4
1 95 4
1 96 4
1 97 4
2 71 4
2 72 4
2 73 4
2 74 4
2 75 4
2 76 4
2 77 4
2 78 26
2 79 27
2 80 4
2 81 4
2 82 4
2 83 4
2 84 4
2 85 4
2 86 4
2 87 4
2 88 4
2 89 4
2 90 4
2 91 4
2 92 4
2 93 4
2 94 4
2 95 4
2 96 4
2 97 4
3 71 4
3 72 4
3 73 4
3 74 4
3 75 4
3 76 4
3 78 24
3 79 25
3 80 4
3 81 4
3 82 4
3 83 4
3 84 4
3 85 4
3 86 4
3 87 4
3 88 4
3 89 4
3 90 4
3 91 4
3 92 4
3 93 4
3 94 4
3 95 4
3 96 4
3 97 4
3 98 4
3 99 4
4 71 4
4 72 4
4 73 4
4 74 4
4 75 4
4 76 4
4 80 4
4 81 4
4 82 4
4 83 4
4 84 4
4 85 4
4 86 4
4 87 4
4 88 4
4 89 4
4 90 4
4 91 4
4 92 4
4 93 4
4 94 4
4 95 4
4 96 4
4 97 4
4 98 4
4 99 4
5 71 4
5 72 4
5 73 4
5 74 4
5 75 4
5 76 4
5 81 4
5 82 4
5 83 4
5 84 4
5 85 4
5 86 4
5 87 4
5 88 4
5 89 4
5 90 4
5 91 4
5 92 4
5 93 4
5 94 4
5 95 4
5 96 4
5 97 4
5 98 4
5 99 4
6 71 4
6 72 4
6 73 4
6 74 4
6 75 4
6 76 4
6 82 4
6 83 4
6 84 4
6 85 4
6 86 4
6 87 4
6 88 4
6 89 4
6 90 4
6 91 4
6 92 4
6 93 4
6 94 4
6 95 4
6 96 4
6 97 4
6 98 4
6 99 4
7 71 4
7 72 4
7 73 4
7 74 4
7 75 4
7 76 4
7 77 4
7 83 4
7 84 4
7 85 4
7 86 4
7 87 4
7 88 4
7 89 4
7 90 4
7 91 4
7 92 4
7 93 4
7 94 4
7 95 4
7 96 4
7 97 4
7 98 4
7 99 4
8 71 4
8 72 4
8 73 4
8 74 4
8 75 4
8 76 4
8 77 4
8 84 4
8 85 4
8 86 4
8 87 4
8 88 4
8 89 4
8 90 4
8 91 4
8 92 4
8 93 4
8 94 4
8 95 4
8 96 4
8 97 4
8 98 4
8 99 4
9 71 4
9 72 4
9 73 4
9 74 4
9 75 4
9 76 4
9 77 4
9 78 4
9 85 4
9 86 4
9 87 4
9 88 4
9 89 4
9 90 4
9 91 4
9 92 4
9 93 4
9 94 4
9 95 4
9 96 4
9 97 4
9 98 4
9 99 4
10 71 4
10 72 4
10 73 4
10 74 4
10 75 4
10 76 4
10 77 4
10 78 4
10 79 4
10 86 4
10 87 4
10 88 4
10 89 4
10 90 4
10 91 4
10 92 4
10 93 4
10 94 4
10 95 4
10 96 4
10 97 4
10 98 4
10 99 4
11 72 4
11 73 4
11 74 4
11 75 4
11 76 4
11 77 4
11 78 4
11 79 4
11 80 4
11 87 4
11 88 4
11 89 4
11 90 4
11 91 4
11 92 4
11 93 4
11 94 4
11 95 4
11 96 4
11 97 4
11 98 4
11 99 4
12 73 4
12 74 4
12 75 4
12 76 4
12 77 4
12 78 4
12 79 4
12 80 4
12 81 4
12 88 4
12 89 4
12 90 4
12 91 4
12 92 4
12 93 4
12 94 4
12 95 4
12 96 4
12 97 4
12 98 4
12 99 4
13 73 4
13 74 4
13 75 4
13 76 4
13 77 4
13 78 4
13 79 4
13 80 4
13 81 4
13 82 4
13 89 4
13 90 4
13 91 4
13 92 4
13 93 4
13 94 4
13 95 4
13 96 4
13 97 4
13 98 4
13 99 4
14 75 4
14 76 4
14 77 4
14 78 4
14 79 4
14 80 4
14 81 4
14 82 4
14 83 4
14 91 4
14 92 4
14 93 4
14 94 4
14 95 4
14 96 4
14 97 4
14 98 4
14 99 4
15 77 4
15 78 4
15 79 4
15 80 4
15 81 4
15 82 4
15 83 4
15 84 4
15 92 4
15 93 4
15 94 4
15 95 4
15 96 4
15 97 4
15 98 4
15 99 4
16 77 4
16 78 4
16 79 4
16 83 4
16 84 4
16 85 4
16 93 4
16 94 4
16 95 4
16 96 4
16 97 4
16 98 4
16 99 4
17 77 4
17 78 4
17 79 4
17 84 4
17 85 4
17 86 4
17 93 4
17 94 4
17 95 4
17 96 4
17 97 4
17 98 4
17 99 4
18 77 4
18 78 4
18 79 4
18 85 4
18 86 4
18 87 4
18 93 4
18 94 4
18 95 4
18 96 4
18 97 4
18 98 4
18 99 4
19 78 4
19 79 4
19 86 4
19 87 4
19 88 4
19 93 4
19 94 4
19 95 4
19 96 4
19 97 4
19 98 4
19 99 4
20 78 4
20 79 4
20 87 4
20 93 4
20 94 4
20 95 4
20 96 4
20 97 4
20 98 4
20 99 4
21 78 4
21 79 4
21 93 4
21 94 4
21 95 4
21 96 4
21 97 4
21 98 4
21 99 4
22 77 4
22 78 4
22 79 4
22 93 4
22 94 4
22 95 4
22 96 4
22 97 4
22 98 4
22 99 4
23 77 4
23 78 4
23 79 4
23 93 4
23 94 4
23 95 4
23 96 4
23 97 4
23 98 4
23 99 4
24 78 4
24 79 4
24 92 4
24 93 4
24 94 4
24 95 4
24 96 4
24 97 4
24 98 4
24 99 4
25 78 4
25 79 4
25 92 4
25 93 4
25 94 4
25 95 4
25 96 4
25 97 4
25 98 4
25 99 4
26 78 4
26 79 4
26 91 4
26 92 4
26 93 4
26 94 4
26 95 4
26 96 4
26 97 4
26 98 4
26 99 4
27 78 4
27 79 4
27 91 4
27 92 4
27 93 4
27 94 4
27 95 4
27 96 4
27 97 4
27 98 4
27 99 4
28 77 4
28 78 4
28 79 4
28 90 4
28 91 4
28 92 4
28 93 4
28 94 4
28 95 4
28 96 4
28 97 4
28 98 4
28 99 4
29 77 4
29 78 4
29 79 4
29 90 4
29 91 4
29 92 4
29 93 4
29 94 4
29 95 4
29 96 4
29 97 4
29 98 4
29 99 4
30 78 4
30 79 4
30 90 4
30 91 4
30 92 4
30 93 4
30 94 4
30 95 4
30 96 4
30 97 4
30 98 4
30 99 4
31 78 4
31 79 4
31 90 4
31 91 4
31 92 4
31 93 4
31 94 4
31 95 4
31 96 4
31 97 4
31 98 4
31 99 4
32 78 4
32 79 4
32 90 4
32 91 4
32 92 4
32 93 4
32 94 4
32 95 4
32 96 4
32 97 4
32 98 4
32 99 4
33 77 4
33 78 4
33 79 4
33 90 4
33 91 4
33 92 4
33 93 4
33 94 4
33 95 4
33 96 4
33 97 4
33 98 4
33 99 4
34 77 4
34 78 4
34 79 4
34 90 4
34 91 4
34 92 4
34 93 4
34 94 4
34 95 4
34 96 4
34 97 4
34 98 4
34 99 4
35 77 4
35 78 4
35 79 4
35 90 4
35 91 4
35 92 4
35 93 4
35 94 4
35 95 4
35 96 4
35 97 4
35 98 4
35 99 4
36 78 4
36 79 4
36 90 4
36 91 4
36 92 4
36 93 4
36 94 4
36 95 4
36 96 4
36 97 4
36 98 4
36 99 4
37 78 4
37 79 4
37 90 4
37 91 4
37 92 4
37 93 4
37 94 4
37 95 4
37 96 4
37 97 4
37 98 4
37 99 4
38 78 4
38 79 4
38 90 4
38 91 4
38 92 4
38 93 4
38 94 4
38 95 4
38 96 4
38 97 4
38 98 4
38 99 4
39 78 4
39 79 4
39 90 4
39 91 4
39 92 4
39 93 4
39 94 4
39 95 4
39 96 4
39 97 4
39 98 4
39 99 4
40 77 4
40 78 4
40 79 4
40 90 4
40 91 4
40 92 4
40 93 4
40 94 4
40 95 4
40 96 4
40 97 4
40 98 4
40 99 4
41 77 4
41 78 4
41 79 4
41 90 4
41 91 4
41 92 4
41 93 4
41 94 4
41 95 4
41 96 4
41 97 4
41 98 4
41 99 4
42 78 4
42 79 4
42 91 4
42 92 4
42 93 4
42 94 4
42 95 4
42 96 4
42 97 4
42 98 4
42 99 4
43 78 4
43 79 4
43 91 4
43 92 4
43 93 4
43 94 4
43 95 4
43 96 4
43 97 4
43 98 4
43 99 4
44 78 4
44 79 4
44 91 4
44 92 4
44 93 4
44 94 4
44 95 4
44 96 4
44 97 4
44 98 4
44 99 4
45 78 4
45 79 4
45 91 4
45 92 4
45 93 4
45 94 4
45 95 4
45 96 4
45 97 4
45 98 4
45 99 4
46 78 4
46 79 4
46 91 4
46 92 4
46 93 4
46 94 4
46 95 4
46 96 4
46 97 4
46 98 4
46 99 4
47 77 4
47 78 4
47 79 4
47 91 4
47 92 4
47 93 4
47 94 4
47 95 4
47 96 4
47 97 4
47 98 4
47 99 4
48 58 4
48 59 4
48 60 4
48 61 4
48 62 4
48 63 4
48 64 4
48 65 4
48 66 4
48 67 4
48 68 4
48 69 4
48 70 4
48 71 4
48 72 4
48 73 4
48 74 4
48 75 4
48 76 4
48 77 4
48 78 4
48 79 4
48 87 2
48 92 4
48 93 4
48 94 4
48 95 4
48 96 4
48 97 4
48 98 4
48 99 4
49 58 4
49 59 4
49 60 4
49 61 4
49 62 4
49 63 4
49 64 4
49 65 4
49 66 4
49 67 4
49 68 4
49 69 4
49 70 4
49 71 4
49 72 4
49 73 4
49 74 4
49 75 4
49 76 4
49 77 4
49 78 4
49 79 4
49 92 4
49 93 4
49 94 4
49 95 4
49 96 4
49 97 4
49 98 4
49 99 4
50 59 4
50 60 4
50 61 4
50 62 4
50 63 4
50 64 4
50 65 4
50 66 4
50 67 4
50 68 4
50 69 4
50 70 4
50 71 4
50 72 4
50 73 4
50 74 4
50 75 4
50 76 4
50 77 4
50 78 4
50 79 4
50 92 4
50 93 4
50 94 4
50 95 2
50 96 4
50 97 4
50 98 4
50 99 4
51 60 4
51 61 4
51 62 4
51 63 4
51 64 4
51 65 4
51 66 4
51 67 4
51 68 4
51 69 4
51 70 4
51 71 4
51 72 4
51 73 4
51 74 4
51 75 4
51 76 4
51 77 4
51 78 4
51 79 4
51 80 4
51 92 4
51 93 4
51 94 4
51 95 4
51 96 4
51 97 4
51 98 4
51 99 4
52 62 4
52 63 4
52 64 4
52 65 4
52 66 4
52 67 4
52 68 4
52 69 4
52 70 4
52 71 4
52 72 4
52 73 4
52 74 4
52 75 4
52 76 4
52 77 4
52 78 4
52 79 4
52 80 4
52 81 4
52 92 4
52 93 4
52 94 4
52 95 4
52 96 4
52 97 4
52 98 4
52 99 4
53 63 4
53 64 4
53 65 4
53 66 4
53 67 4
53 68 4
53 69 4
53 70 4
53 71 4
53 72 4
53 73 4
53 74 4
53 75 4
53 76 4
53 77 4
53 78 4
53 79 4
53 80 4
53 81 4
53 82 4
53 92 4
53 93 4
53 94 4
53 95 4
53 96 4
53 97 4
53 98 4
53 99 4
54 64 4
54 65 4
54 66 4
54 67 4
54 68 4
54 69 4
54 70 4
54 71 4
54 72 4
54 73 4
54 74 4
54 75 4
54 76 4
54 77 4
54 78 4
54 79 4
54 80 4
54 81 4
54 82 4
54 83 4
54 93 4
54 94 4
54 95 4
54 96 4
54 97 4
54 98 4
54 99 4
55 65 4
55 66 4
55 67 4
55 68 4
55 69 4
55 70 4
55 71 4
55 72 4
55 73 4
55 74 4
55 75 4
55 76 4
55 77 4
55 78 4
55 79 4
55 80 4
55 81 4
55 82 4
55 83 4
55 84 4
55 93 4
55 94 4
55 95 4
55 96 4
55 97 4
55 98 4
55 99 4
56 66 4
56 67 4
56 68 4
56 69 4
56 70 4
56 71 4
56 72 4
56 73 4
56 74 4
56 75 4
56 76 4
56 77 4
56 78 4
56 79 4
56 80 4
56 81 4
56 82 4
56 83 4
56 84 4
56 85 4
56 93 4
56 94 4
56 95 4
56 96 4
56 97 4
56 98 4
56 99 4
57 67 4
57 68 4
57 69 4
57 70 4
57 71 4
57 72 4
57 73 4
57 74 4
57 75 4
57 76 4
57 77 4
57 78 4
57 79 4
57 80 4
57 81 4
57 82 4
57 83 4
57 84 4
57 85 4
57 86 4
57 93 4
57 94 4
57 95 4
57 96 4
57 97 4
57 98 4
57 99 4
58 68 4
58 69 4
58 70 4
58 71 4
58 72 4
58 73 4
58 74 4
58 75 4
58 76 4
58 77 4
58 78 4
58 79 4
58 80 4
58 81 4
58 82 4
58 83 4
58 84 4
58 85 4
58 86 4
58 87 4
58 93 4
58 94 4
58 95 4
58 96 4
58 97 4
58 98 4
58 99 4
59 68 4
59 69 4
59 70 4
59 71 4
59 72 4
59 73 4
59 74 4
59 75 4
59 76 4
59 77 4
59 78 4
59 79 4
59 80 4
59 81 4
59 82 4
59 83 4
59 84 4
59 85 4
59 86 4
59 87 4
59 93 2
59 94 4
59 95 4
59 96 4
59 97 4
59 98 4
59 99 4
60 68 4
60 69 4
60 70 4
60 71 4
60 72 4
60 73 4
60 74 4
60 75 4
60 76 4
60 77 4
60 78 4
60 79 4
60 80 4
60 81 4
60 82 4
60 83 4
60 84 4
60 85 4
60 86 4
60 87 4
60 94 4
60 95 4
60 96 4
60 97 4
60 98 4
60 99 4
61 62 4
61 63 4
61 64 4
61 65 4
61 66 4
61 67 4
61 68 4
61 69 4
61 70 4
61 71 4
61 72 4
61 73 4
61 74 4
61 75 4
61 76 4
61 77 4
61 78 4
61 79 4
61 80 4
61 81 4
61 82 4
61 83 4
61 84 4
61 85 4
61 86 4
61 87 4
61 94 4
61 95 4
61 96 4
61 97 4
61 98 4
61 99 4
62 65 4
62 66 4
62 67 4
62 68 4
62 69 4
62 70 4
62 71 4
62 72 4
62 73 4
62 74 4
62 75 4
62 76 4
62 77 4
62 78 4
62 79 4
62 80 4
62 81 4
62 82 4
62 83 4
62 84 4
62 85 4
62 86 4
62 87 4
62 94 4
62 95 4
62 96 4
62 97 4
62 98 4
62 99 4
63 68 4
63 69 4
63 70 4
63 71 4
63 72 4
63 73 4
63 74 4
63 75 4
63 76 4
63 77 4
63 78 4
63 79 4
63 80 4
63 81 4
63 82 4
63 83 4
63 84 4
63 85 4
63 86 4
63 87 4
63 95 4
63 96 4
63 97 4
63 98 4
63 99 4
64 68 4
64 69 4
64 70 4
64 71 4
64 72 4
64 73 4
64 74 4
64 75 4
64 76 4
64 77 4
64 78 4
64 79 4
64 80 4
64 81 4
64 82 4
64 83 4
64 84 4
64 85 4
64 86 4
64 87 4
64 95 4
64 96 4
64 97 4
64 98 4
64 99 4
65 68 4
65 69 4
65 70 4
65 71 4
65 72 4
65 73 4
65 74 4
65 75 4
65 76 4
65 77 4
65 78 4
65 79 4
65 80 4
65 81 4
65 82 4
65 83 4
65 84 4
65 85 4
65 86 4
65 87 4
65 95 4
65 96 4
65 97 4
65 98 4
65 99 4
66 68 4
66 69 4
66 70 4
66 71 4
66 72 4
66 73 4
66 74 4
66 75 4
66 76 4
66 77 4
66 78 4
66 79 4
66 80 4
66 81 4
66 82 4
66 83 4
66 84 4
66 85 4
66 86 4
66 87 4
66 95 4
66 96 4
66 97 4
66 98 4
66 99 4
67 68 4
67 69 4
67 70 4
67 71 4
67 72 4
67 73 4
67 74 4
67 75 4
67 76 4
67 77 4
67 78 4
67 79 4
67 80 4
67 81 4
67 82 4
67 83 4
67 84 4
67 85 4
67 86 4
67 87 4
67 95 4
67 96 4
67 97 4
67 98 4
67 99 4
68 68 4
68 69 4
68 70 4
68 71 4
68 72 4
68 73 4
68 74 4
68 75 4
68 76 4
68 77 4
68 78 4
68 79 4
68 80 4
68 81 4
68 82 4
68 83 4
68 84 4
68 85 4
68 86 4
68 87 4
68 95 4
68 96 4
68 97 4
68 98 4
68 99 4
69 68 4
69 69 4
69 70 4
69 71 4
69 72 4
69 73 4
69 74 4
69 75 4
69 76 4
69 77 4
69 78 4
69 79 4
69 80 4
69 81 4
69 82 4
69 83 4
69 84 4
69 85 4
69 86 4
69 87 4
69 95 4
69 96 4
69 97 4
69 98 4
69 99 4
70 68 4
70 69 4
70 70 4
70 71 4
70 72 4
70 73 4
70 74 4
70 75 4
70 76 4
70 77 4
70 78 4
70 79 4
70 80 4
70 81 4
70 82 4
70 83 4
70 84 4
70 85 4
70 86 4
70 87 4
70 95 4
70 96 4
70 97 4
70 98 4
70 99 4
71 68 4
71 69 4
71 70 4
71 71 4
71 72 4
71 73 4
71 74 4
71 75 4
71 76 4
71 77 4
71 78 4
71 79 4
71 80 4
71 81 4
71 82 4
71 83 4
71 84 4
71 85 4
71 86 4
71 87 4
71 96 2
71 97 4
71 98 4
71 99 4
72 68 4
72 69 4
72 70 4
72 71 4
72 72 4
72 73 4
72 74 4
72 75 4
72 76 4
72 77 4
72 78 4
72 79 4
72 80 4
72 81 4
72 82 4
72 83 4
72 84 4
72 85 4
72 86 4
72 87 4
72 95 4
72 96 4
72 97 4
72 98 4
72 99 4
73 68 4
73 69 4
73 70 4
73 71 4
73 72 4
73 73 4
73 74 4
73 75 4
73 76 4
73 77 4
73 78 4
73 79 4
73 80 4
73 81 4
73 82 4
73 83 4
73 84 4
73 85 4
73 86 4
73 87 4
73 95 4
73 96 4
73 97 4
73 98 4
73 99 4
74 68 4
74 69 4
74 70 4
74 71 4
74 72 4
74 73 4
74 74 4
74 75 4
74 76 4
74 77 4
74 78 4
74 79 4
74 80 4
74 81 4
74 82 4
74 83 4
74 84 4
74 85 4
74 86 4
74 87 4
74 94 4
74 95 4
74 96 4
74 97 4
74 98 4
74 99 4
75 68 4
75 69 4
75 70 4
75 71 4
75 72 4
75 73 4
75 74 4
75 75 4
75 76 4
75 77 4
75 78 4
75 79 4
75 80 4
75 81 4
75 82 4
75 83 4
75 84 4
75 94 4
75 95 4
75 96 4
75 97 4
75 98 4
75 99 4
76 68 4
76 69 4
76 70 4
76 71 4
76 72 4
76 73 4
76 74 4
76 75 4
76 76 4
76 77 4
76 78 4
76 79 4
76 80 4
76 81 4
76 82 4
76 83 4
76 84 4
76 94 4
76 95 4
76 96 4
76 97 4
76 98 4
76 99 4
77 68 4
77 69 4
77 70 4
77 71 4
77 72 4
77 73 4
77 74 4
77 75 4
77 76 4
77 77 4
77 78 4
77 79 4
77 80 4
77 81 4
77 82 4
77 83 4
77 84 4
77 87 4
77 93 4
77 94 4
77 95 4
77 96 4
77 97 4
77 98 4
77 99 4
78 68 4
78 69 4
78 70 4
78 71 4
78 72 4
78 73 4
78 74 4
78 75 4
78 76 4
78 77 4
78 78 4
78 79 4
78 80 4
78 81 4
78 82 4
78 83 4
78 84 4
78 87 4
78 93 4
78 94 4
78 95 4
78 96 4
78 97 4
78 98 4
78 99 4
79 68 4
79 69 4
79 70 4
79 71 4
79 72 4
79 73 4
79 74 4
79 75 4
79 76 4
79 77 4
79 78 4
79 79 4
79 80 4
79 81 4
79 82 4
79 83 4
79 84 4
79 87 4
79 93 4
79 94 4
79 95 4
79 96 4
79 97 4
79 98 4
79 99 4
80 68 4
80 69 4
80 70 4
80 71 4
80 72 4
80 73 4
80 74 4
80 75 4
80 76 4
80 77 4
80 78 4
80 79 4
80 80 4
80 81 4
80 82 4
80 83 4
80 84 4
80 87 4
80 92 4
80 93 4
80 94 4
80 95 4
80 96 4
80 97 4
80 98 4
80 99 4
81 68 4
81 69 4
81 70 4
81 71 4
81 72 4
81 73 4
81 74 4
81 75 4
81 76 4
81 77 4
81 78 4
81 79 4
81 80 4
81 81 4
81 82 4
81 83 4
81 84 4
81 87 4
81 92 4
81 93 2
81 94 4
81 95 4
81 96 4
81 97 4
81 98 4
81 99 4
82 68 4
82 69 4
82 70 4
82 71 4
82 72 4
82 73 4
82 74 4
82 75 4
82 76 4
82 77 4
82 78 4
82 79 4
82 80 4
82 81 4
82 82 4
82 83 4
82 84 4
82 87 4
82 92 4
82 93 4
82 94 4
82 95 4
82 96 4
82 97 4
82 98 4
82 99 4
83 68 4
83 69 4
83 70 4
83 71 4
83 72 4
83 73 4
83 74 4
83 75 4
83 76 4
83 77 4
83 78 4
83 79 4
83 80 4
83 81 4
83 82 4
83 83 4
83 84 4
83 87 4
83 92 4
83 93 4
83 94 4
83 95 4
83 96 4
83 97 4
83 98 4
83 99 4
84 68 4
84 69 4
84 70 4
84 71 4
84 72 4
84 73 4
84 74 4
84 75 4
84 76 4
84 77 4
84 78 4
84 79 4
84 80 4
84 81 4
84 82 4
84 83 4
84 84 4
84 87 4
84 92 4
84 93 4
84 94 4
84 95 4
84 96 4
84 97 4
84 98 4
84 99 4
85 68 4
85 69 4
85 70 4
85 71 4
85 72 4
85 73 4
85 74 4
85 75 4
85 76 4
85 77 4
85 78 4
85 79 4
85 80 4
85 81 4
85 82 4
85 83 4
85 84 4
85 87 4
85 92 4
85 93 4
85 94 4
85 95 4
85 96 4
85 97 4
85 98 4
85 99 4
86 68 4
86 69 4
86 70 4
86 71 4
86 72 4
86 73 4
86 74 4
86 75 4
86 76 4
86 77 4
86 78 4
86 79 4
86 80 4
86 81 4
86 82 4
86 83 4
86 84 4
86 87 4
86 92 4
86 93 4
86 94 4
86 95 4
86 96 4
86 97 4
86 98 4
86 99 4
87 68 4
87 69 4
87 70 4
87 71 4
87 72 4
87 73 4
87 74 4
87 75 4
87 76 4
87 77 4
87 78 4
87 79 4
87 80 4
87 81 4
87 82 4
87 83 4
87 84 4
87 87 4
87 92 4
87 93 4
87 94 4
87 95 4
87 96 4
87 97 4
87 98 4
87 99 4
88 68 4
88 69 4
88 70 4
88 71 4
88 72 4
88 73 4
88 74 4
88 75 4
88 76 4
88 77 4
88 78 4
88 79 4
88 80 4
88 81 4
88 82 4
88 83 4
88 84 4
88 87 4
88 92 4
88 93 4
88 94 4
88 95 4
88 96 4
88 97 4
88 98 4
88 99 4
89 68 4
89 69 4
89 70 4
89 71 4
89 72 4
89 73 4
89 74 4
89 75 4
89 76 4
89 77 4
89 78 4
89 79 4
89 80 4
89 81 4
89 82 4
89 83 4
89 84 4
89 87 4
89 91 14
89 92 15
89 93 4
89 94 4
89 95 4
89 96 4
89 97 4
89 98 4
89 99 4
90 68 4
90 69 4
90 70 4
90 71 4
90 72 4
90 73 4
90 74 4
90 75 4
90 76 4
90 77 4
90 78 4
90 79 4
90 80 4
90 81 4
90 82 4
90 83 4
90 84 4
90 87 4
90 92 4
90 93 4
90 94 4
90 95 4
90 96 4
90 97 4
90 98 4
90 99 4
91 68 4
91 69 4
91 70 4
91 71 4
91 72 4
91 73 4
91 74 4
91 75 4
91 76 4
91 77 4
91 78 4
91 79 4
91 80 4
91 81 4
91 82 4
91 83 4
91 84 4
91 87 4
91 92 4
91 93 4
91 94 2
91 95 4
91 96 4
91 97 4
91 98 4
91 99 4
92 68 4
92 69 4
92 70 4
92 71 4
92 72 4
92 73 4
92 74 4
92 75 4
92 76 4
92 77 4
92 78 4
92 79 4
92 80 4
92 81 4
92 82 4
92 83 4
92 84 4
92 87 4
92 93 4
92 94 4
92 95 4
92 96 4
92 97 4
92 98 4
92 99 4
93 68 4
93 69 4
93 70 4
93 71 4
93 72 4
93 73 4
93 74 4
93 75 4
93 76 4
93 77 4
93 78 4
93 79 4
93 80 4
93 81 4
93 82 4
93 83 4
93 84 4
93 87 4
93 93 4
93 94 4
93 95 4
93 96 4
93 97 4
93 98 4
93 99 4
94 68 4
94 69 4
94 70 4
94 71 4
94 72 4
94 73 4
94 74 4
94 75 4
94 76 4
94 77 4
94 78 4
94 79 4
94 80 4
94 81 4
94 82 4
94 83 4
94 84 4
94 87 4
94 93 4
94 94 4
94 95 4
94 96 4
94 97 4
94 98 4
94 99 4
95 68 4
95 69 4
95 70 4
95 71 4
95 72 4
95 73 4
95 74 4
95 75 4
95 76 4
95 77 4
95 78 4
95 79 4
95 80 4
95 81 4
95 82 4
95 83 4
95 84 4
95 87 4
95 94 4
95 95 4
95 96 4
95 97 4
95 98 4
95 99 4
96 68 4
96 69 4
96 70 4
96 71 4
96 72 4
96 73 4
96 74 4
96 75 4
96 76 4
96 77 4
96 78 4
96 79 4
96 80 4
96 81 4
96 82 4
96 83 4
96 84 4
96 87 4
96 90 2
96 94 4
96 95 4
96 96 4
96 97 4
96 98 4
96 99 4
97 68 4
97 69 4
97 70 4
97 71 4
97 72 4
97 73 4
97 74 4
97 75 4
97 76 4
97 77 4
97 78 4
97 79 4
97 80 4
97 81 4
97 82 4
97 83 4
97 84 4
97 87 4
97 94 4
97 95 4
97 96 4
97 97 4
97 98 4
97 99 4
98 68 4
98 69 4
98 70 4
98 71 4
98 72 4
98 73 4
98 74 4
98 75 4
98 76 4
98 77 4
98 78 4
98 79 4
98 80 4
98 81 4
98 82 4
98 83 4
98 84 4
98 87 4
98 95 4
98 96 4
98 97 4
98 98 4
98 99 4
99 68 4
99 69 4
99 70 4
99 71 4
99 72 4
99 73 4
99 74 4
99 75 4
99 76 4
99 77 4
99 78 4
99 79 4
99 80 4
99 81 4
99 82 4
99 83 4
99 84 4
99 87 4
99 95 4
99 96 4
99 97 4
99 98 4
99 99 4
100 68 4
100 69 4
100 70 4
100 71 4
100 72 4
100 73 4
100 74 4
100 75 4
100 76 4
100 77 4
100 78 4
100 79 4
100 80 4
100 81 4
100 82 4
100 83 4
100 84 4
100 87 4
100 95 4
100 96 4
100 97 4
100 98 4
100 99 4
101 68 4
101 69 4
101 70 4
101 71 4
101 72 4
101 73 4
101 74 4
101 75 4
101 76 4
101 77 4
101 78 4
101 79 4
101 80 4
101 81 4
101 82 4
101 83 4
101 84 4
101 87 4
101 96 4
101 97 4
101 98 4
101 99 4
102 68 4
102 69 4
102 70 4
102 71 4
102 72 4
102 73 4
102 74 4
102 75 4
102 76 4
102 77 4
102 78 4
102 79 4
102 80 4
102 81 4
102 82 4
102 83 4
102 84 4
102 87 4
102 96 4
102 97 4
102 98 4
102 99 4
103 68 4
103 69 4
103 70 4
103 71 4
103 72 4
103 73 4
103 74 4
103 75 4
103 76 4
103 77 4
103 78 4
103 79 4
103 80 4
103 81 4
103 82 4
103 83 4
103 84 4
103 87 4
103 96 4
103 97 2
103 98 4
103 99 4
104 68 4
104 69 4
104 70 4
104 71 4
104 72 4
104 73 4
104 74 4
104 75 4
104 76 4
104 77 4
104 78 4
104 79 4
104 80 4
104 81 4
104 82 4
104 83 4
104 84 4
104 87 4
104 95 4
104 96 4
104 97 4
104 98 4
104 99 4
105 68 4
105 69 4
105 70 4
105 71 4
105 72 4
105 73 4
105 74 4
105 75 4
105 76 4
105 77 4
105 78 4
105 79 4
105 80 4
105 81 4
105 82 4
105 83 4
105 84 4
105 87 4
105 95 4
105 96 4
105 97 4
105 98 4
105 99 4
106 68 4
106 69 4
106 70 4
106 71 4
106 72 4
106 73 4
106 74 4
106 75 4
106 76 4
106 77 4
106 78 4
106 79 4
106 80 4
106 81 4
106 82 4
106 83 4
106 84 4
106 87 4
106 94 4
106 95 4
106 96 4
106 97 4
106 98 4
106 99 4
107 68 4
107 69 4
107 70 4
107 71 4
107 72 4
107 73 4
107 74 4
107 75 4
107 76 4
107 77 4
107 78 4
107 79 4
107 80 4
107 81 4
107 82 4
107 83 4
107 84 4
107 87 4
107 94 4
107 95 4
107 96 4
107 97 4
107 98 4
107 99 4
108 68 4
108 69 4
108 70 4
108 71 4
108 72 4
108 73 4
108 74 4
108 75 4
108 76 4
108 77 4
108 78 4
108 79 4
108 80 4
108 81 4
108 82 4
108 83 4
108 84 4
108 87 4
108 94 4
108 95 4
108 96 4
108 97 4
108 98 4
108 99 4
109 68 4
109 69 4
109 70 4
109 71 4
109 72 4
109 73 4
109 74 4
109 75 4
109 76 4
109 77 4
109 78 4
109 79 4
109 80 4
109 81 4
109 82 4
109 83 4
109 84 4
109 87 4
109 94 4
109 95 4
109 96 4
109 97 4
109 98 4
109 99 4
110 68 4
110 69 4
110 70 4
110 71 4
110 72 4
110 73 4
110 74 4
110 75 4
110 76 4
110 77 4
110 78 4
110 79 4
110 80 4
110 81 4
110 82 4
110 83 4
110 84 4
110 87 4
110 93 4
110 94 4
110 95 4
110 96 4
110 97 4
110 98 4
110 99 4
111 68 4
111 69 4
111 70 4
111 71 4
111 72 4
111 73 4
111 74 4
111 75 4
111 76 4
111 77 4
111 78 4
111 79 4
111 80 4
111 81 4
111 82 4
111 83 4
111 84 4
111 87 4
111 93 4
111 94 4
111 95 4
111 96 4
111 97 4
111 98 4
111 99 4
112 68 4
112 69 4
112 70 4
112 71 4
112 72 4
112 73 4
112 74 4
112 75 4
112 76 4
112 77 4
112 78 4
112 79 4
112 80 4
112 81 4
112 82 4
112 83 4
112 84 4
112 87 4
112 93 4
112 94 4
112 95 4
112 96 4
112 97 4
112 98 4
112 99 4
113 68 4
113 69 4
113 70 4
113 71 4
113 72 4
113 73 4
113 74 4
113 75 4
113 76 4
113 77 4
113 78 4
113 79 4
113 80 4
113 81 4
113 82 4
113 83 4
113 84 4
113 87 4
113 92 4
113 93 4
113 94 4
113 95 4
113 96 4
113 97 4
113 98 4
113 99 4
114 68 4
114 69 4
114 70 4
114 71 4
114 72 4
114 73 4
114 74 4
114 75 4
114 76 4
114 77 4
114 78 4
114 79 4
114 80 4
114 81 4
114 82 4
114 83 4
114 84 4
114 87 4
114 92 4
114 93 4
114 94 4
114 95 4
114 96 4
114 97 4
114 98 4
114 99 4
115 68 4
115 69 4
115 70 4
115 71 4
115 72 4
115 73 4
115 74 4
115 75 4
115 76 4
115 77 4
115 78 4
115 79 4
115 80 4
115 81 4
115 82 4
115 83 4
115 84 4
115 92 4
115 93 4
115 94 4
115 95 4
115 96 4
115 97 4
115 98 4
115 99 4
116 68 4
116 69 4
116 70 4
116 71 4
116 72 4
116 73 4
116 74 4
116 75 4
116 76 4
116 77 4
116 78 4
116 79 4
116 80 4
116 81 4
116 82 4
116 83 4
116 84 4
116 92 4
116 93 4
116 94 4
116 95 4
116 96 4
116 97 4
116 98 4
116 99 4
117 68 4
117 69 4
117 70 4
117 71 4
117 72 4
117 73 4
117 74 4
117 75 4
117 76 4
117 77 4
117 78 4
117 79 4
117 80 4
117 81 4
117 82 4
117 83 4
117 84 4
117 85 4
117 92 4
117 93 4
117 94 4
117 95 4
117 96 4
117 97 4
117 98 4
117 99 4
118 68 4
118 69 4
118 70 4
118 71 4
118 72 4
118 73 4
118 74 4
118 75 4
118 76 4
118 77 4
118 78 4
118 79 4
118 80 4
118 81 4
118 82 4
118 83 4
118 84 4
118 85 4
118 92 4
118 93 4
118 94 4
118 95 4
118 96 4
118 97 4
118 98 4
118 99 4
119 68 4
119 69 4
119 70 4
119 71 4
119 72 4
119 73 4
119 74 4
119 75 4
119 76 4
119 77 4
119 78 4
119 79 4
119 80 4
119 81 4
119 82 4
119 83 4
119 84 4
119 85 4
119 90 14
119 91 15
119 92 4
119 93 4
119 94 4
119 95 4
119 96 4
119 97 4
119 98 4
119 99 4
120 68 4
120 69 4
120 70 4
120 71 4
120 72 4
120 73 4
120 74 4
120 75 4
120 76 4
120 77 4
120 78 4
120 79 4
120 80 4
120 81 4
120 82 4
120 83 4
120 84 4
120 85 4
120 91 4
120 92 4
120 93 4
120 94 4
120 95 4
120 96 4
120 97 4
120 98 4
120 99 4
121 68 4
121 69 4
121 70 4
121 71 4
121 72 4
121 73 4
121 74 4
121 75 4
121 76 4
121 77 4
121 78 4
121 79 4
121 80 4
121 81 4
121 82 4
121 83 4
121 84 4
121 85 4
121 91 4
121 92 4
121 93 4
121 94 4
121 95 4
121 96 4
121 97 4
121 98 4
121 99 4
122 68 4
122 69 4
122 70 4
122 71 4
122 72 4
122 73 4
122 74 4
122 75 4
122 76 4
122 77 4
122 78 4
122 79 4
122 80 4
122 81 4
122 82 4
122 83 4
122 84 4
122 85 4
122 91 4
122 92 4
122 93 4
122 94 4
122 95 4
122 96 4
122 97 4
122 98 4
122 99 4
123 68 4
123 69 4
123 70 4
123 71 4
123 72 4
123 73 4
123 74 4
123 75 4
123 76 4
123 77 4
123 78 4
123 79 4
123 80 4
123 81 4
123 82 4
123 83 4
123 84 4
123 85 4
123 91 4
123 92 4
123 93 4
123 94 4
123 95 4
123 96 4
123 97 4
123 98 4
123 99 4
124 68 4
124 69 4
124 70 4
124 71 4
124 72 4
124 73 4
124 74 4
124 75 4
124 76 4
124 77 4
124 78 4
124 79 4
124 80 4
124 81 4
124 82 4
124 83 4
124 84 4
124 85 4
124 91 4
124 92 4
124 93 4
124 94 4
124 95 4
124 96 4
124 97 4
124 98 4
124 99 4
125 68 4
125 69 4
125 70 4
125 71 4
125 72 4
125 73 4
125 74 4
125 75 4
125 76 4
125 77 4
125 78 4
125 79 4
125 80 4
125 81 4
125 82 4
125 83 4
125 84 4
125 85 4
125 91 4
125 92 4
125 93 4
125 94 4
125 95 4
125 96 4
125 97 4
125 98 4
125 99 4
126 68 4
126 69 4
126 70 4
126 71 4
126 72 4
126 73 4
126 74 4
126 75 4
126 76 4
126 77 4
126 78 4
126 79 4
126 80 4
126 81 4
126 82 4
126 83 4
126 84 4
126 85 4
126 90 14
126 91 4
126 92 4
126 93 4
126 94 4
126 95 4
126 96 4
126 97 4
126 98 4
126 99 4
127 68 4
127 69 4
127 70 4
127 71 4
127 72 4
127 73 4
127 74 4
127 75 4
127 76 4
127 77 4
127 78 4
127 79 4
127 80 4
127 81 4
127 82 4
127 83 4
127 84 4
127 85 4
127 92 4
127 93 4
127 94 4
127 95 4
127 96 4
127 97 4
127 98 4
127 99 4
128 68 4
128 69 4
128 70 4
128 71 4
128 72 4
128 73 4
128 74 4
128 75 4
128 76 4
128 77 4
128 78 4
128 79 4
128 80 4
128 81 4
128 82 4
128 83 4
128 84 4
128 92 4
128 93 4
128 94 4
128 95 4
128 96 4
128 97 4
128 98 4
128 99 4
129 68 4
129 69 4
129 70 4
129 71 4
129 72 4
129 73 4
129 74 4
129 75 4
129 76 4
129 77 4
129 78 4
129 79 4
129 80 4
129 81 4
129 82 4
129 83 4
129 84 4
129 93 4
129 94 4
129 95 4
129 96 4
129 97 4
129 98 4
129 99 4
130 68 4
130 69 4
130 70 4
130 71 4
130 72 4
130 73 4
130 74 4
130 75 4
130 76 4
130 77 4
130 78 4
130 79 4
130 80 4
130 81 4
130 82 4
130 83 4
130 84 4
130 85 4
130 93 14
130 94 4
130 95 4
130 96 4
130 97 4
130 98 4
130 99 4
131 68 4
131 69 4
131 70 4
131 71 4
131 72 4
131 73 4
131 74 4
131 75 4
131 76 4
131 77 4
131 78 4
131 79 4
131 80 4
131 81 4
131 82 4
131 83 4
131 84 4
131 85 4
131 86 4
131 94 4
131 95 4
131 96 4
131 97 4
131 98 4
131 99 4
132 68 4
132 69 4
132 70 4
132 71 4
132 72 4
132 73 4
132 74 4
132 75 4
132 76 4
132 77 4
132 78 4
132 79 4
132 80 4
132 81 4
132 82 4
132 83 4
132 84 4
132 85 4
132 86 4
132 94 4
132 95 4
132 96 4
132 97 4
132 98 4
132 99 4
133 68 4
133 69 4
133 70 4
133 71 4
133 72 4
133 73 4
133 74 4
133 75 4
133 76 4
133 77 4
133 78 4
133 79 4
133 80 4
133 81 4
133 82 4
133 83 4
133 84 4
133 85 4
133 86 4
133 87 4
133 94 4
133 95 4
133 96 4
133 97 4
133 98 4
133 99 4
134 68 4
134 69 4
134 70 4
134 71 4
134 72 4
134 73 4
134 74 4
134 75 4
134 76 4
134 77 4
134 78 4
134 79 4
134 80 4
134 81 4
134 82 4
134 83 4
134 84 4
134 85 4
134 86 4
134 87 4
134 94 14
134 95 4
134 96 4
134 97 4
134 98 4
134 99 4
135 68 4
135 69 4
135 70 4
135 71 4
135 72 4
135 73 4
135 74 4
135 75 4
135 76 4
135 77 4
135 78 4
135 79 4
135 80 4
135 81 4
135 82 4
135 83 4
135 84 4
135 85 4
135 86 4
135 87 4
135 95 4
135 96 4
135 97 4
135 98 4
135 99 4
136 68 4
136 69 4
136 70 4
136 71 4
136 72 4
136 73 4
136 74 4
136 75 4
136 76 4
136 77 4
136 78 4
136 79 4
136 80 4
136 81 4
136 82 4
136 83 4
136 84 4
136 85 4
136 86 4
136 87 4
136 95 4
136 96 4
136 97 4
136 98 4
136 99 4
137 68 4
137 69 4
137 70 4
137 71 4
137 72 4
137 73 4
137 74 4
137 75 4
137 76 4
137 77 4
137 78 4
137 79 4
137 80 4
137 81 4
137 82 4
137 83 4
137 84 4
137 85 4
137 86 4
137 87 4
137 95 14
137 96 4
137 97 4
137 98 4
137 99 4
138 68 4
138 69 4
138 70 4
138 71 4
138 72 4
138 73 4
138 74 4
138 75 4
138 76 4
138 77 4
138 78 4
138 79 4
138 80 4
138 81 4
138 82 4
138 83 4
138 84 4
138 85 4
138 86 4
138 87 4
138 96 4
138 97 4
138 98 4
138 99 4
139 68 4
139 69 4
139 70 4
139 71 4
139 72 4
139 73 4
139 74 4
139 75 4
139 76 4
139 77 4
139 78 4
139 79 4
139 80 4
139 81 4
139 82 4
139 83 4
139 84 4
139 85 4
139 86 4
139 87 4
139 96 4
139 97 4
139 98 4
139 99 4
140 68 4
140 69 4
140 70 4
140 71 4
140 72 4
140 73 4
140 74 4
140 75 4
140 76 4
140 77 4
140 78 4
140 79 4
140 80 4
140 81 4
140 82 4
140 83 4
140 84 4
140 85 4
140 86 4
140 87 4
140 96 4
140 97 4
140 98 4
140 99 4
141 68 4
141 69 4
141 70 4
141 71 4
141 72 4
141 73 4
141 74 4
141 75 4
141 76 4
141 77 4
141 78 4
141 79 4
141 80 4
141 81 4
141 82 4
141 83 4
141 84 4
141 85 4
141 86 4
141 87 4
141 96 4
141 97 4
141 98 4
141 99 4
142 68 4
142 69 4
142 70 4
142 71 4
142 72 4
142 73 4
142 74 4
142 75 4
142 76 4
142 77 4
142 78 4
142 79 4
142 80 4
142 81 4
142 82 4
142 83 4
142 84 4
142 85 4
142 86 4
142 87 4
142 96 13
142 97 13
142 98 13
142 99 13
143 68 4
143 69 4
143 70 4
143 71 4
143 72 4
143 73 4
143 74 4
143 75 4
143 76 4
143 77 4
143 78 4
143 79 4
143 80 4
143 81 4
143 82 4
143 83 4
143 84 4
143 85 4
143 86 4
143 87 4
143 96 13
143 97 13
143 98 13
143 99 13
144 68 4
144 69 4
144 70 4
144 71 4
144 72 4
144 73 4
144 74 4
144 75 4
144 76 4
144 77 4
144 78 4
144 79 4
144 80 4
144 81 4
144 82 4
144 83 4
144 84 4
144 85 4
144 86 4
144 87 4
144 96 13
144 97 13
144 98 13
144 99 13
145 68 4
145 69 4
145 70 4
145 71 4
145 72 4
145 73 4
145 74 4
145 75 4
145 76 4
145 77 4
145 78 4
145 79 4
145 80 4
145 81 4
145 82 4
145 83 4
145 84 4
145 85 4
145 86 4
145 87 4
145 96 13
145 97 13
145 98 13
145 99 13
146 68 4
146 69 4
146 70 4
146 71 4
146 72 4
146 73 4
146 74 4
146 75 4
146 76 4
146 77 4
146 78 4
146 79 4
146 80 4
146 81 4
146 82 4
146 83 4
146 84 4
146 85 4
146 86 4
146 87 4
146 96 13
146 98 13
146 99 13
147 73 13
147 74 13
147 75 13
147 76 13
147 77 13
147 78 13
147 79 13
147 80 13
147 81 13
147 82 13
147 83 13
147 84 13
147 85 13
147 86 13
147 87 13
147 88 13
147 89 13
147 90 13
147 91 13
147 92 13
147 96 13
147 97 13
147 98 13
147 99 13
148 73 13
148 74 13
148 75 13
148 76 13
148 77 13
148 78 13
148 79 13
148 80 13
148 81 13
148 82 13
148 83 13
148 84 13
148 85 13
148 86 13
148 87 13
148 88 13
148 89 13
148 90 13
148 91 13
148 92 13
148 96 13
148 97 13
148 98 13
148 99 13
149 73 13
149 74 13
149 75 13
149 76 13
149 77 13
149 78 13
149 79 13
149 80 13
149 81 13
149 82 13
149 83 13
149 84 13
149 85 13
149 86 13
149 87 13
149 89 13
149 91 13
149 92 13
149 96 13
149 97 13
149 98 13
150 73 13
150 74 13
150 75 13
150 76 13
150 77 13
150 78 13
150 79 13
150 80 13
150 81 13
150 82 13
150 83 13
150 84 13
150 85 13
150 86 13
150 87 13
150 88 13
150 89 13
150 90 13
150 91 13
150 92 13
150 96 13
150 97 13
150 98 13
150 99 13
151 73 13
151 74 13
151 75 13
151 76 13
151 77 13
151 78 13
151 79 13
151 80 13
151 81 13
151 82 13
151 83 13
151 84 13
151 85 13
151 86 13
151 87 13
151 88 13
151 89 13
151 90 13
151 91 13
151 92 13
151 97 13
151 98 13
151 99 13
152 73 13
152 74 13
152 75 13
152 76 13
152 77 13
152 78 13
152 79 13
152 80 13
152 81 13
152 82 13
152 83 13
152 84 13
152 85 13
152 86 13
152 87 13
152 88 13
152 89 13
152 90 13
152 91 13
152 92 13
152 96 13
152 97 13
152 98 13
152 99 13
153 73 13
153 74 13
153 75 13
153 76 13
153 77 13
153 78 13
153 79 13
153 80 13
153 81 13
153 82 13
153 83 13
153 84 13
153 85 13
153 86 13
153 87 13
153 88 13
153 89 13
153 90 13
153 92 13
153 96 13
153 97 13
153 98 13
154 73 13
154 74 13
154 75 13
154 76 13
154 77 13
154 78 13
154 79 13
154 80 13
154 81 13
154 82 13
154 83 13
154 84 13
154 85 13
154 86 13
154 87 13
154 88 13
154 89 13
154 90 13
154 91 13
154 92 13
154 96 13
154 97 13
154 98 13
154 99 13
155 73 13
155 74 13
155 75 13
155 76 13
155 77 13
155 78 13
155 79 13
155 80 13
155 81 13
155 82 13
155 83 13
155 84 13
155 85 13
155 86 13
155 88 13
155 89 13
155 90 13
155 91 13
155 92 13
155 96 13
155 97 13
155 98 13
155 99 13
156 73 13
156 74 13
156 75 13
156 76 13
156 77 13
156 78 13
156 79 13
156 80 13
156 81 13
156 82 13
156 83 13
156 84 13
156 85 13
156 86 13
156 87 13
156 88 13
156 89 13
156 90 13
156 92 13
156 96 13
156 97 13
156 98 13
156 99 13
157 73 13
157 74 13
157 75 13
157 76 13
157 77 13
157 78 13
157 79 13
157 80 13
157 81 13
157 82 13
157 83 13
157 84 13
157 85 13
157 86 13
157 87 13
157 88 13
157 89 13
157 90 13
157 91 13
157 92 13
157 96 13
157 97 13
157 98 13
157 99 13
158 73 13
158 74 13
158 75 13
158 76 13
158 77 13
158 78 13
158 79 13
158 80 13
158 81 13
158 82 13
158 83 13
158 84 13
158 85 13
158 86 13
158 87 13
158 88 13
158 89 13
158 90 13
158 91 13
158 92 13
158 96 13
158 98 13
158 99 13
159 73 13
159 74 13
159 75 13
159 76 13
159 77 13
159 78 13
159 79 13
159 80 13
159 81 13
159 82 13
159 83 13
159 84 13
159 85 13
159 86 13
159 87 13
159 88 13
159 90 13
159 91 13
159 92 13
159 96 13
159 97 13
159 98 13
160 73 13
160 74 13
160 75 13
160 76 13
160 77 13
160 78 13
160 79 13
160 80 13
160 81 13
160 82 13
160 83 13
160 84 13
160 85 13
160 86 13
160 87 13
160 88 13
160 89 13
160 90 13
160 91 13
160 92 13
160 96 13
160 97 13
160 98 13
160 99 13
161 73 13
161 74 13
161 75 13
161 76 13
161 77 13
161 78 13
161 79 13
161 80 13
161 81 13
161 82 13
161 83 13
161 84 13
161 85 13
161 86 13
161 87 13
161 88 13
161 89 13
161 90 13
161 91 13
161 92 13
161 96 13
161 97 13
161 98 13
161 99 13
162 73 13
162 74 13
162 75 13
162 76 13
162 77 13
162 78 13
162 79 13
162 80 13
162 81 13
162 82 13
162 83 13
162 84 13
162 85 13
162 86 13
162 87 13
162 88 13
162 89 13
162 90 13
162 91 13
162 92 13
162 96 13
162 97 13
162 98 13
162 99 13
163 73 13
163 74 13
163 75 13
163 76 13
163 77 13
163 78 13
163 79 13
163 80 13
163 81 13
163 82 13
163 83 13
163 84 13
163 85 13
163 86 13
163 87 13
163 88 13
163 90 13
163 91 13
163 96 13
163 97 13
163 98 13
163 99 13
164 73 13
164 74 13
164 75 13
164 76 13
164 77 13
164 78 13
164 79 13
164 80 13
164 81 13
164 82 13
164 83 13
164 84 13
164 85 13
164 86 13
164 87 13
164 88 13
164 89 13
164 90 13
164 91 13
164 92 13
164 96 13
164 97 13
164 99 13
165 73 13
165 74 13
165 75 13
165 76 13
165 77 13
165 78 13
165 79 13
165 80 13
165 81 13
165 82 13
165 83 13
165 84 13
165 85 13
165 86 13
165 87 13
165 88 13
165 89 13
165 90 13
165 91 13
165 92 13
165 96 13
165 97 13
165 98 13
165 99 13
166 73 13
166 74 13
166 75 13
166 76 13
166 77 13
166 78 13
166 79 13
166 80 13
166 81 13
166 82 13
166 83 13
166 84 13
166 85 13
166 86 13
166 87 13
166 89 13
166 90 13
166 91 13
166 92 13
166 96 13
166 97 13
166 98 13
166 99 13
167 73 13
167 74 13
167 75 13
167 76 13
167 77 13
167 78 13
167 79 13
167 80 13
167 81 13
167 82 13
167 83 13
167 84 13
167 85 13
167 86 13
167 87 13
167 88 13
167 89 13
167 90 13
167 91 13
167 96 13
167 97 13
167 98 13
167 99 13
168 73 13
168 74 13
168 75 13
168 76 13
168 77 13
168 78 13
168 79 13
168 80 13
168 81 13
168 82 13
168 83 13
168 84 13
168 85 13
168 86 13
168 87 13
168 88 13
168 89 13
168 90 13
168 91 13
168 92 13
168 96 13
168 98 13
168 99 13
169 73 13
169 74 13
169 75 13
169 76 13
169 77 13
169 78 13
169 79 13
169 80 13
169 81 13
169 82 13
169 83 13
169 84 13
169 85 13
169 86 13
169 87 13
169 88 13
169 89 13
169 90 13
169 91 13
169 92 13
169 96 13
169 97 13
169 98 13
169 99 13
170 73 13
170 74 13
170 75 13
170 76 13
170 77 13
170 78 13
170 79 13
170 80 13
170 81 13
170 82 13
170 83 13
170 84 13
170 85 13
170 86 13
170 87 13
170 88 13
170 89 13
170 91 13
170 92 13
170 96 13
170 97 13
170 98 13
170 99 13
171 73 13
171 74 13
171 75 13
171 76 13
171 77 13
171 78 13
171 79 13
171 80 13
171 81 13
171 82 13
171 83 13
171 84 13
171 85 13
171 86 13
171 87 13
171 88 13
171 89 13
171 90 13
171 91 13
171 92 13
171 96 13
171 97 13
171 98 13
171 99 13
172 73 13
172 74 13
172 75 13
172 76 13
172 77 13
172 78 13
172 79 13
172 80 13
172 81 13
172 82 13
172 83 13
172 84 13
172 85 13
172 86 13
172 87 13
172 88 13
172 89 13
172 90 13
172 92 13
172 96 13
172 98 13
173 73 13
173 74 13
173 75 13
173 76 13
173 77 13
173 78 13
173 79 13
173 80 13
173 81 13
173 82 13
173 83 13
173 84 13
173 85 13
173 86 13
173 87 13
173 88 13
173 89 13
173 90 13
173 91 13
173 92 13
173 96 13
173 97 13
173 98 13
173 99 13
174 73 13
174 74 13
174 75 13
174 76 13
174 77 13
174 78 13
174 79 13
174 80 13
174 81 13
174 82 13
174 83 13
174 84 13
174 85 13
174 86 13
174 87 13
174 88 13
174 89 13
174 91 13
174 92 13
174 96 13
174 98 13
174 99 13
175 73 13
175 74 13
175 75 13
175 76 13
175 77 13
175 78 13
175 79 13
175 80 13
175 81 13
175 82 13
175 83 13
175 84 13
175 85 13
175 86 13
175 87 13
175 88 13
175 89 13
175 90 13
175 91 13
175 92 13
175 96 13
175 97 13
175 98 13
175 99 13
176 73 13
176 74 13
176 75 13
176 76 13
176 77 13
176 78 13
176 79 13
176 80 13
176 81 13
176 82 13
176 83 13
176 84 13
176 85 13
176 86 13
176 88 13
176 89 13
176 90 13
176 91 13
176 92 13
176 96 13
176 97 13
176 98 13
176 99 13
177 73 13
177 74 13
177 75 13
177 76 13
177 77 13
177 78 13
177 79 13
177 80 13
177 81 13
177 82 13
177 83 13
177 84 13
177 85 13
177 86 13
177 87 13
177 88 13
177 89 13
177 90 13
177 91 13
177 92 13
177 96 13
177 97 13
177 98 13
177 99 13
178 73 13
178 74 13
178 75 13
178 76 13
178 77 13
178 78 13
178 79 13
178 80 13
178 81 13
178 82 13
178 83 13
178 84 13
178 85 13
178 86 13
178 87 13
178 88 13
178 89 13
178 90 13
178 91 13
178 92 13
178 96 13
178 98 13
178 99 13
179 73 13
179 74 13
179 75 13
179 76 13
179 77 13
179 78 13
179 79 13
179 80 13
179 81 13
179 82 13
179 83 13
179 84 13
179 85 13
179 88 13
179 90 13
179 91 13
179 92 13
179 96 13
179 97 13
179 98 13
179 99 13
180 73 13
180 74 13
180 75 13
180 76 13
180 77 13
180 78 13
180 79 13
180 80 13
180 81 13
180 82 13
180 83 13
180 84 13
180 85 13
180 86 13
180 87 13
180 88 13
180 89 13
180 90 13
180 92 13
180 96 13
180 97 13
180 98 13
180 99 13
181 73 13
181 74 13
181 75 13
181 76 13
181 77 13
181 78 13
181 79 13
181 80 13
181 81 13
181 82 13
181 83 13
181 84 13
181 85 13
181 86 13
181 87 13
181 88 13
181 89 13
181 90 13
181 91 13
181 92 13
181 96 13
181 97 13
181 98 13
181 99 13
182 73 13
182 74 13
182 75 13
182 76 13
182 77 13
182 78 13
182 79 13
182 80 13
182 81 13
182 82 13
182 83 13
182 84 13
182 85 13
182 86 13
182 87 13
182 88 13
182 89 13
182 90 13
182 91 13
182 92 13
182 96 13
182 98 13
182 99 13
183 73 13
183 74 13
183 75 13
183 76 13
183 77 13
183 78 13
183 79 13
183 80 13
183 81 13
183 82 13
183 83 13
183 84 13
183 85 13
183 87 13
183 88 13
183 89 13
183 90 13
183 91 13
183 92 13
183 96 13
183 97 13
183 98 13
183 99 13
184 73 13
184 74 13
184 75 13
184 76 13
184 77 13
184 78 13
184 79 13
184 80 13
184 81 13
184 82 13
184 83 13
184 84 13
184 85 13
184 86 13
184 87 13
184 88 13
184 89 13
184 91 13
184 92 13
184 96 13
184 97 13
184 98 13
184 99 13
185 73 13
185 74 13
185 75 13
185 76 13
185 77 13
185 78 13
185 79 13
185 80 13
185 81 13
185 82 13
185 83 13
185 84 13
185 85 13
185 86 13
185 87 13
185 88 13
185 89 13
185 90 13
185 91 13
185 92 13
185 96 13
185 97 13
185 99 13
186 73 13
186 74 13
186 75 13
186 76 13
186 77 13
186 78 13
186 79 13
186 80 13
186 81 13
186 82 13
186 83 13
186 84 13
186 85 13
186 86 13
186 87 13
186 88 13
186 89 13
186 90 13
186 91 13
186 92 13
186 96 13
186 97 13
186 98 13
186 99 13
187 73 13
187 74 13
187 75 13
187 76 13
187 77 13
187 78 13
187 79 13
187 80 13
187 81 13
187 82 13
187 83 13
187 84 13
187 85 13
187 86 13
187 88 13
187 89 13
187 91 13
187 92 13
187 96 13
187 97 13
187 98 13
187 99 13
188 73 13
188 74 13
188 75 13
188 76 13
188 77 13
188 78 13
188 79 13
188 80 13
188 81 13
188 82 13
188 83 13
188 84 13
188 85 13
188 86 13
188 87 13
188 88 13
188 89 13
188 90 13
188 91 13
188 97 13
188 98 13
188 99 13
189 73 13
189 74 13
189 75 13
189 76 13
189 77 13
189 78 13
189 79 13
189 80 13
189 81 13
189 82 13
189 83 13
189 84 13
189 85 13
189 86 13
189 87 13
189 88 13
189 89 13
189 90 13
189 91 13
189 92 13
189 96 13
189 97 13
189 99 13
190 73 13
190 74 13
190 75 13
190 76 13
190 77 13
190 78 13
190 79 13
190 80 13
190 81 13
190 82 13
190 83 13
190 84 13
190 85 13
190 86 13
190 87 13
190 88 13
190 89 13
190 90 13
190 91 13
190 92 13
190 96 13
190 97 13
190 98 13
190 99 13
191 73 13
191 74 13
191 75 13
191 76 13
191 77 13
191 78 13
191 79 13
191 80 13
191 81 13
191 82 13
191 83 13
191 84 13
191 85 13
191 86 13
191 87 13
191 88 13
191 89 13
191 91 13
191 92 13
191 96 13
191 97 13
191 98 13
191 99 13
192 73 13
192 74 13
192 75 13
192 76 13
192 77 13
192 78 13
192 79 13
192 80 13
192 81 13
192 82 13
192 83 13
192 84 13
192 85 13
192 86 13
192 87 13
192 88 13
192 89 13
192 90 13
192 92 13
192 97 13
192 98 13
192 99 13
193 73 13
193 74 13
193 75 13
193 76 13
193 77 13
193 78 13
193 79 13
193 80 13
193 81 13
193 82 13
193 83 13
193 84 13
193 85 13
193 86 13
193 87 13
193 88 13
193 89 13
193 90 13
193 91 13
193 92 13
193 96 13
193 97 13
193 98 13
193 99 13
194 73 13
194 74 13
194 75 13
194 76 13
194 77 13
194 78 13
194 79 13
194 80 13
194 81 13
194 82 13
194 83 13
194 84 13
194 85 13
194 86 13
194 87 13
194 88 13
194 89 13
194 90 13
194 91 13
194 92 13
194 96 13
194 97 13
194 98 13
194 99 13
195 73 13
195 74 13
195 75 13
195 76 13
195 77 13
195 78 13
195 79 13
195 80 13
195 81 13
195 82 13
195 83 13
195 84 13
195 85 13
195 86 13
195 88 13
195 89 13
195 90 13
195 91 13
195 92 13
195 96 13
195 97 13
195 98 13
195 99 13
196 73 13
196 74 13
196 75 13
196 76 13
196 77 13
196 78 13
196 79 13
196 80 13
196 81 13
196 82 13
196 83 13
196 84 13
196 85 13
196 86 13
196 87 13
196 88 13
196 89 13
196 90 13
196 91 13
196 92 13
196 96 13
196 98 13
196 99 13
197 73 13
197 74 13
197 75 13
197 76 13
197 77 13
197 78 13
197 79 13
197 80 13
197 81 13
197 82 13
197 83 13
197 84 13
197 85 13
197 86 13
197 87 13
197 88 13
197 89 13
197 90 13
197 92 13
197 96 13
197 97 13
197 98 13
197 99 13
198 73 13
198 74 13
198 75 13
198 76 13
198 77 13
198 78 13
198 79 13
198 80 13
198 81 13
198 82 13
198 83 13
198 84 13
198 85 13
198 86 13
198 87 13
198 88 13
198 89 13
198 90 13
198 91 13
198 92 13
198 96 13
198 97 13
198 98 13
198 99 13
199 73 13
199 74 13
199 75 13
199 76 13
199 77 13
199 78 13
199 79 13
199 80 13
199 81 13
199 82 13
199 83 13
199 84 13
199 85 13
199 86 13
199 87 13
199 88 13
199 89 13
199 90 13
199 91 13
199 92 13
199 96 13
199 97 13
199 98 13
199 99 13
200 73 13
200 74 13
200 75 13
200 76 13
200 77 13
200 78 13
200 79 13
200 80 13
200 81 13
200 82 13
200 83 13
200 84 13
200 85 13
200 86 13
200 87 13
200 88 13
200 89 13
200 91 13
200 92 13
200 97 13
200 98 13
200 99 13
201 73 13
201 74 13
201 75 13
201 76 13
201 77 13
201 78 13
201 79 13
201 80 13
201 81 13
201 82 13
201 83 13
201 84 13
201 85 13
201 86 13
201 87 13
201 88 13
201 89 13
201 90 13
201 91 13
201 92 13
201 96 13
201 97 13
201 99 13
202 73 13
202 74 13
202 75 13
202 76 13
202 77 13
202 78 13
202 79 13
202 80 13
202 81 13
202 82 13
202 83 13
202 84 13
202 85 13
202 86 13
202 87 13
202 88 13
202 89 13
202 90 13
202 91 13
202 92 13
202 96 13
202 97 13
202 98 13
202 99 13
203 73 13
203 74 13
203 75 13
203 76 13
203 77 13
203 78 13
203 79 13
203 80 13
203 81 13
203 82 13
203 83 13
203 84 13
203 85 13
203 86 13
203 87 13
203 88 13
203 89 13
203 90 13
203 92 13
203 96 13
203 97 13
203 98 13
203 99 13
204 73 13
204 74 13
204 75 13
204 76 13
204 77 13
204 78 13
204 79 13
204 80 13
204 81 13
204 82 13
204 83 13
204 84 13
204 85 13
204 86 13
204 87 13
204 88 13
204 89 13
204 90 13
204 91 13
204 92 13
204 96 13
204 97 13
204 98 13
204 99 13
205 73 13
205 74 13
205 75 13
205 76 13
205 77 13
205 78 13
205 79 13
205 80 13
205 81 13
205 82 13
205 83 13
205 84 13
205 85 13
205 86 13
205 87 13
205 88 13
205 89 13
205 90 13
205 91 13
205 96 13
205 98 13
205 99 13
206 80 13
206 81 13
206 82 13
206 83 13
206 84 13
206 85 13
206 86 13
206 87 13
206 88 13
206 89 13
206 90 13
206 91 13
206 92 13
206 96 13
206 97 13
206 98 13
206 99 13
207 74 22
207 75 22
207 76 22
207 77 22
207 78 22
207 79 22
207 80 22
207 81 22
207 82 22
207 83 22
207 84 22
207 85 22
207 86 22
207 87 22
207 88 22
207 89 22
207 90 22
207 91 22
207 92 22
207 93 20
207 96 13
207 97 13
207 98 13
207 99 13
208 75 23
208 76 23
208 77 23
208 78 23
208 79 23
208 80 23
208 81 23
208 82 23
208 83 23
208 84 23
208 85 23
208 86 23
208 87 23
208 88 23
208 89 23
208 90 23
208 91 23
208 92 23
208 93 21
208 96 13
208 97 13
208 98 13
208 99 13
209 80 13
209 81 13
209 82 13
209 83 13
209 84 13
209 85 13
209 86 13
209 87 13
209 88 13
209 89 13
209 90 13
209 91 13
209 92 13
209 93 13
209 94 13
209 95 13
209 96 13
209 97 13
209 98 13
209 99 13
210 80 13
210 81 13
210 82 13
210 83 13
210 84 13
210 85 13
210 86 13
210 87 13
210 88 13
210 89 13
210 90 13
210 91 13
210 92 13
210 93 13
210 94 13
210 95 13
210 96 13
210 97 13
210 98 13
210 99 13
211 80 13
211 81 13
211 82 13
211 83 13
211 84 13
211 85 13
211 86 13
211 87 13
211 88 13
211 89 13
211 90 13
211 91 13
211 92 13
211 93 13
211 94 13
211 95 13
211 96 13
211 97 13
211 98 13
211 99 13
212 80 13
212 81 13
212 82 13
212 83 13
212 84 13
212 85 13
212 86 13
212 87 13
212 88 13
212 89 13
212 90 13
212 91 13
212 92 13
212 93 13
212 94 13
212 95 13
212 96 13
212 97 13
212 98 13
212 99 13
213 80 13
213 81 13
213 82 13
213 83 13
213 84 13
213 85 13
213 86 13
213 87 13
213 88 13
213 89 13
213 90 13
213 91 13
213 92 13
213 93 13
213 94 13
213 95 13
213 96 13
213 97 13
213 98 13
213 99 13
214 80 13
214 81 13
214 82 13
214 83 13
214 84 13
214 85 13
214 86 13
214 87 13
214 88 13
214 89 13
214 90 13
214 91 13
214 92 13
214 93 13
214 94 13
214 95 13
214 96 13
214 97 13
214 98 13
214 99 13
215 80 13
215 81 13
215 82 13
215 83 13
215 84 13
215 85 13
215 86 13
215 87 13
215 88 13
215 89 13
215 90 13
215 91 13
215 92 13
215 93 13
215 94 13
215 95 13
215 96 13
215 97 13
215 98 13
215 99 13
216 80 13
216 81 13
216 82 13
216 83 13
216 84 13
216 85 13
216 86 13
216 87 13
216 88 13
216 89 13
216 90 13
216 91 13
216 92 13
216 93 13
216 94 13
216 95 13
216 96 13
216 97 13
216 98 13
216 99 13
217 80 13
217 81 13
217 82 13
217 83 13
217 84 13
217 85 13
217 86 13
217 87 13
217 88 13
217 89 13
217 90 13
217 91 13
217 92 13
217 93 13
217 94 13
217 95 13
217 96 13
217 97 13
217 98 13
217 99 13
218 80 13
218 81 13
218 82 13
218 83 13
218 84 13
218 85 13
218 86 13
218 87 13
218 88 13
218 89 13
218 90 13
218 91 13
218 92 13
218 93 13
218 94 13
218 95 13
218 96 13
218 97 13
218 98 13
218 99 13
219 80 13
219 81 13
219 82 13
219 83 13
219 84 13
219 85 13
219 86 13
219 87 13
219 88 13
219 89 13
219 90 13
219 91 13
219 92 13
219 93 13
219 94 13
219 95 13
219 96 13
219 97 13
219 98 13
219 99 13
220 80 13
220 81 13
220 82 13
220 83 13
220 84 13
220 85 13
220 86 13
220 87 13
220 88 13
220 89 13
220 90 13
220 91 13
220 92 13
220 93 13
220 94 13
220 95 13
220 96 13
220 97 13
220 98 13
220 99 13
221 80 13
221 81 13
221 82 13
221 83 13
221 84 13
221 85 13
221 86 13
221 87 13
221 88 13
221 89 13
221 90 13
221 91 13
221 92 13
221 93 13
221 94 13
221 95 13
221 96 13
221 97 13
221 98 13
221 99 13
222 80 13
222 81 13
222 82 13
222 83 13
222 84 13
222 85 13
222 86 13
222 87 13
222 88 13
222 89 13
222 90 13
222 91 13
222 92 13
222 93 13
222 94 13
222 95 13
222 96 13
222 97 13
222 98 13
222 99 13
::TILES-> END
::BONUS-> BEGIN
18 81 2
19 81 16
30 86 14
31 86 16
32 86 14
33 86 15
34 86 14
35 86 16
36 86 14
48 87 1
49 87 1
50 87 1
51 87 1
51 88 1
52 88 1
53 88 1
53 89 1
54 89 1
55 89 1
56 89 1
56 90 1
57 90 1
58 90 1
59 90 1
60 90 1
61 90 1
62 90 1
63 90 1
64 90 1
65 90 1
66 90 1
67 90 1
68 90 1
69 90 1
70 90 1
71 90 1
72 90 1
73 90 1
74 90 1
75 90 1
76 90 1
77 88 1
77 89 1
77 90 1
141 92 2
146 97 14
149 88 14
149 90 14
149 99 14
151 96 14
153 91 14
153 99 14
155 87 14
156 91 14
158 97 14
159 89 14
159 99 14
161 89 14
163 89 14
163 92 14
164 98 14
166 88 14
167 92 14
168 97 14
170 90 14
172 91 14
172 97 14
172 99 14
174 90 14
174 97 14
176 87 14
178 97 14
179 86 14
179 87 14
179 89 14
180 91 14
182 97 14
183 86 14
184 90 14
185 98 14
187 87 14
187 90 14
188 92 14
188 96 14
189 98 14
191 90 14
192 91 14
192 96 14
195 87 14
196 97 14
197 91 14
200 90 14
200 96 14
201 98 14
203 91 14
205 92 14
205 97 14
206 98 14
::BONUS-> END
::COIN-> BEGIN
16 80
17 80
18 80
19 80
20 80
21 80
22 80
23 80
24 80
25 80
26 80
27 80
28 80
29 80
30 80
31 80
32 80
33 80
34 80
35 80
36 80
37 80
38 80
39 80
40 80
41 80
42 80
43 80
44 80
45 80
46 80
47 80
48 80
49 80
51 80
::COIN-> END
TURTLE 42 81
GOOMBA 43 82
GOOMBA 44 82
FIRECIRCLE 48 87 6
FIRECIRCLE 50 95 8
FIRECIRCLE 59 93 8
FIRECIRCLE 71 96 16
FIRECIRCLE 81 93 8
CANNON 89 90
FIRECIRCLE 91 94 8
FIRECIRCLE 96 90 8
FIRECIRCLE 103 97 16
CANNON 119 89
GOOMBA 121 90
GOOMBA 124 90
CANNON 126 89
CANNON 130 92
CANNON 134 93
CANNON 137 94
TURTLE 141 94
GOOMBA 145 95
TURTLE 151 94
GOOMBA 158 95
GOOMBA 159 95
TURTLE 161 93
GOOMBA 167 94
GOOMBA 175 95
GOOMBA 176 95
GOOMBA 177 95
GOOMBA 178 95
GOOMBA 181 94
GOOMBA 182 94
GOOMBA 198 94
GOOMBA 202 94
RESTART data/levels/15/main
START 0 163 3121 2
EXIT 0 8307 3750 data/levels/16/main 0 3
START 1 0 0 0
EXIT 1 0 0 NONE 0 0
START 2 0 0 0
EXIT 2 0 0 NONE 0 0
START 3 0 0 0
EXIT 3 0 0 NONE 0 0
START 4 0 0 0
EXIT 4 0 0 NONE 0 0
BGCOLOR 4332131

MUSIC hole.mid
BACKGROUND data/gfx/background/hole.jpg
