# Level for Mega Mario

TEXTURE data/gfx/tiles/ground/stone0.png
TEXTURE data/gfx/tiles/ground/stone1.png
TEXTURE data/gfx/tiles/ground/stone2.png
TEXTURE data/gfx/tiles/ground/stone3.png
TEXTURE data/gfx/tiles/ground/stone4.png
TEXTURE data/gfx/tiles/ground/stone5.png
TEXTURE data/gfx/tiles/ground/stone6.png
TEXTURE data/gfx/tiles/ground/bricks.png
TEXTURE data/gfx/tiles/ground/bricks2.png
TEXTURE data/gfx/tiles/ground/snowy.png
TEXTURE data/gfx/tiles/ground/grass.png
TEXTURE data/gfx/tiles/ground/sand.png
TEXTURE data/gfx/tiles/ground/metal.png
TEXTURE data/gfx/tiles/cannonset1.png
TEXTURE data/gfx/tiles/cannonset2.png
TEXTURE data/gfx/tiles/pipes/up/1.png
TEXTURE data/gfx/tiles/pipes/up/2.png
TEXTURE data/gfx/tiles/pipes/up/3.png
TEXTURE data/gfx/tiles/pipes/up/4.png
TEXTURE data/gfx/tiles/pipes/down/1.png
TEXTURE data/gfx/tiles/pipes/down/2.png
TEXTURE data/gfx/tiles/pipes/down/3.png
TEXTURE data/gfx/tiles/pipes/down/4.png
TEXTURE data/gfx/tiles/pipes/right/1.png
TEXTURE data/gfx/tiles/pipes/right/2.png
TEXTURE data/gfx/tiles/pipes/right/3.png
TEXTURE data/gfx/tiles/pipes/right/4.png
TEXTURE data/gfx/tiles/pipes/left/1.png
TEXTURE data/gfx/tiles/pipes/left/2.png
TEXTURE data/gfx/tiles/pipes/left/3.png
TEXTURE data/gfx/tiles/pipes/left/4.png
TEXTURE data/gfx/tiles/conveyorL.png
TEXTURE data/gfx/tiles/conveyorR.png
::TILES-> BEGIN
1 62 4
1 63 4
1 64 4
1 65 4
1 66 4
1 67 4
1 68 4
1 69 4
1 70 4
1 71 4
1 72 4
1 73 4
1 74 4
1 75 4
1 76 4
1 77 4
1 78 4
1 79 4
1 80 4
1 81 4
1 82 4
1 83 4
1 84 4
1 85 4
1 86 4
1 87 4
1 88 4
1 89 4
1 90 4
1 91 4
1 92 4
1 93 4
1 94 4
1 95 4
1 96 4
1 97 4
1 98 4
1 99 4
2 62 4
2 63 4
2 64 4
2 65 4
2 66 4
2 67 4
2 68 4
2 69 4
2 70 4
2 71 4
2 72 4
2 73 4
2 74 4
2 75 4
2 76 4
2 77 4
2 78 4
2 79 4
2 80 4
2 81 4
2 82 4
2 83 4
2 84 4
2 85 4
2 86 4
2 87 4
2 88 4
2 89 4
2 90 4
2 91 4
2 92 4
2 93 4
2 94 4
2 95 4
2 96 4
2 97 4
2 98 4
2 99 4
3 62 4
3 63 4
3 64 4
3 65 4
3 66 4
3 67 4
3 68 4
3 69 4
3 70 4
3 71 4
3 72 4
3 73 4
3 74 4
3 75 4
3 76 4
3 77 4
3 78 4
3 79 4
3 80 4
3 81 4
3 82 4
3 83 4
3 84 4
3 85 4
3 86 4
3 87 4
3 88 4
3 89 4
3 90 4
3 91 4
3 92 4
3 93 4
3 94 4
3 95 4
3 96 4
3 97 4
3 98 4
3 99 4
4 66 6
4 74 6
4 86 6
4 95 6
4 98 33
4 99 4
5 66 6
5 79 6
5 86 6
5 98 33
5 99 4
6 62 6
6 70 6
6 89 6
6 98 33
6 99 4
7 62 6
7 70 6
7 83 6
7 93 6
7 98 33
7 99 4
8 79 6
8 83 6
8 98 33
8 99 4
9 75 6
9 89 6
9 98 33
9 99 4
10 65 6
10 75 6
10 89 6
10 98 33
10 99 4
11 65 6
11 72 6
11 81 6
11 98 33
11 99 4
12 71 6
12 85 6
12 94 6
12 98 33
12 99 4
13 71 6
13 85 6
13 90 6
13 98 33
13 99 4
14 62 6
14 68 6
14 76 6
14 82 6
14 90 6
14 98 33
14 99 4
15 62 6
15 68 6
15 76 6
15 82 6
15 98 33
15 99 4
16 62 4
16 63 4
16 64 4
16 65 4
16 66 4
16 67 4
16 68 4
16 69 4
16 70 4
16 71 4
16 72 4
16 73 4
16 74 4
16 75 4
16 76 4
16 77 4
16 78 4
16 79 4
16 80 4
16 81 4
16 82 4
16 83 4
16 84 4
16 85 4
16 86 4
16 87 4
16 88 4
16 89 4
16 90 4
16 91 4
16 92 4
16 93 4
16 94 4
16 95 4
16 98 33
16 99 4
17 62 4
17 63 4
17 64 4
17 65 4
17 66 4
17 67 4
17 68 4
17 69 4
17 70 4
17 71 4
17 72 4
17 73 4
17 74 4
17 75 4
17 76 4
17 77 4
17 78 4
17 79 4
17 80 4
17 81 4
17 82 4
17 83 4
17 84 4
17 85 4
17 86 4
17 87 4
17 88 4
17 89 4
17 90 4
17 91 4
17 92 4
17 93 4
17 94 4
17 95 4
17 98 33
17 99 4
18 62 4
18 63 4
18 64 4
18 65 4
18 66 4
18 67 4
18 68 4
18 69 4
18 70 4
18 71 4
18 72 4
18 73 4
18 74 4
18 75 4
18 76 4
18 77 4
18 78 4
18 79 4
18 80 4
18 81 4
18 82 4
18 83 4
18 84 4
18 85 4
18 86 4
18 87 4
18 88 4
18 89 4
18 90 4
18 91 4
18 92 4
18 93 4
18 94 4
18 95 4
18 98 33
18 99 4
19 98 33
19 99 4
20 98 33
20 99 4
21 98 33
21 99 4
22 98 33
22 99 4
23 98 33
23 99 4
24 98 33
24 99 4
25 98 33
25 99 4
26 98 33
26 99 4
27 98 33
27 99 4
28 98 33
28 99 4
29 98 33
29 99 4
30 98 33
30 99 4
31 98 33
31 99 4
32 98 33
32 99 4
33 98 33
33 99 4
34 98 33
34 99 4
35 98 33
35 99 4
36 98 33
36 99 4
37 98 33
37 99 4
38 98 33
38 99 4
39 98 33
39 99 4
40 98 33
40 99 4
41 98 33
41 99 4
42 98 33
42 99 4
43 98 33
43 99 4
44 98 33
44 99 4
45 98 33
45 99 4
46 98 33
46 99 4
47 98 33
47 99 4
48 98 33
48 99 4
49 98 33
49 99 4
50 98 33
50 99 4
51 98 33
51 99 4
52 98 33
52 99 4
53 98 33
53 99 4
54 98 33
54 99 4
55 98 33
55 99 4
56 98 33
56 99 4
57 98 32
57 99 4
58 98 32
58 99 4
59 98 32
59 99 4
60 98 32
60 99 4
61 98 32
61 99 4
62 98 32
62 99 4
63 98 32
63 99 4
64 98 32
64 99 4
65 98 32
65 99 4
66 98 32
66 99 4
67 98 32
67 99 4
68 98 32
68 99 4
69 98 32
69 99 4
70 98 32
70 99 4
71 98 32
71 99 4
72 98 32
72 99 4
73 98 32
73 99 4
74 98 32
74 99 4
75 98 32
75 99 4
76 98 32
76 99 4
77 98 32
77 99 4
78 98 32
78 99 4
79 98 32
79 99 4
80 98 32
80 99 4
81 98 32
81 99 4
82 98 32
82 99 4
83 98 32
83 99 4
84 98 32
84 99 4
85 98 32
85 99 4
86 98 32
86 99 4
87 98 32
87 99 4
88 98 32
88 99 4
89 98 32
89 99 4
90 98 32
90 99 4
91 98 32
91 99 4
92 97 3
92 98 32
92 99 4
93 96 3
93 97 7
93 98 32
93 99 4
94 95 3
94 96 7
94 97 7
94 98 32
94 99 4
95 94 3
95 95 7
95 96 7
95 97 7
95 98 32
95 99 4
96 93 3
96 94 7
96 95 7
96 96 7
96 97 7
96 98 32
96 99 4
97 86 4
97 87 7
97 88 7
97 89 7
97 93 3
97 94 7
97 95 7
97 96 7
97 97 7
97 98 32
97 99 4
98 86 4
98 88 7
98 98 32
98 99 4
99 86 4
99 88 7
99 98 32
99 99 4
100 86 4
100 88 7
100 98 32
100 99 4
101 86 4
101 88 7
101 98 32
101 99 4
102 86 4
102 88 7
102 98 32
102 99 4
103 86 4
103 88 7
103 98 32
103 99 4
104 86 4
104 88 7
104 98 32
104 99 4
105 86 4
105 88 7
105 98 32
105 99 4
106 86 4
106 88 7
106 98 32
106 99 4
107 86 4
107 88 7
107 98 32
107 99 4
108 86 4
108 88 7
108 98 32
108 99 4
109 86 4
109 88 7
109 98 32
109 99 4
110 86 4
110 88 7
110 98 32
110 99 4
111 86 4
111 88 7
111 98 32
111 99 4
112 86 4
112 88 7
112 98 32
112 99 4
113 86 4
113 88 7
113 98 32
113 99 4
114 86 4
114 88 7
114 98 32
114 99 4
115 86 4
115 88 7
115 98 32
115 99 4
116 86 4
116 88 7
116 98 32
116 99 4
117 86 4
117 88 7
117 98 32
117 99 4
118 86 4
118 88 7
118 98 32
118 99 4
119 86 4
119 88 7
119 98 32
119 99 4
120 86 4
120 88 7
120 98 32
120 99 4
121 86 4
121 87 7
121 88 7
121 89 7
121 90 7
121 91 7
121 92 7
121 93 7
121 94 7
121 95 7
121 96 7
121 97 7
121 98 7
121 99 7
122 90 3
122 91 7
122 92 7
122 98 7
122 99 7
123 90 3
123 91 7
123 98 7
123 99 7
124 90 3
124 98 7
124 99 7
125 90 3
125 98 7
125 99 7
126 90 3
126 98 7
126 99 7
127 90 3
128 90 3
129 90 3
130 90 3
131 90 3
132 90 3
133 90 3
134 90 3
135 90 3
136 90 3
137 90 3
138 90 3
139 90 3
140 90 3
141 90 3
142 90 3
143 90 3
144 90 3
145 90 3
146 90 3
147 90 3
148 90 3
149 90 3
150 90 3
151 90 3
152 90 3
153 90 3
154 90 3
155 90 3
156 90 3
157 90 3
158 90 3
159 90 3
160 90 3
161 90 3
162 90 3
163 90 3
164 90 3
165 90 3
166 90 3
167 90 3
168 90 3
169 90 3
170 90 3
170 91 7
170 92 7
170 93 7
170 94 7
170 95 7
170 96 7
170 97 7
170 98 7
170 99 7
171 75 7
171 76 7
171 77 7
171 78 7
171 79 7
171 80 7
171 81 7
171 82 7
171 83 7
171 84 7
171 85 7
171 86 7
171 87 7
171 88 7
171 89 7
171 90 7
171 91 7
171 92 7
171 93 7
171 94 7
171 95 7
171 96 7
171 97 7
171 98 7
171 99 7
::TILES-> END
::BONUS-> BEGIN
3 87 14
3 88 14
3 90 14
4 62 1
4 63 1
4 66 1
4 67 1
4 68 1
4 69 1
4 70 1
4 71 1
4 74 1
4 75 1
4 76 1
4 77 1
4 78 14
4 79 14
4 80 14
4 81 14
4 82 1
4 83 1
4 86 1
4 87 14
4 88 14
4 89 14
4 90 14
4 91 14
4 92 1
4 95 1
5 62 1
5 63 1
5 66 14
5 67 1
5 68 14
5 69 14
5 70 14
5 71 14
5 72 1
5 73 1
5 74 1
5 75 1
5 76 1
5 79 1
5 80 1
5 81 1
5 82 14
5 83 14
5 86 1
5 87 1
5 88 1
5 89 1
5 90 1
5 91 14
5 92 14
5 93 14
5 94 1
5 95 1
6 62 1
6 63 1
6 64 1
6 65 1
6 66 1
6 67 14
6 70 14
6 71 14
6 72 14
6 73 1
6 74 14
6 75 14
6 76 14
6 77 1
6 78 1
6 79 1
6 80 14
6 81 1
6 82 16
6 83 14
6 84 14
6 85 1
6 86 14
6 89 1
6 90 1
6 91 1
6 92 1
6 93 14
6 94 1
6 95 1
7 62 14
7 63 14
7 64 14
7 65 14
7 66 1
7 67 14
7 70 14
7 71 14
7 72 1
7 73 14
7 74 1
7 75 1
7 76 14
7 77 14
7 78 14
7 79 1
7 80 14
7 83 1
7 84 14
7 85 1
7 86 14
7 87 1
7 88 1
7 89 1
7 90 14
7 93 1
7 94 1
7 95 1
8 62 1
8 63 14
8 64 1
8 65 1
8 66 14
8 67 14
8 68 1
8 69 14
8 70 1
8 71 1
8 72 14
8 73 14
8 74 1
8 75 1
8 76 14
8 79 14
8 80 1
8 83 1
8 84 14
8 85 1
8 86 14
8 87 14
8 88 14
8 89 14
8 90 14
8 91 1
8 93 14
8 94 1
8 95 1
9 62 14
9 63 14
9 64 1
9 65 1
9 66 1
9 67 14
9 68 14
9 69 14
9 70 1
9 71 1
9 72 14
9 75 14
9 76 1
9 77 14
9 78 14
9 79 1
9 80 14
9 81 14
9 82 1
9 83 1
9 84 14
9 85 1
9 86 14
9 89 1
9 90 1
9 91 1
9 92 14
9 93 1
9 94 1
9 95 1
10 62 1
10 65 1
10 66 1
10 67 1
10 68 1
10 69 14
10 70 14
10 71 14
10 72 1
10 75 14
10 76 1
10 77 14
10 78 14
10 79 1
10 80 1
10 81 14
10 82 14
10 83 14
10 84 14
10 85 14
10 86 14
10 89 14
10 90 1
10 91 1
10 92 14
10 93 1
10 94 1
10 95 1
11 62 1
11 65 1
11 66 1
11 67 1
11 68 1
11 69 14
11 72 1
11 73 1
11 74 1
11 75 14
11 76 14
11 77 14
11 78 14
11 79 1
11 80 1
11 81 1
11 82 1
11 83 1
11 84 1
11 85 1
11 86 14
11 87 1
11 88 14
11 89 1
11 90 14
11 91 14
11 92 1
11 93 1
11 94 14
11 95 1
12 62 1
12 63 14
12 64 14
12 65 14
12 66 14
12 67 14
12 68 14
12 71 14
12 72 14
12 73 1
12 74 1
12 75 14
12 76 14
12 77 1
12 78 1
12 79 14
12 80 14
12 81 14
12 82 1
12 85 1
12 86 14
12 87 1
12 88 1
12 89 14
12 90 14
12 94 1
12 95 1
13 62 1
13 63 14
13 64 14
13 65 1
13 66 1
13 67 14
13 68 1
13 71 1
13 72 1
13 73 14
13 74 1
13 75 1
13 76 14
13 77 14
13 78 14
13 79 14
13 80 1
13 81 14
13 82 14
13 85 1
13 86 14
13 87 1
13 90 1
13 91 14
13 92 14
13 93 1
13 94 14
13 95 1
14 62 1
14 63 1
14 64 1
14 65 1
14 68 1
14 69 1
14 70 1
14 71 1
14 72 1
14 73 1
14 76 1
14 77 1
14 78 1
14 79 1
14 82 1
14 83 1
14 84 1
14 85 1
14 86 14
14 87 1
14 90 1
14 91 14
14 92 14
14 93 14
14 94 1
14 95 1
15 62 1
15 63 1
15 64 1
15 65 1
15 68 1
15 69 1
15 70 1
15 71 1
15 72 1
15 73 1
15 76 1
15 77 1
15 78 1
15 79 1
15 82 1
15 83 1
15 84 1
15 85 1
15 86 14
15 87 14
15 88 14
15 89 14
15 90 14
15 91 14
15 92 1
15 93 1
15 94 1
15 95 1
19 95 2
20 95 2
21 95 15
22 95 2
23 95 2
75 86 3
75 89 4
75 92 16
75 95 4
76 86 3
76 89 4
76 92 16
76 95 4
77 86 3
77 89 4
77 92 16
77 95 4
78 86 3
78 89 4
78 92 16
78 95 4
81 86 3
81 89 4
81 92 16
81 95 16
82 86 3
82 89 4
82 92 16
82 95 16
83 86 3
83 89 4
83 92 16
83 95 16
84 86 3
84 89 4
84 92 16
84 95 16
110 81 16
110 82 16
110 83 16
111 81 16
111 83 16
112 81 16
112 83 3
113 81 16
113 83 16
114 81 16
114 83 3
115 81 16
115 83 16
116 81 16
116 83 3
120 94 2
::BONUS-> END
::COIN-> BEGIN
4 57
4 58
5 57
5 58
5 82
5 83
6 57
6 58
6 63
6 64
6 65
6 66
6 70
6 71
6 72
6 74
6 75
6 76
6 77
6 78
6 79
6 80
7 57
7 58
8 57
8 58
8 74
8 75
8 76
8 79
9 57
9 58
9 62
9 80
9 81
9 82
9 83
10 57
10 58
10 62
10 71
10 85
10 86
11 57
11 58
11 66
11 67
11 68
11 69
11 87
11 89
11 90
11 91
11 92
11 93
11 94
12 57
12 58
13 57
13 58
13 86
14 57
14 58
14 85
14 86
15 57
15 58
15 85
15 86
16 57
16 58
16 84
16 85
16 86
17 57
17 58
17 84
17 85
17 86
17 88
18 57
18 58
18 84
18 85
18 86
18 87
18 88
19 57
19 58
19 61
19 84
19 85
19 86
19 87
19 88
19 89
19 90
19 91
19 92
19 93
19 94
20 57
20 58
20 62
20 84
20 85
20 86
20 87
20 88
20 89
20 90
20 91
20 92
20 93
20 94
21 57
21 58
21 59
21 60
21 61
21 62
21 63
21 84
21 85
21 86
21 87
21 88
21 89
21 90
21 91
21 92
21 93
21 94
21 96
21 97
22 62
22 84
22 85
22 86
22 87
22 88
22 89
22 90
22 91
22 92
22 93
22 94
22 96
22 97
23 61
23 84
23 85
23 86
23 87
23 88
23 89
23 90
23 91
23 92
23 93
23 94
23 96
23 97
24 84
24 85
24 86
24 87
24 88
24 89
24 90
24 91
24 92
24 93
24 94
24 95
24 96
24 97
25 84
25 85
25 86
25 87
25 88
25 89
25 90
25 91
25 92
25 93
25 94
25 95
25 96
25 97
26 84
26 85
26 86
26 87
26 88
26 89
26 90
26 91
26 92
26 93
26 94
26 95
26 96
26 97
27 84
27 85
27 86
27 87
27 88
27 89
27 90
27 91
27 92
27 93
27 94
27 95
27 96
27 97
28 84
28 85
28 86
28 87
28 88
28 89
28 90
28 91
28 92
28 93
28 94
28 95
28 96
28 97
29 84
29 85
29 86
29 87
29 88
29 89
29 90
29 91
29 92
29 93
29 94
29 95
29 96
29 97
30 84
30 85
30 86
30 87
30 88
30 89
30 90
30 91
30 92
30 93
30 94
30 95
30 96
30 97
31 84
31 85
31 86
31 87
31 88
31 89
31 90
31 91
31 92
31 93
31 94
31 95
31 96
31 97
32 84
32 85
32 86
32 87
32 88
32 89
32 90
32 91
32 92
32 93
32 94
32 95
32 96
32 97
33 84
33 85
33 86
33 87
33 88
33 89
33 90
33 91
33 92
33 93
33 94
33 95
33 96
33 97
34 84
34 85
34 86
34 87
34 88
34 89
34 90
34 91
34 92
34 93
34 94
34 95
34 96
34 97
35 84
35 85
35 86
35 87
35 88
35 89
35 90
35 91
35 92
35 93
35 94
35 95
35 96
35 97
36 84
36 85
36 86
36 87
36 88
36 89
36 90
36 91
36 92
36 93
36 94
36 95
36 96
36 97
37 84
37 85
37 86
37 87
37 88
37 89
37 90
37 91
37 92
37 93
37 94
37 95
37 96
37 97
38 84
38 85
38 86
38 87
38 88
38 89
38 90
38 91
38 92
38 93
38 94
38 95
38 96
38 97
39 84
39 85
39 86
39 87
39 88
39 89
39 90
39 91
39 92
39 93
39 94
39 95
39 96
39 97
40 84
40 85
40 86
40 87
40 88
40 89
40 90
40 91
40 92
40 93
40 94
40 95
40 96
40 97
41 84
41 85
41 86
41 87
41 88
41 89
41 90
41 91
41 92
41 93
41 94
41 95
41 96
41 97
42 84
42 85
42 86
42 87
42 88
42 89
42 90
42 91
42 92
42 93
42 94
42 95
42 96
42 97
43 84
43 85
43 86
43 87
43 88
43 89
43 90
43 91
43 92
43 93
43 94
43 95
43 96
43 97
44 84
44 85
44 86
44 87
44 88
44 89
44 90
44 91
44 92
44 93
44 94
44 95
44 96
44 97
45 84
45 85
45 86
45 87
45 88
45 89
45 90
45 91
45 92
45 93
45 94
45 95
45 96
45 97
46 84
46 85
46 86
46 87
46 88
46 89
46 90
46 91
46 92
46 93
46 94
46 95
46 96
46 97
47 84
47 85
47 86
47 87
47 88
47 89
47 90
47 91
47 92
47 93
47 94
47 95
47 96
47 97
48 84
48 85
48 86
48 87
48 88
48 89
48 90
48 91
48 92
48 93
48 94
48 95
48 96
48 97
49 84
49 85
49 86
49 87
49 88
49 89
49 90
49 91
49 92
49 93
49 94
49 95
49 96
49 97
50 84
50 85
50 86
50 87
50 88
50 89
50 90
50 91
50 92
50 93
50 94
50 95
50 96
50 97
51 84
51 85
51 86
51 87
51 88
51 89
51 90
51 91
51 92
51 93
51 94
51 95
51 96
51 97
52 84
52 85
52 86
52 87
52 88
52 89
52 90
52 91
52 92
52 93
52 94
52 95
52 96
52 97
53 84
53 85
53 86
53 87
53 88
53 89
53 90
53 91
53 92
53 93
53 94
53 95
53 96
53 97
54 84
54 85
54 86
54 87
54 88
54 89
54 90
54 91
54 92
54 93
54 94
54 95
54 96
54 97
55 84
55 85
55 86
55 87
55 88
55 89
55 90
55 91
55 92
55 93
55 94
55 95
55 96
55 97
56 84
56 85
56 86
56 87
56 88
56 89
56 90
56 91
56 92
56 93
56 94
56 95
56 96
56 97
57 84
57 85
57 86
57 87
57 88
57 89
57 90
57 91
57 92
57 93
57 94
57 95
57 96
57 97
58 84
58 85
58 86
58 87
58 88
58 89
58 90
58 91
58 92
58 93
58 94
58 95
58 96
58 97
59 84
59 85
59 86
59 87
59 88
59 89
59 90
59 91
59 92
59 93
59 94
59 95
59 96
59 97
60 84
60 85
60 86
60 87
60 88
60 89
60 90
60 91
60 92
60 93
60 94
60 95
60 96
60 97
61 84
61 85
61 86
61 87
61 88
61 89
61 90
61 91
61 92
61 93
61 94
61 95
61 96
61 97
62 84
62 85
62 86
62 87
62 88
62 89
62 90
62 91
62 92
62 93
62 94
62 95
62 96
62 97
63 84
63 85
63 86
63 87
63 88
63 89
63 90
63 91
63 92
63 93
63 94
63 95
63 96
63 97
64 84
64 85
64 86
64 87
64 88
64 89
64 90
64 91
64 92
64 93
64 94
64 95
64 96
64 97
65 84
65 85
65 86
65 87
65 88
65 89
65 90
65 91
65 92
65 93
65 94
65 95
65 96
65 97
66 84
66 85
66 86
66 87
66 88
66 89
66 90
66 91
66 92
66 93
66 94
66 95
66 96
66 97
67 84
67 85
67 86
67 87
67 88
67 89
67 90
67 91
67 92
67 93
67 94
67 95
67 96
67 97
68 84
68 85
68 86
68 87
68 88
68 89
68 90
68 91
68 92
68 93
68 94
68 95
68 96
68 97
69 84
69 85
69 86
69 87
69 88
69 89
69 90
69 91
69 92
69 93
69 94
69 95
69 96
69 97
70 84
70 85
70 86
70 87
70 88
70 89
70 90
70 91
70 92
70 93
70 94
70 95
70 96
70 97
71 84
71 85
71 86
71 87
71 88
71 89
71 90
71 91
71 92
71 93
71 94
71 95
71 96
71 97
72 84
72 85
72 86
72 87
72 88
72 89
72 90
72 91
72 92
72 93
72 94
72 95
72 96
72 97
73 84
73 85
73 86
73 87
73 88
73 89
73 90
73 91
73 92
73 93
73 94
73 95
73 96
73 97
74 84
74 85
74 86
74 87
74 88
74 89
74 90
74 91
74 92
74 93
74 94
74 95
74 96
74 97
94 83
94 84
94 85
94 86
94 87
94 88
94 89
94 90
94 91
94 92
94 93
95 83
95 84
95 85
95 86
95 87
95 88
95 89
95 90
95 91
95 92
95 93
96 83
96 84
97 83
97 84
97 90
97 91
97 92
98 83
98 84
99 83
99 84
100 83
100 84
101 83
101 84
102 83
102 84
103 83
103 84
104 83
104 84
105 83
105 84
106 83
106 84
107 81
107 82
107 83
107 84
108 82
108 83
108 84
109 83
109 84
::COIN-> END
BRETT 1200 3560
BRETT 1320 3560
BRETT 1440 3560
BRETT 1560 3560
BRETT 1680 3560
BRETT 1800 3560
BRETT 1920 3560
BRETT 2040 3560
BRETT 2160 3560
BRETT 2280 3560
BRETT 2400 3560
BRETT 2520 3560
BRETT 2640 3560
BRETT 2760 3560
BRETT 2880 3560
BRETT 3120 3560
BRETT 3720 3440
FIRE 98 86
TURTLEFLY 98 94
TURTLE 98 96
FIRE 99 86
TURTLEFLY 99 94
TURTLE 99 96
FIRE 100 86
GOOMBA 100 92
SPINY 100 94
SPINY 100 95
TURTLE 100 96
FIRE 101 86
GOOMBA 101 92
TURTLEFLY 101 94
SPINY 101 95
TURTLE 101 96
FIRE 102 86
GOOMBA 102 92
TURTLEFLY 102 94
SPINY 102 95
TURTLE 102 96
FIRE 103 86
GOOMBA 103 92
TURTLEFLY 103 94
SPINY 103 96
FIRE 104 86
GOOMBA 104 92
TURTLEFLY 104 94
SPINY 104 96
FIRE 105 86
GOOMBA 105 92
TURTLEFLY 105 94
TURTLE 105 96
FIRE 106 86
GOOMBA 106 92
TURTLEFLY 106 94
SPINY 106 95
TURTLE 106 96
FIRE 107 86
GOOMBA 107 92
TURTLEFLY 107 94
TURTLE 107 96
FIRE 108 86
GOOMBA 108 92
TURTLEFLY 108 94
SPINY 108 95
TURTLE 108 96
FIRE 109 86
GOOMBA 109 92
TURTLEFLY 109 94
SPINY 109 95
TURTLE 109 96
KILLERBLUME 110 80
FIRE 110 86
GOOMBA 110 92
TURTLEFLY 110 94
TURTLE 110 96
KILLERBLUME 111 80
FIRE 111 86
GOOMBA 111 92
TURTLEFLY 111 94
SPINY 111 95
TURTLE 111 96
KILLERBLUME 112 80
FIRE 112 86
GOOMBA 112 92
TURTLEFLY 112 94
SPINY 112 95
TURTLE 112 96
KILLERBLUME 113 80
FIRE 113 86
GOOMBA 113 92
TURTLEFLY 113 94
SPINY 113 95
TURTLE 113 96
KILLERBLUME 114 80
FIRE 114 86
GOOMBA 114 92
TURTLEFLY 114 94
SPINY 114 95
TURTLE 114 96
KILLERBLUME 115 80
FIRE 115 86
GOOMBA 115 92
TURTLEFLY 115 94
SPINY 115 95
TURTLE 115 96
KILLERBLUME 116 80
FIRE 116 86
GOOMBA 116 92
TURTLEFLY 116 94
SPINY 116 95
TURTLE 116 96
FIRE 117 86
GOOMBA 117 92
TURTLEFLY 117 94
SPINY 117 95
TURTLE 117 96
FIRE 118 86
GOOMBA 118 92
TURTLEFLY 118 94
SPINY 118 95
TURTLE 118 96
FIRE 119 86
GOOMBA 119 92
TURTLEFLY 119 94
SPINY 119 95
TURTLE 119 96
FIRE 120 86
TURTLE 122 87
GOOMBA 122 89
TURTLE 123 87
SPINY 123 88
GOOMBA 123 89
TURTLEFLY 124 83
TURTLE 124 87
SPINY 124 88
GOOMBA 124 89
TURTLEFLY 125 82
TURTLEFLY 125 83
TURTLEFLY 125 85
TURTLE 125 87
SPINY 125 88
GOOMBA 125 89
TURTLEFLY 126 82
TURTLEFLY 126 83
TURTLEFLY 126 85
TURTLE 126 87
SPINY 126 88
GOOMBA 126 89
TURTLEFLY 127 82
TURTLEFLY 127 83
TURTLEFLY 127 84
TURTLEFLY 127 85
TURTLE 127 87
SPINY 127 88
GOOMBA 127 89
TURTLEFLY 128 82
TURTLEFLY 128 83
TURTLEFLY 128 84
TURTLEFLY 128 85
TURTLE 128 87
SPINY 128 88
GOOMBA 128 89
TURTLEFLY 129 82
TURTLEFLY 129 83
TURTLEFLY 129 84
TURTLEFLY 129 85
TURTLE 129 87
SPINY 129 88
GOOMBA 129 89
TURTLEFLY 130 82
TURTLEFLY 130 83
TURTLEFLY 130 84
TURTLEFLY 130 85
TURTLE 130 87
SPINY 130 88
GOOMBA 130 89
TURTLEFLY 131 82
TURTLEFLY 131 83
TURTLEFLY 131 84
TURTLEFLY 131 85
TURTLE 131 87
SPINY 131 88
GOOMBA 131 89
TURTLEFLY 132 82
TURTLEFLY 132 83
TURTLEFLY 132 84
TURTLEFLY 132 85
TURTLE 132 87
SPINY 132 88
GOOMBA 132 89
TURTLEFLY 133 82
TURTLEFLY 133 83
TURTLEFLY 133 84
TURTLEFLY 133 85
TURTLE 133 87
SPINY 133 88
GOOMBA 133 89
TURTLEFLY 134 82
TURTLEFLY 134 83
TURTLEFLY 134 84
TURTLEFLY 134 85
TURTLE 134 87
SPINY 134 88
GOOMBA 134 89
TURTLEFLY 135 82
TURTLEFLY 135 83
TURTLEFLY 135 84
TURTLEFLY 135 85
TURTLE 135 87
SPINY 135 88
GOOMBA 135 89
TURTLEFLY 136 82
TURTLEFLY 136 83
TURTLEFLY 136 84
TURTLEFLY 136 85
TURTLE 136 87
SPINY 136 88
GOOMBA 136 89
TURTLEFLY 137 82
TURTLEFLY 137 83
TURTLEFLY 137 84
TURTLEFLY 137 85
TURTLE 137 87
SPINY 137 88
GOOMBA 137 89
TURTLEFLY 138 82
TURTLEFLY 138 83
TURTLEFLY 138 84
TURTLEFLY 138 85
TURTLE 138 87
SPINY 138 88
GOOMBA 138 89
TURTLEFLY 139 82
TURTLEFLY 139 83
TURTLEFLY 139 84
TURTLEFLY 139 85
TURTLE 139 87
SPINY 139 88
GOOMBA 139 89
TURTLEFLY 140 82
TURTLEFLY 140 83
TURTLEFLY 140 84
TURTLEFLY 140 85
TURTLE 140 87
SPINY 140 88
GOOMBA 140 89
TURTLEFLY 141 82
TURTLEFLY 141 83
TURTLEFLY 141 84
TURTLEFLY 141 85
TURTLE 141 87
SPINY 141 88
GOOMBA 141 89
TURTLEFLY 142 82
TURTLEFLY 142 83
TURTLEFLY 142 84
TURTLEFLY 142 85
TURTLE 142 87
SPINY 142 88
GOOMBA 142 89
TURTLEFLY 143 82
TURTLEFLY 143 83
TURTLEFLY 143 84
TURTLEFLY 143 85
TURTLE 143 87
SPINY 143 88
GOOMBA 143 89
TURTLEFLY 144 82
TURTLEFLY 144 83
TURTLEFLY 144 84
TURTLEFLY 144 85
TURTLE 144 87
SPINY 144 88
GOOMBA 144 89
TURTLEFLY 145 82
TURTLEFLY 145 83
TURTLEFLY 145 84
TURTLEFLY 145 85
TURTLE 145 87
SPINY 145 88
GOOMBA 145 89
TURTLEFLY 146 82
TURTLEFLY 146 83
TURTLEFLY 146 84
TURTLEFLY 146 85
TURTLE 146 87
SPINY 146 88
GOOMBA 146 89
TURTLEFLY 147 82
TURTLEFLY 147 83
TURTLEFLY 147 84
TURTLEFLY 147 85
TURTLE 147 87
SPINY 147 88
GOOMBA 147 89
TURTLEFLY 148 82
TURTLEFLY 148 83
TURTLEFLY 148 84
TURTLEFLY 148 85
TURTLE 148 87
SPINY 148 88
GOOMBA 148 89
TURTLEFLY 149 82
TURTLEFLY 149 83
TURTLEFLY 149 84
TURTLEFLY 149 85
TURTLE 149 87
SPINY 149 88
GOOMBA 149 89
TURTLEFLY 150 82
TURTLEFLY 150 83
TURTLEFLY 150 84
TURTLEFLY 150 85
TURTLE 150 87
SPINY 150 88
GOOMBA 150 89
TURTLEFLY 151 82
TURTLEFLY 151 83
TURTLEFLY 151 84
TURTLEFLY 151 85
TURTLE 151 87
SPINY 151 88
GOOMBA 151 89
TURTLEFLY 152 82
TURTLEFLY 152 83
TURTLEFLY 152 84
TURTLEFLY 152 85
TURTLE 152 87
SPINY 152 88
GOOMBA 152 89
TURTLEFLY 153 82
TURTLEFLY 153 83
TURTLEFLY 153 84
TURTLEFLY 153 85
TURTLE 153 87
SPINY 153 88
GOOMBA 153 89
TURTLEFLY 154 82
TURTLEFLY 154 83
TURTLEFLY 154 84
TURTLEFLY 154 85
TURTLE 154 87
SPINY 154 88
GOOMBA 154 89
TURTLEFLY 155 82
TURTLEFLY 155 83
TURTLEFLY 155 84
TURTLEFLY 155 85
TURTLE 155 87
SPINY 155 88
GOOMBA 155 89
TURTLEFLY 156 82
TURTLEFLY 156 83
TURTLEFLY 156 84
TURTLEFLY 156 85
TURTLE 156 87
SPINY 156 88
GOOMBA 156 89
TURTLEFLY 157 82
TURTLEFLY 157 83
TURTLEFLY 157 84
TURTLEFLY 157 85
TURTLE 157 87
SPINY 157 88
GOOMBA 157 89
TURTLEFLY 158 82
TURTLEFLY 158 83
TURTLEFLY 158 84
TURTLEFLY 158 85
TURTLE 158 87
SPINY 158 88
GOOMBA 158 89
TURTLEFLY 159 82
TURTLEFLY 159 83
TURTLEFLY 159 84
TURTLEFLY 159 85
TURTLE 159 87
SPINY 159 88
GOOMBA 159 89
TURTLEFLY 160 82
TURTLEFLY 160 83
TURTLEFLY 160 84
TURTLEFLY 160 85
TURTLE 160 87
SPINY 160 88
GOOMBA 160 89
TURTLEFLY 161 82
TURTLEFLY 161 83
TURTLEFLY 161 84
TURTLEFLY 161 85
TURTLE 161 87
SPINY 161 88
GOOMBA 161 89
TURTLEFLY 162 82
TURTLEFLY 162 83
TURTLEFLY 162 84
TURTLEFLY 162 85
TURTLE 162 87
SPINY 162 88
GOOMBA 162 89
TURTLEFLY 163 82
TURTLEFLY 163 83
TURTLEFLY 163 84
TURTLEFLY 163 85
TURTLE 163 87
SPINY 163 88
GOOMBA 163 89
TURTLEFLY 164 82
TURTLEFLY 164 83
TURTLEFLY 164 84
TURTLEFLY 164 85
TURTLE 164 87
SPINY 164 88
GOOMBA 164 89
TURTLEFLY 165 82
TURTLEFLY 165 83
TURTLEFLY 165 84
TURTLEFLY 165 85
TURTLE 165 87
SPINY 165 88
GOOMBA 165 89
TURTLEFLY 166 82
TURTLEFLY 166 83
TURTLEFLY 166 84
TURTLEFLY 166 85
TURTLE 166 87
SPINY 166 88
GOOMBA 166 89
TURTLEFLY 167 82
TURTLEFLY 167 83
TURTLEFLY 167 84
TURTLEFLY 167 85
TURTLE 167 87
SPINY 167 88
GOOMBA 167 89
TURTLEFLY 168 82
TURTLEFLY 168 83
TURTLEFLY 168 84
TURTLEFLY 168 85
TURTLE 168 87
SPINY 168 88
GOOMBA 168 89
TURTLEFLY 169 82
TURTLEFLY 169 83
TURTLEFLY 169 84
TURTLEFLY 169 85
TURTLE 169 87
GOOMBA 169 89
RESTART data/levels/old/lab/main
START 0 4238 2657 0
EXIT 0 0 0 NONE 0 0
START 1 0 0 0
EXIT 1 0 0 NONE 0 0
START 2 0 0 0
EXIT 2 0 0 NONE 0 0
START 3 0 0 0
EXIT 3 0 0 NONE 0 0
START 4 0 0 0
EXIT 4 0 0 NONE 0 0
BGCOLOR 2000030

#If you want Background music:
#MUSIC megamusic.mid
#if you want a big static background:
#BACKGROUND data/gfx/background/VH.jpg

