# Level for Mega Mario

TIP Big_World Wow!! Everything's_so_big... _ _ _ _ _ -

TEXTURE data/gfx/tiles/ground/stone0.png
TEXTURE data/gfx/tiles/ground/stone1.png
TEXTURE data/gfx/tiles/ground/stone2.png
TEXTURE data/gfx/tiles/ground/stone3.png
TEXTURE data/gfx/tiles/ground/stone4.png
TEXTURE data/gfx/tiles/ground/stone5.png
TEXTURE data/gfx/tiles/ground/stone6.png
TEXTURE data/gfx/tiles/ground/bricks.png
TEXTURE data/gfx/tiles/ground/bricks2.png
TEXTURE data/gfx/tiles/ground/snowy.png
TEXTURE data/gfx/tiles/ground/grass.png
TEXTURE data/gfx/tiles/ground/sand.png
TEXTURE data/gfx/tiles/ground/metal.png
TEXTURE data/gfx/tiles/cannonset1.png
TEXTURE data/gfx/tiles/cannonset2.png
TEXTURE data/gfx/tiles/pipes/up/1.png
TEXTURE data/gfx/tiles/pipes/up/2.png
TEXTURE data/gfx/tiles/pipes/up/3.png
TEXTURE data/gfx/tiles/pipes/up/4.png
TEXTURE data/gfx/tiles/pipes/down/1.png
TEXTURE data/gfx/tiles/pipes/down/2.png
TEXTURE data/gfx/tiles/pipes/down/3.png
TEXTURE data/gfx/tiles/pipes/down/4.png
TEXTURE data/gfx/tiles/pipes/right/1.png
TEXTURE data/gfx/tiles/pipes/right/2.png
TEXTURE data/gfx/tiles/pipes/right/3.png
TEXTURE data/gfx/tiles/pipes/right/4.png
TEXTURE data/gfx/tiles/pipes/left/1.png
TEXTURE data/gfx/tiles/pipes/left/2.png
TEXTURE data/gfx/tiles/pipes/left/3.png
TEXTURE data/gfx/tiles/pipes/left/4.png
TEXTURE data/gfx/tiles/conveyorL.png
TEXTURE data/gfx/tiles/conveyorR.png
TEXTURE data/gfx/tiles/pipes/monsterpipe.png
::TILES-> BEGIN
4 93 34
4 99 11
5 99 11
6 99 11
7 99 11
8 99 11
9 99 11
10 99 11
11 99 11
12 99 11
13 99 11
14 99 11
15 99 11
16 99 11
17 99 11
18 99 11
19 99 11
20 99 11
21 99 11
22 99 11
23 99 11
24 99 11
25 99 11
26 99 11
27 99 11
28 99 11
29 99 11
30 99 11
31 99 11
32 99 11
33 99 11
34 99 11
35 96 8
35 97 8
35 98 8
35 99 11
36 95 8
36 96 8
36 97 8
36 98 8
36 99 11
37 94 8
37 95 8
37 96 8
37 97 8
37 98 8
37 99 11
38 93 8
38 94 8
38 95 8
38 96 8
38 97 8
38 98 8
38 99 11
39 93 34
39 99 11
40 99 11
41 99 11
42 99 11
43 99 11
44 99 11
45 99 11
46 99 11
47 99 11
48 99 11
49 99 11
50 99 11
51 99 11
52 99 11
53 99 11
54 99 11
55 99 11
56 99 11
57 99 11
58 99 11
59 99 11
60 99 11
61 99 11
62 99 11
63 99 11
64 99 11
65 99 11
66 99 11
67 99 11
68 99 11
69 99 11
70 99 11
71 99 11
72 99 11
73 99 11
74 99 11
75 99 11
76 99 11
77 99 11
78 99 11
79 99 11
80 99 11
81 99 11
82 99 11
83 99 11
84 99 11
85 99 11
86 99 11
87 99 11
88 99 11
89 99 11
90 99 11
91 99 11
92 99 11
93 99 11
94 99 11
95 99 11
96 99 11
97 99 11
98 99 11
99 99 11
100 99 11
101 99 11
102 99 11
103 99 11
104 99 11
105 99 11
106 99 11
107 99 11
108 99 11
109 99 11
110 99 11
111 99 11
112 99 11
113 99 11
114 99 11
115 99 11
116 99 11
117 99 11
118 99 11
119 99 11
120 99 11
121 99 11
122 99 11
123 99 11
124 99 11
125 99 11
126 99 11
127 99 11
128 99 11
129 99 11
130 99 11
131 99 11
132 99 11
133 99 11
134 99 11
135 99 11
136 99 11
137 99 11
138 99 11
139 99 11
140 99 11
141 99 11
142 99 11
143 99 11
144 99 11
145 99 11
146 99 11
147 99 11
148 99 11
149 99 11
150 99 11
151 99 11
152 99 11
153 99 11
154 99 11
155 99 11
156 99 11
157 99 11
158 99 11
159 99 11
160 99 11
161 99 11
162 99 11
163 99 11
164 99 11
165 99 11
166 99 11
167 99 11
168 99 11
169 99 11
170 99 11
171 99 11
172 99 11
173 99 11
174 99 11
175 99 11
176 99 11
177 99 11
178 99 11
179 99 11
180 99 11
181 99 11
182 99 11
183 99 11
184 99 11
185 99 11
186 99 11
187 99 11
188 99 11
189 99 11
190 99 11
191 93 34
191 99 11
192 99 11
193 99 11
194 99 11
195 99 11
196 99 11
197 99 11
198 99 11
199 99 11
200 99 11
201 99 11
202 99 11
203 99 11
204 99 11
205 99 11
206 99 11
207 99 11
208 99 11
209 99 11
210 99 11
211 99 11
212 99 11
213 99 11
214 99 11
215 99 11
216 99 11
217 99 11
218 99 11
219 99 11
220 99 11
221 99 11
222 99 11
223 99 11
224 99 11
225 99 11
226 99 11
227 99 11
228 99 11
229 99 11
230 99 11
231 99 11
232 99 11
233 99 11
234 99 11
235 99 11
236 99 11
237 99 11
238 99 11
239 99 11
240 99 11
241 99 11
242 99 11
243 99 11
244 99 11
245 99 11
246 99 11
247 99 11
248 99 11
249 99 11
250 99 11
251 99 11
252 99 11
253 99 11
254 99 11
255 99 11
256 99 11
257 99 11
258 99 11
259 99 11
260 99 11
261 99 11
262 99 11
263 99 11
264 99 11
265 99 11
266 99 11
267 99 11
268 99 11
269 99 11
270 99 11
271 99 11
272 99 11
273 99 11
274 99 11
275 99 11
276 99 11
277 99 11
278 99 11
279 99 11
280 99 11
281 99 11
282 99 11
283 99 11
284 99 11
285 99 11
286 99 11
287 99 11
288 99 11
289 99 11
290 99 11
291 99 11
292 99 11
293 99 11
294 99 11
295 99 11
296 99 11
297 99 11
298 99 11
299 99 11
300 99 11
301 99 11
302 99 11
303 99 11
304 99 11
305 99 11
306 99 11
307 99 11
308 99 11
309 99 11
310 99 11
311 99 11
312 99 11
313 99 11
314 99 11
315 99 11
316 99 11
317 99 11
318 99 11
319 99 11
320 99 11
321 99 11
322 99 11
323 99 11
324 99 11
325 99 11
326 99 11
327 99 11
328 99 11
329 99 11
330 99 11
331 99 11
332 99 11
333 99 11
334 99 11
335 99 11
336 99 11
337 99 11
338 99 11
339 99 11
340 99 11
341 99 11
342 99 11
343 99 11
344 99 11
345 99 11
346 99 11
347 99 11
348 99 11
349 99 11
350 99 11
351 99 11
352 99 11
353 99 11
354 99 11
355 99 11
356 99 11
357 99 11
358 99 11
359 99 11
360 99 11
361 99 11
362 99 11
363 99 11
364 99 11
365 99 11
366 99 11
367 99 11
368 99 11
369 99 11
370 99 11
371 99 11
372 99 11
373 99 11
374 99 11
375 99 11
376 99 11
377 99 11
378 99 11
379 99 11
380 99 11
381 99 11
382 99 11
383 99 11
384 99 11
385 99 11
386 99 11
387 99 11
388 99 11
389 99 11
390 99 11
391 99 11
392 99 11
393 99 11
394 99 11
395 99 11
396 99 11
397 99 11
398 99 11
::TILES-> END
::BONUS-> BEGIN
4 93 15
4 94 15
4 95 15
4 96 15
4 97 15
4 98 15
5 93 15
6 93 15
7 93 15
8 93 15
9 93 15
10 93 15
11 93 15
11 94 15
11 95 15
11 96 15
11 97 15
11 98 15
39 93 15
40 93 15
41 93 15
42 93 15
43 93 15
44 93 15
45 93 15
46 93 15
46 94 15
46 95 15
46 96 15
46 97 15
46 98 15
190 94 2
191 93 15
191 94 15
191 95 15
191 96 15
191 97 15
191 98 15
192 93 15
193 93 15
194 93 15
195 93 15
196 93 15
197 93 15
198 93 15
198 94 15
199 59 15
199 60 15
199 61 15
199 62 15
199 63 15
199 64 15
199 65 15
199 66 15
199 67 15
199 68 15
199 69 15
199 70 15
199 71 15
199 72 15
199 73 15
199 74 15
199 75 15
199 76 15
199 77 15
199 78 15
199 79 15
199 80 15
199 81 15
199 82 15
199 83 15
199 84 15
199 85 15
199 86 15
199 87 15
199 88 15
199 89 15
199 90 15
199 91 15
199 92 15
199 93 15
199 94 15
199 95 15
199 96 15
199 97 15
199 98 15
::BONUS-> END
::COIN-> BEGIN
::COIN-> END
FIRE 1 98
FIRE 2 98
FIRE 3 98
GOOMBABIG 22 89
BRETT 3120 3560
GOOMBABIG 111 89
BRETT 5080 3600
GOOMBABIG 134 89
GOOMBABIG 151 89
BRETT 6240 3600
GOOMBABIG 175 89
RESTART data/levels/21/main
START 0 303 3641 4
EXIT 0 7795 3702 data/levels/22/main 0 0
START 1 0 0 0
EXIT 1 0 0 NONE 0 0
START 2 0 0 0
EXIT 2 0 0 NONE 0 0
START 3 0 0 0
EXIT 3 0 0 NONE 0 0
START 4 0 0 0
EXIT 4 0 0 NONE 0 0
BGCOLOR 1

#If you want Background music:
MUSIC groove1.mid
#if you want a big static background:
#BACKGROUND data/gfx/background/VH.jpg

