# Level for Mega Mario

TEXTURE data/gfx/tiles/ground/stone0.png
TEXTURE data/gfx/tiles/ground/stone1.png
TEXTURE data/gfx/tiles/ground/stone2.png
TEXTURE data/gfx/tiles/ground/stone3.png
TEXTURE data/gfx/tiles/ground/stone4.png
TEXTURE data/gfx/tiles/ground/stone5.png
TEXTURE data/gfx/tiles/ground/stone6.png
TEXTURE data/gfx/tiles/ground/bricks.png
TEXTURE data/gfx/tiles/ground/bricks2.png
TEXTURE data/gfx/tiles/ground/snowy.png
TEXTURE data/gfx/tiles/ground/grass.png
TEXTURE data/gfx/tiles/ground/sand.png
TEXTURE data/gfx/tiles/ground/metal.png
TEXTURE data/gfx/tiles/cannonset1.png
TEXTURE data/gfx/tiles/cannonset2.png
TEXTURE data/gfx/tiles/pipes/up/1.png
TEXTURE data/gfx/tiles/pipes/up/2.png
TEXTURE data/gfx/tiles/pipes/up/3.png
TEXTURE data/gfx/tiles/pipes/up/4.png
TEXTURE data/gfx/tiles/pipes/down/1.png
TEXTURE data/gfx/tiles/pipes/down/2.png
TEXTURE data/gfx/tiles/pipes/down/3.png
TEXTURE data/gfx/tiles/pipes/down/4.png
TEXTURE data/gfx/tiles/pipes/right/1.png
TEXTURE data/gfx/tiles/pipes/right/2.png
TEXTURE data/gfx/tiles/pipes/right/3.png
TEXTURE data/gfx/tiles/pipes/right/4.png
TEXTURE data/gfx/tiles/pipes/left/1.png
TEXTURE data/gfx/tiles/pipes/left/2.png
TEXTURE data/gfx/tiles/pipes/left/3.png
TEXTURE data/gfx/tiles/pipes/left/4.png
TEXTURE data/gfx/story/castle1.png
::TILES-> BEGIN
1 45 7
1 46 7
1 47 7
1 48 7
1 49 7
1 50 7
1 51 7
1 52 7
1 53 7
1 54 7
1 55 7
1 56 7
1 57 7
1 58 7
1 59 7
1 60 7
1 61 7
1 62 7
1 63 7
1 64 7
1 65 7
1 66 7
1 67 7
1 68 7
1 69 7
1 70 7
1 71 7
1 72 7
1 73 7
1 74 7
1 75 7
1 76 7
1 77 7
1 78 7
1 79 7
1 80 7
1 81 7
1 82 7
1 83 7
1 84 7
1 85 7
1 86 7
1 87 7
1 88 7
1 89 7
1 90 7
1 91 7
1 92 7
1 93 7
1 94 7
1 95 7
1 96 7
1 97 7
1 98 7
1 99 7
2 45 7
2 46 7
2 47 7
2 48 7
2 49 7
2 50 7
2 51 7
2 52 7
2 53 7
2 54 7
2 55 7
2 56 7
2 57 7
2 58 7
2 59 7
2 60 7
2 61 7
2 62 7
2 63 7
2 64 7
2 65 7
2 66 7
2 67 7
2 68 7
2 69 7
2 70 7
2 71 7
2 72 7
2 73 7
2 74 7
2 75 7
2 76 7
2 77 7
2 78 7
2 79 7
2 80 7
2 81 7
2 82 7
2 83 7
2 84 7
2 85 7
2 86 7
2 87 7
2 88 7
2 89 7
2 90 7
2 91 7
2 92 7
2 93 7
2 94 7
2 95 7
2 96 7
2 97 7
2 98 7
2 99 7
3 0 7
3 1 7
3 2 7
3 3 7
3 4 7
3 5 7
3 6 7
3 7 7
3 45 7
3 46 7
3 47 7
3 48 7
3 49 7
3 50 7
3 51 7
3 52 7
3 53 7
3 54 7
3 55 7
3 56 7
3 57 7
3 58 7
3 59 7
3 60 7
3 61 7
3 62 7
3 63 7
3 64 7
3 65 7
3 66 7
3 67 7
3 68 7
3 69 7
3 70 7
3 71 7
3 77 7
3 78 7
3 79 7
3 80 7
3 81 7
3 82 7
3 83 7
3 84 7
3 85 7
3 86 7
3 87 7
3 88 7
3 89 7
3 90 7
3 91 7
3 92 7
3 93 7
3 94 7
3 95 7
3 96 7
3 97 7
3 98 7
3 99 7
4 0 7
4 1 7
4 2 7
4 3 7
4 4 7
4 5 7
4 6 7
4 7 7
4 45 7
4 46 7
4 47 7
4 48 7
4 49 7
4 50 7
4 51 7
4 52 7
4 53 7
4 54 7
4 55 7
4 56 7
4 57 7
4 58 7
4 59 7
4 60 7
4 61 7
4 62 7
4 63 7
4 64 7
4 65 7
4 66 7
4 67 7
4 68 7
4 69 7
4 70 7
4 71 7
4 72 20
4 77 7
4 78 7
4 79 7
4 80 7
4 81 7
4 82 7
4 83 7
4 84 7
4 85 7
4 86 7
4 87 7
4 88 7
4 89 7
4 90 7
4 91 7
4 92 7
4 93 7
4 94 7
4 95 7
4 96 7
4 97 7
4 98 7
4 99 7
5 0 7
5 1 7
5 2 7
5 3 7
5 4 7
5 5 7
5 6 7
5 7 7
5 45 7
5 46 7
5 47 7
5 48 7
5 49 7
5 50 7
5 51 7
5 52 7
5 53 7
5 54 7
5 55 7
5 56 7
5 57 7
5 58 7
5 59 7
5 60 7
5 61 7
5 62 7
5 63 7
5 64 7
5 65 7
5 66 7
5 67 7
5 68 7
5 69 7
5 70 7
5 71 7
5 72 21
5 77 7
5 78 7
5 79 7
5 80 7
5 81 7
5 82 7
5 83 7
5 84 7
5 85 7
5 86 7
5 87 7
5 88 7
5 89 7
5 90 7
5 91 7
5 92 7
5 93 7
5 94 7
5 95 7
5 96 7
5 97 7
5 98 7
5 99 7
6 0 7
6 1 7
6 2 7
6 3 7
6 4 7
6 5 7
6 6 7
6 7 7
6 45 7
6 46 7
6 47 7
6 48 7
6 49 7
6 50 7
6 51 7
6 52 7
6 53 7
6 54 7
6 55 7
6 56 7
6 57 7
6 58 7
6 59 7
6 60 7
6 61 7
6 62 7
6 63 7
6 64 7
6 65 7
6 66 7
6 67 7
6 68 7
6 69 7
6 70 7
6 71 7
6 78 7
6 79 7
6 80 7
6 81 7
6 82 7
6 83 7
6 84 7
6 85 7
6 86 7
6 87 7
6 88 7
6 89 7
6 90 7
6 91 7
6 92 7
6 93 7
6 94 7
6 95 7
6 96 7
6 97 7
6 98 7
6 99 7
7 0 7
7 1 7
7 2 7
7 3 7
7 4 7
7 5 7
7 6 7
7 7 7
7 45 7
7 46 7
7 47 7
7 48 7
7 49 7
7 50 7
7 51 7
7 52 7
7 53 7
7 54 7
7 55 7
7 56 7
7 57 7
7 58 7
7 59 7
7 60 7
7 61 7
7 62 7
7 63 7
7 64 7
7 65 7
7 66 7
7 67 7
7 68 7
7 69 7
7 70 7
7 71 7
7 79 7
7 80 7
7 81 7
7 82 7
7 83 7
7 84 7
7 85 7
7 86 7
7 87 7
7 88 7
7 89 7
7 90 7
7 91 7
7 92 7
7 93 7
7 94 7
7 95 7
7 96 7
7 97 7
7 98 7
7 99 7
8 0 7
8 1 7
8 2 7
8 3 7
8 4 7
8 5 7
8 6 7
8 7 7
8 45 7
8 46 7
8 47 7
8 48 7
8 49 7
8 50 7
8 51 7
8 52 7
8 53 7
8 54 7
8 55 7
8 56 7
8 57 7
8 58 7
8 59 7
8 60 7
8 61 7
8 62 7
8 63 7
8 64 7
8 65 7
8 66 7
8 67 7
8 68 7
8 69 7
8 70 7
8 71 7
8 79 7
8 80 7
8 81 7
8 82 7
8 83 7
8 84 7
8 85 7
8 86 7
8 87 7
8 88 7
8 89 7
8 90 7
8 91 7
8 92 7
8 93 7
8 94 7
8 95 7
8 96 7
8 97 7
8 98 7
8 99 7
9 0 7
9 1 7
9 2 7
9 3 7
9 4 7
9 5 7
9 6 7
9 7 7
9 45 7
9 46 7
9 47 7
9 48 7
9 49 7
9 50 7
9 51 7
9 52 7
9 53 7
9 54 7
9 55 7
9 56 7
9 57 7
9 58 7
9 59 7
9 60 7
9 61 7
9 62 7
9 63 7
9 64 7
9 65 7
9 66 7
9 67 7
9 68 7
9 69 7
9 70 7
9 71 7
9 79 7
9 80 7
9 81 7
9 82 7
9 83 7
9 84 7
9 85 7
9 86 7
9 87 7
9 88 7
9 89 7
9 90 7
9 91 7
9 92 7
9 93 7
9 94 7
9 95 7
9 96 7
9 97 7
9 98 7
9 99 7
10 0 7
10 1 7
10 2 7
10 3 7
10 4 7
10 5 7
10 6 7
10 7 7
10 45 7
10 46 7
10 47 7
10 48 7
10 49 7
10 50 7
10 51 7
10 52 7
10 53 7
10 54 7
10 55 7
10 56 7
10 57 7
10 58 7
10 59 7
10 60 7
10 61 7
10 62 7
10 63 7
10 64 7
10 65 7
10 66 7
10 67 7
10 68 7
10 69 7
10 70 7
10 71 7
10 79 7
10 80 7
10 81 7
10 82 7
10 83 7
10 84 7
10 85 7
10 86 7
10 87 7
10 88 7
10 89 7
10 90 7
10 91 7
10 92 7
10 93 7
10 94 7
10 95 7
10 96 7
10 97 7
10 98 7
10 99 7
11 0 7
11 1 7
11 2 7
11 3 7
11 4 7
11 5 7
11 6 7
11 7 7
11 45 7
11 46 7
11 47 7
11 48 7
11 49 7
11 50 7
11 51 7
11 52 7
11 53 7
11 54 7
11 55 7
11 56 7
11 57 7
11 58 7
11 59 7
11 60 7
11 61 7
11 62 7
11 63 7
11 64 7
11 65 7
11 66 7
11 67 7
11 68 7
11 69 7
11 70 7
11 71 7
11 79 7
11 80 7
11 81 7
11 82 7
11 83 7
11 84 7
11 85 7
11 86 7
11 87 7
11 88 7
11 89 7
11 90 7
11 91 7
11 92 7
11 93 7
11 94 7
11 95 7
11 96 7
11 97 7
11 98 7
11 99 7
12 0 7
12 1 7
12 2 7
12 3 7
12 4 7
12 5 7
12 6 7
12 7 7
12 45 7
12 46 7
12 47 7
12 48 7
12 49 7
12 50 7
12 51 7
12 52 7
12 53 7
12 54 7
12 55 7
12 56 7
12 57 7
12 58 7
12 59 7
12 60 7
12 61 7
12 62 7
12 63 7
12 64 7
12 65 7
12 66 7
12 67 7
12 68 7
12 69 7
12 70 7
12 71 7
12 79 7
12 80 7
12 81 7
12 82 7
12 83 7
12 84 7
12 85 7
12 86 7
12 87 7
12 88 7
12 89 7
12 90 7
12 91 7
12 92 7
12 93 7
12 94 7
12 95 7
12 96 7
12 97 7
12 98 7
12 99 7
13 0 7
13 1 7
13 2 7
13 3 7
13 4 7
13 5 7
13 6 7
13 7 7
13 45 7
13 46 7
13 47 7
13 48 7
13 49 7
13 50 7
13 51 7
13 52 7
13 53 7
13 54 7
13 55 7
13 56 7
13 57 7
13 58 7
13 59 7
13 60 7
13 61 7
13 62 7
13 63 7
13 64 7
13 65 7
13 66 7
13 67 7
13 68 7
13 69 7
13 70 7
13 71 7
13 79 7
13 80 7
13 81 7
13 82 7
13 83 7
13 84 7
13 85 7
13 86 7
13 87 7
13 88 7
13 89 7
13 90 7
13 91 7
13 92 7
13 96 7
13 97 7
13 98 7
13 99 7
14 0 7
14 1 7
14 2 7
14 3 7
14 4 7
14 5 7
14 6 7
14 7 7
14 45 7
14 46 7
14 47 7
14 48 7
14 49 7
14 50 7
14 51 7
14 52 7
14 53 7
14 54 7
14 55 7
14 56 7
14 57 7
14 58 7
14 59 7
14 60 7
14 61 7
14 62 7
14 63 7
14 64 7
14 65 7
14 66 7
14 67 7
14 68 7
14 69 7
14 70 7
14 71 7
14 72 7
14 79 7
14 80 7
14 81 7
14 82 7
14 83 7
14 84 7
14 85 7
14 86 7
14 87 7
14 88 7
14 89 7
14 90 7
14 91 7
14 92 7
14 94 7
14 96 7
14 97 7
14 98 7
14 99 7
15 0 7
15 1 7
15 2 7
15 3 7
15 4 7
15 5 7
15 6 7
15 7 7
15 45 7
15 46 7
15 47 7
15 48 7
15 49 7
15 50 7
15 51 7
15 52 7
15 53 7
15 54 7
15 55 7
15 56 7
15 57 7
15 58 7
15 59 7
15 60 7
15 61 7
15 62 7
15 63 7
15 64 7
15 65 7
15 66 7
15 67 7
15 68 7
15 69 7
15 70 7
15 71 7
15 72 7
15 73 7
15 79 7
15 80 7
15 81 7
15 82 7
15 83 7
15 84 7
15 85 7
15 86 7
15 87 7
15 88 7
15 89 7
15 90 7
15 91 7
15 92 7
15 94 7
15 96 7
15 97 7
15 98 7
15 99 7
16 0 7
16 1 7
16 2 7
16 3 7
16 4 7
16 5 7
16 6 7
16 7 7
16 45 7
16 46 7
16 47 7
16 48 7
16 49 7
16 50 7
16 51 7
16 52 7
16 53 7
16 54 7
16 55 7
16 56 7
16 57 7
16 58 7
16 59 7
16 60 7
16 61 7
16 62 7
16 63 7
16 64 7
16 65 7
16 66 7
16 67 7
16 68 7
16 69 7
16 70 7
16 71 7
16 72 7
16 73 7
16 74 7
16 78 7
16 79 7
16 80 7
16 81 7
16 82 7
16 83 7
16 84 7
16 85 7
16 86 7
16 87 7
16 88 7
16 89 7
16 94 7
16 96 7
16 97 7
16 98 7
16 99 7
17 0 7
17 1 7
17 2 7
17 3 7
17 4 7
17 5 7
17 6 7
17 7 7
17 45 7
17 46 7
17 47 7
17 48 7
17 49 7
17 50 7
17 51 7
17 52 7
17 53 7
17 54 7
17 55 7
17 56 7
17 57 7
17 58 7
17 59 7
17 60 7
17 61 7
17 62 7
17 63 7
17 64 7
17 65 7
17 66 7
17 67 7
17 68 7
17 69 7
17 70 7
17 74 7
17 78 7
17 82 7
17 83 7
17 84 7
17 85 7
17 86 7
17 87 7
17 88 7
17 89 7
17 92 7
17 93 7
17 94 7
17 96 7
17 97 7
17 98 7
17 99 7
18 0 7
18 1 7
18 2 7
18 3 7
18 4 7
18 5 7
18 6 7
18 7 7
18 45 7
18 46 7
18 47 7
18 48 7
18 49 7
18 50 7
18 51 7
18 52 7
18 53 7
18 54 7
18 55 7
18 56 7
18 57 7
18 58 7
18 59 7
18 60 7
18 61 7
18 62 7
18 63 7
18 64 7
18 65 7
18 66 7
18 67 7
18 68 7
18 69 7
18 70 7
18 74 7
18 78 7
18 82 7
18 83 7
18 84 7
18 85 7
18 86 7
18 87 7
18 88 7
18 89 7
18 91 7
18 92 7
18 93 7
18 94 7
18 96 7
18 97 7
18 98 7
18 99 7
19 0 7
19 1 7
19 2 7
19 3 7
19 4 7
19 5 7
19 6 7
19 7 7
19 45 7
19 46 7
19 47 7
19 48 7
19 49 7
19 50 7
19 51 7
19 52 7
19 53 7
19 54 7
19 55 7
19 56 7
19 57 7
19 58 7
19 59 7
19 60 7
19 61 7
19 62 7
19 63 7
19 64 7
19 65 7
19 66 7
19 67 7
19 68 7
19 69 7
19 70 7
19 74 7
19 78 7
19 82 7
19 83 7
19 84 7
19 85 7
19 86 7
19 87 7
19 88 7
19 89 7
19 91 7
19 92 7
19 93 7
19 94 7
19 96 7
19 97 7
19 98 7
19 99 7
20 0 7
20 1 7
20 2 7
20 45 7
20 46 7
20 47 7
20 48 7
20 49 7
20 50 7
20 51 7
20 52 7
20 53 7
20 54 7
20 55 7
20 56 7
20 57 7
20 58 7
20 59 7
20 60 7
20 61 7
20 62 7
20 63 7
20 64 7
20 65 7
20 66 7
20 67 7
20 68 7
20 69 7
20 70 7
20 74 7
20 78 7
20 82 7
20 83 7
20 84 7
20 85 7
20 86 7
20 87 7
20 88 7
20 89 7
20 91 7
20 92 7
20 97 7
20 99 7
21 45 7
21 46 7
21 47 7
21 48 7
21 49 7
21 50 7
21 51 7
21 52 7
21 53 7
21 54 7
21 55 7
21 56 7
21 57 7
21 58 7
21 59 7
21 60 7
21 61 7
21 62 7
21 63 7
21 64 7
21 65 7
21 66 7
21 67 7
21 68 7
21 69 7
21 70 7
21 74 7
21 78 7
21 82 7
21 83 7
21 84 7
21 85 7
21 86 7
21 87 7
21 88 7
21 89 7
21 91 7
21 92 7
21 97 7
21 99 7
22 45 7
22 46 7
22 47 7
22 48 7
22 49 7
22 50 7
22 51 7
22 52 7
22 53 7
22 54 7
22 55 7
22 56 7
22 57 7
22 58 7
22 59 7
22 60 7
22 61 7
22 62 7
22 63 7
22 64 7
22 65 7
22 66 7
22 67 7
22 68 7
22 69 7
22 70 7
22 71 7
22 72 7
22 73 7
22 74 7
22 78 7
22 79 7
22 80 7
22 81 7
22 82 7
22 83 7
22 84 7
22 85 7
22 86 7
22 87 7
22 88 7
22 89 7
22 91 7
22 92 7
22 97 7
22 99 7
23 45 7
23 46 7
23 47 7
23 48 7
23 49 7
23 50 7
23 51 7
23 52 7
23 53 7
23 54 7
23 55 7
23 56 7
23 57 7
23 58 7
23 59 7
23 60 7
23 61 7
23 62 7
23 63 7
23 64 7
23 65 7
23 66 7
23 67 7
23 68 7
23 69 7
23 70 7
23 71 7
23 72 7
23 73 7
23 79 7
23 80 7
23 81 7
23 82 7
23 83 7
23 84 7
23 85 7
23 86 7
23 87 7
23 88 7
23 89 7
23 91 7
23 92 7
23 99 7
24 45 7
24 46 7
24 47 7
24 48 7
24 49 7
24 50 7
24 51 7
24 52 7
24 53 7
24 54 7
24 55 7
24 56 7
24 57 7
24 58 7
24 59 7
24 60 7
24 61 7
24 62 7
24 63 7
24 64 7
24 65 7
24 66 7
24 67 7
24 68 7
24 69 7
24 70 7
24 71 7
24 72 7
24 79 7
24 80 7
24 81 7
24 82 7
24 83 7
24 84 7
24 85 7
24 86 7
24 87 7
24 88 7
24 89 7
24 91 7
24 92 7
24 99 7
25 45 7
25 46 7
25 47 7
25 48 7
25 49 7
25 50 7
25 51 7
25 52 7
25 53 7
25 54 7
25 55 7
25 56 7
25 57 7
25 58 7
25 59 7
25 60 7
25 61 7
25 62 7
25 63 7
25 64 7
25 65 7
25 66 7
25 67 7
25 68 7
25 69 7
25 70 7
25 71 7
25 79 7
25 80 7
25 81 7
25 82 7
25 83 7
25 84 7
25 85 7
25 86 7
25 87 7
25 88 7
25 89 7
25 91 7
25 92 7
25 99 7
26 0 7
26 1 7
26 2 7
26 3 7
26 4 7
26 5 7
26 45 7
26 46 7
26 47 7
26 48 7
26 49 7
26 50 7
26 51 7
26 52 7
26 53 7
26 54 7
26 55 7
26 56 7
26 57 7
26 58 7
26 59 7
26 60 7
26 61 7
26 62 7
26 63 7
26 64 7
26 65 7
26 66 7
26 67 7
26 68 7
26 69 7
26 70 7
26 71 7
26 79 7
26 80 7
26 81 7
26 82 7
26 83 7
26 84 7
26 85 7
26 86 7
26 87 7
26 88 7
26 89 7
26 91 7
26 92 7
26 99 7
27 0 7
27 1 7
27 2 7
27 3 7
27 4 7
27 5 7
27 45 7
27 46 7
27 47 7
27 48 7
27 49 7
27 50 7
27 51 7
27 52 7
27 53 7
27 54 7
27 55 7
27 56 7
27 57 7
27 58 7
27 59 7
27 60 7
27 61 7
27 62 7
27 63 7
27 64 7
27 65 7
27 66 7
27 67 7
27 68 7
27 69 7
27 70 7
27 71 7
27 79 7
27 80 7
27 81 7
27 82 7
27 83 7
27 84 7
27 85 7
27 86 7
27 87 7
27 88 7
27 89 7
27 91 7
27 92 7
27 99 7
28 0 7
28 1 7
28 2 7
28 3 7
28 4 7
28 5 7
28 35 7
28 36 7
28 37 7
28 38 7
28 39 7
28 40 7
28 41 7
28 42 7
28 43 7
28 44 7
28 45 7
28 46 7
28 47 7
28 48 7
28 49 7
28 50 7
28 51 7
28 52 7
28 53 7
28 54 7
28 55 7
28 56 7
28 57 7
28 58 7
28 59 7
28 60 7
28 61 7
28 62 7
28 63 7
28 64 7
28 65 7
28 66 7
28 67 7
28 68 7
28 69 7
28 70 7
28 71 7
28 79 7
28 80 7
28 81 7
28 82 7
28 83 7
28 84 7
28 85 7
28 86 7
28 87 7
28 88 7
28 89 7
28 91 7
28 92 7
28 99 7
29 0 7
29 1 7
29 2 7
29 3 7
29 4 7
29 5 7
29 35 7
29 36 7
29 37 7
29 38 7
29 39 7
29 40 7
29 41 7
29 42 7
29 43 7
29 44 7
29 45 7
29 46 7
29 47 7
29 48 7
29 49 7
29 50 7
29 51 7
29 52 7
29 53 7
29 54 7
29 55 7
29 56 7
29 57 7
29 58 7
29 59 7
29 60 7
29 61 7
29 62 7
29 63 7
29 64 7
29 65 7
29 66 7
29 67 7
29 68 7
29 69 7
29 70 7
29 71 7
29 79 7
29 80 7
29 81 7
29 82 7
29 83 7
29 84 7
29 85 7
29 86 7
29 87 7
29 88 7
29 89 7
29 91 7
29 92 7
29 99 7
30 35 7
30 36 7
30 37 7
30 38 7
30 39 7
30 40 7
30 41 7
30 42 7
30 43 7
30 44 7
30 45 7
30 46 7
30 47 7
30 48 7
30 49 7
30 50 7
30 51 7
30 52 7
30 53 7
30 54 7
30 55 7
30 56 7
30 57 7
30 58 7
30 59 7
30 60 7
30 61 7
30 62 7
30 63 7
30 64 7
30 65 7
30 66 7
30 67 7
30 68 7
30 69 7
30 70 7
30 71 7
30 79 7
30 80 7
30 81 7
30 82 7
30 83 7
30 84 7
30 85 7
30 86 7
30 87 7
30 88 7
30 89 7
30 91 7
30 92 7
30 99 7
31 35 7
31 36 7
31 37 7
31 38 7
31 39 7
31 40 7
31 41 7
31 42 7
31 43 7
31 44 7
31 45 7
31 46 7
31 47 7
31 48 7
31 49 7
31 50 7
31 51 7
31 52 7
31 53 7
31 54 7
31 55 7
31 56 7
31 57 7
31 58 7
31 59 7
31 60 7
31 61 7
31 62 7
31 63 7
31 64 7
31 65 7
31 66 7
31 67 7
31 68 7
31 69 7
31 70 7
31 79 7
31 80 7
31 81 7
31 82 7
31 83 7
31 84 7
31 85 7
31 86 7
31 87 7
31 88 7
31 89 7
31 91 7
31 92 7
31 99 7
32 0 7
32 1 7
32 2 7
32 3 7
32 4 7
32 5 7
32 6 7
32 7 7
32 8 7
32 9 7
32 10 7
32 11 7
32 12 7
32 13 7
32 14 7
32 15 7
32 16 7
32 17 7
32 35 7
32 36 7
32 37 7
32 38 7
32 39 7
32 40 7
32 41 7
32 42 7
32 43 7
32 44 7
32 45 7
32 46 7
32 47 7
32 48 7
32 49 7
32 50 7
32 51 7
32 52 7
32 53 7
32 54 7
32 55 7
32 56 7
32 57 7
32 58 7
32 59 7
32 60 7
32 61 7
32 62 7
32 63 7
32 64 7
32 65 7
32 66 7
32 67 7
32 68 7
32 69 7
32 70 7
32 71 7
32 72 7
32 79 7
32 80 7
32 81 7
32 82 7
32 83 7
32 84 7
32 85 7
32 86 7
32 87 7
32 88 7
32 89 7
32 91 7
32 92 7
32 99 7
33 0 7
33 1 7
33 2 7
33 3 7
33 4 7
33 5 7
33 6 7
33 7 7
33 8 7
33 9 7
33 10 7
33 11 7
33 12 7
33 13 7
33 14 7
33 15 7
33 16 7
33 17 7
33 35 7
33 36 7
33 37 7
33 38 7
33 39 7
33 40 7
33 41 7
33 42 7
33 43 7
33 44 7
33 45 7
33 46 7
33 47 7
33 48 7
33 49 7
33 50 7
33 51 7
33 52 7
33 53 7
33 54 7
33 55 7
33 56 7
33 57 7
33 58 7
33 59 7
33 60 7
33 61 7
33 62 7
33 63 7
33 64 7
33 65 7
33 66 7
33 67 7
33 68 7
33 69 7
33 70 7
33 71 7
33 72 7
33 73 7
33 79 7
33 80 7
33 81 7
33 82 7
33 83 7
33 84 7
33 85 7
33 86 7
33 87 7
33 88 7
33 89 7
33 91 7
33 92 7
33 99 7
34 0 7
34 1 7
34 2 7
34 3 7
34 4 7
34 5 7
34 6 7
34 7 7
34 8 7
34 9 7
34 10 7
34 11 7
34 12 7
34 13 7
34 14 7
34 15 7
34 16 7
34 35 7
34 36 7
34 37 7
34 38 7
34 39 7
34 40 7
34 41 7
34 42 7
34 43 7
34 44 7
34 45 7
34 46 7
34 47 7
34 48 7
34 49 7
34 50 7
34 51 7
34 52 7
34 53 7
34 54 7
34 55 7
34 56 7
34 57 7
34 58 7
34 59 7
34 60 7
34 61 7
34 62 7
34 63 7
34 64 7
34 65 7
34 66 7
34 67 7
34 68 7
34 69 7
34 70 7
34 71 7
34 72 7
34 74 7
34 78 7
34 79 7
34 80 7
34 81 7
34 82 7
34 83 7
34 84 7
34 85 7
34 86 7
34 87 7
34 88 7
34 89 7
34 91 7
34 92 7
34 99 7
35 35 7
35 36 7
35 37 7
35 38 7
35 39 7
35 40 7
35 41 7
35 42 7
35 43 7
35 44 7
35 45 7
35 46 7
35 47 7
35 48 7
35 49 7
35 50 7
35 51 7
35 52 7
35 53 7
35 54 7
35 55 7
35 56 7
35 57 7
35 58 7
35 59 7
35 60 7
35 61 7
35 62 7
35 63 7
35 64 7
35 65 7
35 66 7
35 67 7
35 68 7
35 69 7
35 70 7
35 71 7
35 72 7
35 73 7
35 74 7
35 78 7
35 79 7
35 81 7
35 82 7
35 83 7
35 84 7
35 85 7
35 86 7
35 87 7
35 88 7
35 89 7
35 91 7
35 92 7
35 99 7
36 35 7
36 36 7
36 37 7
36 38 7
36 39 7
36 40 7
36 41 7
36 42 7
36 43 7
36 44 7
36 45 7
36 46 7
36 47 7
36 48 7
36 49 7
36 50 7
36 51 7
36 52 7
36 53 7
36 54 7
36 55 7
36 78 7
36 79 7
36 80 7
36 81 7
36 82 7
36 83 7
36 84 7
36 85 7
36 86 7
36 87 7
36 88 7
36 89 7
36 91 7
36 92 7
36 99 7
37 35 7
37 36 7
37 37 7
37 38 7
37 39 7
37 40 7
37 41 7
37 42 7
37 43 7
37 44 7
37 45 7
37 46 7
37 47 7
37 48 7
37 49 7
37 50 7
37 51 7
37 52 7
37 53 7
37 54 7
37 55 7
37 78 7
37 81 7
37 82 7
37 83 7
37 84 7
37 85 7
37 86 7
37 87 7
37 88 7
37 89 7
37 91 7
37 92 7
37 94 7
37 95 7
37 96 7
37 97 7
37 98 7
37 99 7
38 0 7
38 1 7
38 2 7
38 3 7
38 4 7
38 5 7
38 6 7
38 23 7
38 24 7
38 25 7
38 26 7
38 27 7
38 28 7
38 29 7
38 30 7
38 31 7
38 32 7
38 33 7
38 34 7
38 35 7
38 36 7
38 37 7
38 38 7
38 39 7
38 40 7
38 41 7
38 42 7
38 43 7
38 44 7
38 45 7
38 46 7
38 47 7
38 48 7
38 49 7
38 50 7
38 51 7
38 52 7
38 53 7
38 54 7
38 55 7
38 59 7
38 60 7
38 61 7
38 62 7
38 63 7
38 64 7
38 65 7
38 66 7
38 67 7
38 68 7
38 69 7
38 70 7
38 71 7
38 72 7
38 73 7
38 78 7
38 79 7
38 80 7
38 81 7
38 82 7
38 83 7
38 84 7
38 85 7
38 86 7
38 87 7
38 88 7
38 89 7
38 91 7
38 92 7
38 94 7
38 95 7
38 96 7
38 97 7
38 98 7
38 99 7
39 0 7
39 1 7
39 2 7
39 3 7
39 4 7
39 5 7
39 6 7
39 35 7
39 36 7
39 37 7
39 38 7
39 39 7
39 40 7
39 41 7
39 42 7
39 43 7
39 44 7
39 45 7
39 46 7
39 47 7
39 48 7
39 49 7
39 50 7
39 51 7
39 52 7
39 53 7
39 54 7
39 55 7
39 59 7
39 60 7
39 61 7
39 62 7
39 63 7
39 64 7
39 65 7
39 66 7
39 67 7
39 68 7
39 69 7
39 70 7
39 72 7
39 73 7
39 78 7
39 79 7
39 80 7
39 81 7
39 82 7
39 83 7
39 84 7
39 85 7
39 86 7
39 87 7
39 88 7
39 89 7
39 91 7
39 92 7
39 94 7
39 95 7
39 96 7
39 97 7
39 98 7
39 99 7
40 0 7
40 1 7
40 2 7
40 3 7
40 4 7
40 5 7
40 6 7
40 35 7
40 36 7
40 37 7
40 38 7
40 39 7
40 40 7
40 41 7
40 42 7
40 43 7
40 44 7
40 45 7
40 46 7
40 47 7
40 48 7
40 49 7
40 50 7
40 51 7
40 52 7
40 53 7
40 54 7
40 55 7
40 59 7
40 60 7
40 61 7
40 62 7
40 63 7
40 64 7
40 65 7
40 66 7
40 67 7
40 68 7
40 69 7
40 70 7
40 71 7
40 72 7
40 79 7
40 80 7
40 81 7
40 82 7
40 83 7
40 84 7
40 85 7
40 86 7
40 87 7
40 91 7
40 92 7
40 94 7
40 95 7
40 96 7
40 97 7
40 98 7
40 99 7
41 0 7
41 1 7
41 2 7
41 3 7
41 4 7
41 5 7
41 6 7
41 30 7
41 31 7
41 32 7
41 33 7
41 34 7
41 35 7
41 36 7
41 37 7
41 38 7
41 39 7
41 40 7
41 41 7
41 42 7
41 43 7
41 44 7
41 45 7
41 46 7
41 47 7
41 48 7
41 49 7
41 50 7
41 51 7
41 52 7
41 53 7
41 54 7
41 55 7
41 59 7
41 60 7
41 61 7
41 62 7
41 63 7
41 64 7
41 65 7
41 66 7
41 67 7
41 68 7
41 69 7
41 70 7
41 71 7
41 80 7
41 81 7
41 82 7
41 83 7
41 84 7
41 85 7
41 86 7
41 87 7
41 89 7
41 90 7
41 91 7
41 92 7
41 94 7
41 95 7
41 96 7
41 97 7
41 98 7
41 99 7
42 0 7
42 1 7
42 2 7
42 3 7
42 4 7
42 5 7
42 6 7
42 35 7
42 36 7
42 37 7
42 38 7
42 39 7
42 40 7
42 41 7
42 42 7
42 43 7
42 44 7
42 45 7
42 46 7
42 47 7
42 48 7
42 49 7
42 50 7
42 51 7
42 52 7
42 53 7
42 54 7
42 55 7
42 59 7
42 60 7
42 61 7
42 62 7
42 63 7
42 64 7
42 65 7
42 66 7
42 67 7
42 68 7
42 69 7
42 70 7
42 75 7
42 76 7
42 81 7
42 82 7
42 83 7
42 84 7
42 85 7
42 86 7
42 87 7
42 89 7
42 90 7
42 91 7
42 92 7
42 94 7
42 95 7
42 96 7
42 97 7
42 98 7
42 99 7
43 0 7
43 1 7
43 2 7
43 3 7
43 4 7
43 5 7
43 6 7
43 35 7
43 36 7
43 37 7
43 38 7
43 39 7
43 40 7
43 41 7
43 42 7
43 43 7
43 44 7
43 45 7
43 46 7
43 47 7
43 48 7
43 49 7
43 50 7
43 51 7
43 52 7
43 53 7
43 54 7
43 55 7
43 59 7
43 60 7
43 61 7
43 62 7
43 63 7
43 64 7
43 65 7
43 66 7
43 67 7
43 68 7
43 69 2
43 75 7
43 76 7
43 77 7
43 82 7
43 83 7
43 84 7
43 85 7
43 86 7
43 87 7
43 89 7
43 90 7
43 91 7
43 92 7
43 94 7
43 95 7
43 96 7
43 97 7
43 98 7
43 99 7
44 0 7
44 1 7
44 2 7
44 3 7
44 4 7
44 5 7
44 6 7
44 36 7
44 37 7
44 38 7
44 39 7
44 40 7
44 41 7
44 42 7
44 43 7
44 44 7
44 45 7
44 46 7
44 47 7
44 48 7
44 49 7
44 50 7
44 51 7
44 52 7
44 53 7
44 54 7
44 55 7
44 59 7
44 60 7
44 61 7
44 62 7
44 63 7
44 64 7
44 65 7
44 66 7
44 67 7
44 68 7
44 73 7
44 74 7
44 75 7
44 76 7
44 77 7
44 78 7
44 83 7
44 84 7
44 85 7
44 86 7
44 87 7
44 89 7
44 90 7
44 91 7
44 92 7
44 94 7
44 95 7
44 96 7
44 97 7
44 98 7
44 99 7
45 0 7
45 1 7
45 2 7
45 3 7
45 4 7
45 5 7
45 6 7
45 36 7
45 37 7
45 38 7
45 39 7
45 40 7
45 41 7
45 42 7
45 43 7
45 44 7
45 45 7
45 46 7
45 47 7
45 48 7
45 49 7
45 50 7
45 51 7
45 52 7
45 53 7
45 54 7
45 55 7
45 59 7
45 60 7
45 61 7
45 62 7
45 63 7
45 64 7
45 65 7
45 66 7
45 67 7
45 68 7
45 73 7
45 74 7
45 75 7
45 76 7
45 77 7
45 78 7
45 84 7
45 85 7
45 89 7
45 90 7
45 91 7
45 92 7
45 94 7
45 95 7
45 96 7
45 97 7
45 98 7
45 99 7
46 0 7
46 1 7
46 2 7
46 3 7
46 4 7
46 5 7
46 6 7
46 36 7
46 37 7
46 38 7
46 39 7
46 40 7
46 41 7
46 42 7
46 43 7
46 44 7
46 45 7
46 46 7
46 47 7
46 48 7
46 49 7
46 50 7
46 51 7
46 52 7
46 53 7
46 54 7
46 55 7
46 59 7
46 60 7
46 61 7
46 62 7
46 63 7
46 64 7
46 65 7
46 66 7
46 67 7
46 68 7
46 72 7
46 73 7
46 74 7
46 75 7
46 76 7
46 77 7
46 78 7
46 79 7
46 85 7
46 89 7
46 90 7
46 91 7
46 92 7
46 94 7
46 95 7
46 96 7
46 97 7
46 98 7
46 99 7
47 0 7
47 1 7
47 2 7
47 3 7
47 4 7
47 5 7
47 6 7
47 36 7
47 37 7
47 38 7
47 39 7
47 40 7
47 41 7
47 42 7
47 43 7
47 44 7
47 45 7
47 46 7
47 47 7
47 48 7
47 49 7
47 50 7
47 51 7
47 52 7
47 53 7
47 54 7
47 55 7
47 59 7
47 60 7
47 61 7
47 62 7
47 63 7
47 64 7
47 65 7
47 66 7
47 67 7
47 68 7
47 72 7
47 73 7
47 74 7
47 75 7
47 76 7
47 77 7
47 78 7
47 80 7
47 85 7
47 89 7
47 90 7
47 91 7
47 92 7
47 94 7
47 95 7
47 96 7
47 97 7
47 98 7
47 99 7
48 0 7
48 1 7
48 2 7
48 3 7
48 4 7
48 5 7
48 6 7
48 36 7
48 37 7
48 38 7
48 39 7
48 40 7
48 41 7
48 42 7
48 43 7
48 44 7
48 45 7
48 46 7
48 47 7
48 48 7
48 49 7
48 50 7
48 51 7
48 52 7
48 53 7
48 54 7
48 55 7
48 59 7
48 60 7
48 61 7
48 62 7
48 63 7
48 64 7
48 65 7
48 66 7
48 67 7
48 68 7
48 73 7
48 74 7
48 75 7
48 76 7
48 77 7
48 78 7
48 79 7
48 80 7
48 81 7
48 89 7
48 91 7
48 92 7
48 94 7
48 95 7
48 96 7
48 97 7
48 98 7
48 99 7
49 0 7
49 1 7
49 2 7
49 3 7
49 4 7
49 5 7
49 6 7
49 36 7
49 37 7
49 38 7
49 39 7
49 40 7
49 41 7
49 42 7
49 43 7
49 44 7
49 45 7
49 46 7
49 47 7
49 48 7
49 49 7
49 50 7
49 51 7
49 52 7
49 53 7
49 54 7
49 55 7
49 59 7
49 60 7
49 61 7
49 62 7
49 63 7
49 64 7
49 65 7
49 66 7
49 67 7
49 72 7
49 73 7
49 74 7
49 75 7
49 76 7
49 77 7
49 78 7
49 79 7
49 80 7
49 81 7
49 85 7
49 86 7
49 87 7
49 88 7
49 89 7
49 90 7
49 91 7
49 92 7
49 94 7
49 95 7
49 96 7
49 97 7
49 98 7
49 99 7
50 0 7
50 1 7
50 2 7
50 3 7
50 4 7
50 5 7
50 6 7
50 36 7
50 37 7
50 38 7
50 39 7
50 40 7
50 41 7
50 42 7
50 43 7
50 44 7
50 45 7
50 46 7
50 47 7
50 48 7
50 49 7
50 50 7
50 51 7
50 52 7
50 53 7
50 54 7
50 55 7
50 59 7
50 60 7
50 61 7
50 62 7
50 63 7
50 64 7
50 65 7
50 66 7
50 71 7
50 72 7
50 73 7
50 74 7
50 75 7
50 76 7
50 77 7
50 78 7
50 79 7
50 80 7
50 81 7
50 85 7
50 86 7
50 87 7
50 88 7
50 89 7
50 90 7
50 91 7
50 92 7
50 94 7
50 95 7
50 96 7
50 97 7
50 98 7
50 99 7
51 0 7
51 1 7
51 2 7
51 3 7
51 4 7
51 5 7
51 6 7
51 36 7
51 37 7
51 38 7
51 39 7
51 40 7
51 41 7
51 42 7
51 43 7
51 44 7
51 45 7
51 46 7
51 47 7
51 48 7
51 49 7
51 50 7
51 51 7
51 52 7
51 53 7
51 54 7
51 55 7
51 59 7
51 60 7
51 61 7
51 62 7
51 63 7
51 64 7
51 65 7
51 70 7
51 71 7
51 72 7
51 73 7
51 74 7
51 75 7
51 76 7
51 77 7
51 78 7
51 79 7
51 80 7
51 81 7
51 85 7
51 86 7
51 87 7
51 88 7
51 89 7
51 90 7
51 91 7
51 94 7
51 95 7
51 96 7
51 97 7
51 98 7
51 99 7
52 0 7
52 1 7
52 2 7
52 3 7
52 4 7
52 5 7
52 6 7
52 36 7
52 37 7
52 38 7
52 39 7
52 40 7
52 41 7
52 42 7
52 43 7
52 44 7
52 45 7
52 46 7
52 47 7
52 48 7
52 49 7
52 50 7
52 51 7
52 52 7
52 53 7
52 54 7
52 55 7
52 59 7
52 60 7
52 61 7
52 62 7
52 63 7
52 64 7
52 65 7
52 70 7
52 71 7
52 72 7
52 73 7
52 74 7
52 75 7
52 76 7
52 77 7
52 78 7
52 79 7
52 96 7
52 97 7
52 98 7
52 99 7
53 0 7
53 1 7
53 2 7
53 3 7
53 4 7
53 5 7
53 6 7
53 36 7
53 37 7
53 38 7
53 39 7
53 40 7
53 41 7
53 42 7
53 43 7
53 44 7
53 45 7
53 46 7
53 47 7
53 48 7
53 49 7
53 50 7
53 51 7
53 52 7
53 53 7
53 54 7
53 55 7
53 59 7
53 60 7
53 71 7
53 72 7
53 73 7
53 74 7
53 75 7
53 76 7
53 77 7
53 78 7
53 79 7
53 96 7
53 97 7
53 98 7
53 99 7
54 0 7
54 1 7
54 2 7
54 3 7
54 4 7
54 5 7
54 6 7
54 36 7
54 37 7
54 38 7
54 39 7
54 40 7
54 41 7
54 42 7
54 43 7
54 44 7
54 45 7
54 46 7
54 47 7
54 48 7
54 49 7
54 50 7
54 51 7
54 52 7
54 53 7
54 54 7
54 55 7
54 59 7
54 60 7
54 64 7
54 65 7
54 73 7
54 74 7
54 75 7
54 76 7
54 77 7
54 78 7
54 79 7
54 96 7
54 97 7
54 98 7
54 99 7
55 0 7
55 1 7
55 2 7
55 3 7
55 4 7
55 5 7
55 6 7
55 36 7
55 37 7
55 38 7
55 39 7
55 40 7
55 41 7
55 42 7
55 43 7
55 44 7
55 45 7
55 46 7
55 47 7
55 48 7
55 49 7
55 50 7
55 51 7
55 52 7
55 53 7
55 54 7
55 55 7
55 59 7
55 60 7
55 64 7
55 65 7
55 66 7
55 74 7
55 75 7
55 76 7
55 77 7
55 78 7
55 79 7
55 80 7
55 85 7
55 86 7
55 87 7
55 88 7
55 89 7
55 90 7
55 91 7
55 94 7
55 95 7
55 96 7
55 97 7
55 98 7
55 99 7
56 0 7
56 1 7
56 2 7
56 3 7
56 4 7
56 5 7
56 6 7
56 36 7
56 37 7
56 38 7
56 39 7
56 40 7
56 41 7
56 42 7
56 43 7
56 44 7
56 45 7
56 46 7
56 47 7
56 48 7
56 49 7
56 50 7
56 51 7
56 52 7
56 53 7
56 54 7
56 55 7
56 59 7
56 60 7
56 63 7
56 64 7
56 65 7
56 66 7
56 67 7
56 75 7
56 76 7
56 77 7
56 78 7
56 79 7
56 80 7
56 81 7
56 85 7
56 86 7
56 87 7
56 88 7
56 89 7
56 90 7
56 91 7
56 92 7
56 94 7
56 95 7
56 96 7
56 97 7
56 98 7
56 99 7
57 0 7
57 1 7
57 2 7
57 3 7
57 4 7
57 5 7
57 6 7
57 36 7
57 37 7
57 38 7
57 39 7
57 40 7
57 41 7
57 42 7
57 43 7
57 44 7
57 45 7
57 46 7
57 47 7
57 48 7
57 49 7
57 50 7
57 51 7
57 52 7
57 53 7
57 54 7
57 55 7
57 59 7
57 60 7
57 63 7
57 64 7
57 65 7
57 66 7
57 67 7
57 68 7
57 69 7
57 70 7
57 77 7
57 78 7
57 79 7
57 80 7
57 81 7
57 85 7
57 86 7
57 87 7
57 88 7
57 89 7
57 90 7
57 91 7
57 92 7
57 95 7
57 96 7
57 97 7
57 98 7
57 99 7
58 0 7
58 1 7
58 2 7
58 3 7
58 4 7
58 5 7
58 6 7
58 36 7
58 37 7
58 38 7
58 39 7
58 40 7
58 41 7
58 42 7
58 43 7
58 44 7
58 45 7
58 46 7
58 47 7
58 48 7
58 49 7
58 50 7
58 51 7
58 52 7
58 53 7
58 54 7
58 55 7
58 59 7
58 60 7
58 63 7
58 64 7
58 65 7
58 66 7
58 67 7
58 68 7
58 69 7
58 70 7
58 71 7
58 75 7
58 76 7
58 77 7
58 78 7
58 79 7
58 80 7
58 81 7
58 85 7
58 86 7
58 87 7
58 88 7
58 89 7
58 90 7
58 91 7
58 92 7
58 93 7
58 95 7
58 96 7
58 97 7
58 98 7
58 99 7
59 0 7
59 1 7
59 2 7
59 3 7
59 4 7
59 5 7
59 6 7
59 36 7
59 37 7
59 38 7
59 39 7
59 40 7
59 41 7
59 42 7
59 43 7
59 44 7
59 45 7
59 46 7
59 47 7
59 48 7
59 49 7
59 50 7
59 51 7
59 52 7
59 53 7
59 54 7
59 55 7
59 59 7
59 60 7
59 63 7
59 64 7
59 65 7
59 66 7
59 67 7
59 68 7
59 69 7
59 70 7
59 71 7
59 75 7
59 76 7
59 77 7
59 78 7
59 79 7
59 80 7
59 81 7
59 85 7
59 86 7
59 87 7
59 88 7
59 89 7
59 90 7
59 91 7
59 93 7
59 95 7
59 96 7
59 97 7
59 98 7
59 99 7
60 0 7
60 1 7
60 2 7
60 3 7
60 4 7
60 5 7
60 6 7
60 36 7
60 37 7
60 38 7
60 39 7
60 40 7
60 41 7
60 42 7
60 43 7
60 44 7
60 45 7
60 46 7
60 47 7
60 48 7
60 49 7
60 50 7
60 51 7
60 52 7
60 53 7
60 54 7
60 55 7
60 59 7
60 60 7
60 63 7
60 64 7
60 65 7
60 66 7
60 67 7
60 68 7
60 69 7
60 70 7
60 71 7
60 75 7
60 76 7
60 77 7
60 78 7
60 79 7
60 80 7
60 81 7
60 85 7
60 86 7
60 87 7
60 88 7
60 89 7
60 91 7
60 92 7
60 93 7
60 95 7
60 97 7
60 98 7
60 99 7
61 0 7
61 1 7
61 2 7
61 3 7
61 4 7
61 5 7
61 6 7
61 36 7
61 37 7
61 38 7
61 39 7
61 40 7
61 41 7
61 42 7
61 43 7
61 44 7
61 45 7
61 46 7
61 47 7
61 48 7
61 49 7
61 50 7
61 51 7
61 52 7
61 53 7
61 54 7
61 55 7
61 59 7
61 60 7
61 63 7
61 64 7
61 65 7
61 66 7
61 67 7
61 68 7
61 69 7
61 70 7
61 71 7
61 76 7
61 77 7
61 78 7
61 79 7
61 80 7
61 81 7
61 85 7
61 86 7
61 87 7
61 88 7
61 89 7
61 90 7
61 91 7
61 92 7
61 93 7
61 95 7
61 96 7
61 97 7
61 98 7
61 99 7
62 0 7
62 1 7
62 2 7
62 3 7
62 4 7
62 5 7
62 6 7
62 36 7
62 37 7
62 38 7
62 39 7
62 40 7
62 41 7
62 42 7
62 43 7
62 44 7
62 45 7
62 46 7
62 47 7
62 48 7
62 49 7
62 50 7
62 51 7
62 52 7
62 53 7
62 54 7
62 55 7
62 59 7
62 60 7
62 63 7
62 64 7
62 65 7
62 66 7
62 67 7
62 68 7
62 69 7
62 70 7
62 71 7
62 77 7
62 78 7
62 79 7
62 80 7
62 81 7
62 85 7
62 86 7
62 87 7
62 88 7
62 89 7
62 90 7
62 92 7
62 93 7
62 95 7
62 96 7
62 97 7
62 98 7
62 99 7
63 0 7
63 1 7
63 2 7
63 3 7
63 4 7
63 5 7
63 6 7
63 36 7
63 37 7
63 38 7
63 39 7
63 40 7
63 41 7
63 42 7
63 43 7
63 44 7
63 45 7
63 46 7
63 47 7
63 48 7
63 49 7
63 50 7
63 51 7
63 52 7
63 53 7
63 54 7
63 55 7
63 59 7
63 60 7
63 63 7
63 64 7
63 65 7
63 66 7
63 67 7
63 68 7
63 69 7
63 70 7
63 71 7
63 72 7
63 77 7
63 78 7
63 79 7
63 80 7
63 81 7
63 85 7
63 86 7
63 87 7
63 88 7
63 89 7
63 90 7
63 91 7
63 92 7
63 93 7
63 95 7
63 96 7
63 97 7
63 98 7
63 99 7
64 0 7
64 1 7
64 2 7
64 3 7
64 4 7
64 5 7
64 6 7
64 36 7
64 37 7
64 38 7
64 39 7
64 40 7
64 41 7
64 42 7
64 43 7
64 44 7
64 45 7
64 46 7
64 47 7
64 48 7
64 49 7
64 50 7
64 51 7
64 52 7
64 53 7
64 54 7
64 55 7
64 59 7
64 60 7
64 64 7
64 65 7
64 66 7
64 67 7
64 68 7
64 69 7
64 70 7
64 71 7
64 77 7
64 78 7
64 79 7
64 80 7
64 81 7
64 85 7
64 86 7
64 87 7
64 88 7
64 89 7
64 90 7
64 91 7
64 93 7
64 95 7
64 96 7
64 97 7
64 99 7
65 0 7
65 1 7
65 2 7
65 3 7
65 4 7
65 5 7
65 6 7
65 36 7
65 37 7
65 38 7
65 39 7
65 40 7
65 41 7
65 42 7
65 43 7
65 44 7
65 45 7
65 46 7
65 47 7
65 48 7
65 49 7
65 50 7
65 51 7
65 52 7
65 53 7
65 54 7
65 55 7
65 59 7
65 60 7
65 65 7
65 66 7
65 67 7
65 68 7
65 69 7
65 70 7
65 71 7
65 72 7
65 77 7
65 78 7
65 79 7
65 80 7
65 81 1
65 85 7
65 86 7
65 87 7
65 88 7
65 89 7
65 90 7
65 91 7
65 92 7
65 93 7
65 95 7
65 96 7
65 97 7
65 98 7
65 99 7
66 0 7
66 1 7
66 2 7
66 3 7
66 4 7
66 5 7
66 6 7
66 7 7
66 8 7
66 9 7
66 10 7
66 36 7
66 37 7
66 38 7
66 39 7
66 40 7
66 41 7
66 42 7
66 43 7
66 44 7
66 45 7
66 46 7
66 47 7
66 48 7
66 49 7
66 50 7
66 51 7
66 52 7
66 53 7
66 54 7
66 55 7
66 59 7
66 60 7
66 65 7
66 66 7
66 67 7
66 68 7
66 69 7
66 70 7
66 71 7
66 72 1
66 77 7
66 78 7
66 79 7
66 80 1
66 85 7
66 86 7
66 87 7
66 88 7
66 89 7
66 95 7
66 96 7
66 97 7
66 98 7
66 99 7
67 0 7
67 1 7
67 2 7
67 3 7
67 4 7
67 5 7
67 6 7
67 7 7
67 8 7
67 9 7
67 10 7
67 36 7
67 37 7
67 38 7
67 39 7
67 40 7
67 41 7
67 42 7
67 43 7
67 44 7
67 45 7
67 46 7
67 47 7
67 48 7
67 49 7
67 50 7
67 51 7
67 52 7
67 53 7
67 54 7
67 55 7
67 59 7
67 60 7
67 66 7
67 67 7
67 68 7
67 69 7
67 70 7
67 71 7
67 72 1
67 77 1
67 78 1
67 79 1
67 85 7
67 86 7
67 87 7
67 88 7
67 89 7
67 91 7
67 92 7
67 93 7
67 96 7
67 97 7
67 98 7
67 99 7
68 0 7
68 1 7
68 2 7
68 3 7
68 4 7
68 5 7
68 6 7
68 7 7
68 8 7
68 9 7
68 10 7
68 36 7
68 37 7
68 38 7
68 39 7
68 40 7
68 41 7
68 42 7
68 43 7
68 44 7
68 45 7
68 46 7
68 47 7
68 48 7
68 49 7
68 50 7
68 51 7
68 52 7
68 53 7
68 54 7
68 55 7
68 59 7
68 60 7
68 67 7
68 68 7
68 69 7
68 70 7
68 71 7
68 72 1
68 85 7
68 86 7
68 87 7
68 88 7
68 89 7
68 91 7
68 92 7
68 96 7
68 97 7
68 98 7
68 99 7
69 0 7
69 1 7
69 2 7
69 3 7
69 4 7
69 5 7
69 6 7
69 7 7
69 8 7
69 9 7
69 10 7
69 36 7
69 37 7
69 38 7
69 39 7
69 40 7
69 41 7
69 42 7
69 43 7
69 44 7
69 45 7
69 46 7
69 47 7
69 48 7
69 49 7
69 50 7
69 51 7
69 52 7
69 53 7
69 54 7
69 55 7
69 59 7
69 60 7
69 61 7
69 67 7
69 68 7
69 69 7
69 70 7
69 71 7
69 72 1
69 85 7
69 86 7
69 87 7
69 88 7
69 89 7
69 94 7
69 96 7
69 97 7
69 98 7
69 99 7
70 0 7
70 1 7
70 2 7
70 3 7
70 4 7
70 5 7
70 6 7
70 7 7
70 8 7
70 9 7
70 10 7
70 36 7
70 37 7
70 38 7
70 39 7
70 40 7
70 41 7
70 42 7
70 43 7
70 44 7
70 45 7
70 46 7
70 47 7
70 48 7
70 49 7
70 50 7
70 51 7
70 52 7
70 53 7
70 54 7
70 55 7
70 59 7
70 60 7
70 61 7
70 68 7
70 69 7
70 70 7
70 71 7
70 72 1
70 85 7
70 86 7
70 87 7
70 88 7
70 89 7
70 91 7
70 94 7
70 96 7
70 97 7
70 98 7
70 99 7
71 0 7
71 1 7
71 2 7
71 3 7
71 4 7
71 5 7
71 6 7
71 7 7
71 8 7
71 9 7
71 10 7
71 36 7
71 37 7
71 38 7
71 39 7
71 40 7
71 41 7
71 42 7
71 43 7
71 44 7
71 45 7
71 46 7
71 47 7
71 48 7
71 49 7
71 50 7
71 51 7
71 52 7
71 53 7
71 54 7
71 55 7
71 59 7
71 60 7
71 61 7
71 62 7
71 69 7
71 70 7
71 71 7
71 72 1
71 85 7
71 86 7
71 87 7
71 88 7
71 89 7
71 91 7
71 94 7
71 97 7
71 98 7
71 99 7
72 0 7
72 1 7
72 2 7
72 3 7
72 4 7
72 5 7
72 6 7
72 7 7
72 8 7
72 9 7
72 10 7
72 36 7
72 37 7
72 38 7
72 39 7
72 40 7
72 41 7
72 42 7
72 43 7
72 44 7
72 45 7
72 46 7
72 47 7
72 48 7
72 49 7
72 50 7
72 51 7
72 52 7
72 53 7
72 54 7
72 55 7
72 59 7
72 60 7
72 61 7
72 62 7
72 63 7
72 69 7
72 70 7
72 71 7
72 72 1
72 73 1
72 74 1
72 75 1
72 76 1
72 77 1
72 78 1
72 79 1
72 85 7
72 86 7
72 87 7
72 88 7
72 89 7
72 91 7
72 94 7
72 96 7
72 97 7
72 98 7
72 99 7
73 0 7
73 1 7
73 2 7
73 3 7
73 4 7
73 5 7
73 6 7
73 7 7
73 8 7
73 9 7
73 10 7
73 36 7
73 37 7
73 38 7
73 39 7
73 40 7
73 41 7
73 42 7
73 43 7
73 44 7
73 45 7
73 46 7
73 47 7
73 48 7
73 49 7
73 50 7
73 51 7
73 52 7
73 53 7
73 54 7
73 55 7
73 59 7
73 60 7
73 61 7
73 62 7
73 63 7
73 64 7
73 69 7
73 70 7
73 71 7
73 72 7
73 73 7
73 74 7
73 75 7
73 76 7
73 77 7
73 78 7
73 79 7
73 80 1
73 85 7
73 86 7
73 87 7
73 88 7
73 89 7
73 91 7
73 93 7
73 94 7
73 96 7
73 97 7
73 98 7
73 99 7
74 0 7
74 1 7
74 2 7
74 3 7
74 4 7
74 5 7
74 6 7
74 7 7
74 8 7
74 9 7
74 10 7
74 36 7
74 37 7
74 38 7
74 39 7
74 40 7
74 41 7
74 42 7
74 43 7
74 44 7
74 45 7
74 46 7
74 47 7
74 48 7
74 49 7
74 50 7
74 51 7
74 52 7
74 53 7
74 54 7
74 55 7
74 59 7
74 60 7
74 61 7
74 62 7
74 63 7
74 64 7
74 65 7
74 70 7
74 71 7
74 72 7
74 73 7
74 74 7
74 75 7
74 76 7
74 77 7
74 78 7
74 79 7
74 80 7
74 81 1
74 85 7
74 86 7
74 87 7
74 88 7
74 89 7
74 91 7
74 93 7
74 94 7
74 96 7
74 97 7
74 98 7
74 99 7
75 0 7
75 1 7
75 2 7
75 3 7
75 4 7
75 5 7
75 6 7
75 7 7
75 8 7
75 9 7
75 10 7
75 36 7
75 37 7
75 38 7
75 39 7
75 40 7
75 41 7
75 42 7
75 43 7
75 44 7
75 45 7
75 46 7
75 47 7
75 48 7
75 49 7
75 50 7
75 51 7
75 52 7
75 53 7
75 54 7
75 55 7
75 59 7
75 60 7
75 61 7
75 62 7
75 63 7
75 64 7
75 65 7
75 70 7
75 71 7
75 72 7
75 73 7
75 74 7
75 75 7
75 76 7
75 78 7
75 79 7
75 80 7
75 85 7
75 86 7
75 87 7
75 88 7
75 89 7
75 93 7
75 94 7
75 96 7
75 97 7
75 98 7
75 99 7
76 0 7
76 1 7
76 2 7
76 3 7
76 4 7
76 5 7
76 6 7
76 7 7
76 8 7
76 9 7
76 10 7
76 36 7
76 37 7
76 38 7
76 39 7
76 40 7
76 41 7
76 42 7
76 43 7
76 44 7
76 45 7
76 46 7
76 47 7
76 48 7
76 49 7
76 50 7
76 51 7
76 52 7
76 53 7
76 54 7
76 55 7
76 59 7
76 60 7
76 61 7
76 62 7
76 63 7
76 64 7
76 65 7
76 71 7
76 72 7
76 73 7
76 74 7
76 75 7
76 76 7
76 77 7
76 78 7
76 79 7
76 85 7
76 86 7
76 87 7
76 88 7
76 89 7
76 91 7
76 93 7
76 96 7
76 97 7
76 98 7
76 99 7
77 0 7
77 1 7
77 2 7
77 3 7
77 4 7
77 5 7
77 6 7
77 7 7
77 8 7
77 9 7
77 10 7
77 36 7
77 37 7
77 38 7
77 39 7
77 40 7
77 41 7
77 42 7
77 43 7
77 44 7
77 45 7
77 46 7
77 47 7
77 48 7
77 49 7
77 50 7
77 51 7
77 52 7
77 53 7
77 54 7
77 55 7
77 59 7
77 60 7
77 61 7
77 62 7
77 63 7
77 64 7
77 65 7
77 66 7
77 71 7
77 72 7
77 73 7
77 74 7
77 75 7
77 76 7
77 77 7
77 78 7
77 85 7
77 86 7
77 87 7
77 88 7
77 89 7
77 91 7
77 93 7
77 94 7
77 97 7
77 98 7
77 99 7
78 0 7
78 1 7
78 2 7
78 3 7
78 4 7
78 5 7
78 6 7
78 7 7
78 8 7
78 9 7
78 10 7
78 36 7
78 37 7
78 38 7
78 39 7
78 40 7
78 41 7
78 42 7
78 43 7
78 44 7
78 45 7
78 46 7
78 47 7
78 48 7
78 49 7
78 50 7
78 51 7
78 52 7
78 53 7
78 54 7
78 55 7
78 59 7
78 60 7
78 61 7
78 62 7
78 63 7
78 64 7
78 65 7
78 66 7
78 72 7
78 73 7
78 74 7
78 75 7
78 76 7
78 77 7
78 78 7
78 84 9
78 85 7
78 86 7
78 87 7
78 88 7
78 89 7
78 93 7
78 94 7
78 96 7
78 97 7
78 98 7
78 99 7
79 0 7
79 1 7
79 2 7
79 3 7
79 4 7
79 5 7
79 6 7
79 7 7
79 8 7
79 9 7
79 10 7
79 36 7
79 37 7
79 38 7
79 39 7
79 40 7
79 41 7
79 42 7
79 43 7
79 44 7
79 45 7
79 46 7
79 47 7
79 48 7
79 49 7
79 50 7
79 51 7
79 52 7
79 53 7
79 54 7
79 55 7
79 59 7
79 60 7
79 61 7
79 62 7
79 63 7
79 64 7
79 65 7
79 66 7
79 67 7
79 73 7
79 74 7
79 75 7
79 76 7
79 77 7
79 78 7
79 85 7
79 86 7
79 87 7
79 88 7
79 89 7
79 90 7
79 91 7
79 92 7
79 93 7
79 94 7
79 96 7
79 97 7
79 98 7
79 99 7
80 0 7
80 1 7
80 2 7
80 3 7
80 4 7
80 5 7
80 6 7
80 7 7
80 8 7
80 9 7
80 10 7
80 36 7
80 37 7
80 38 7
80 39 7
80 40 7
80 41 7
80 42 7
80 43 7
80 44 7
80 45 7
80 46 7
80 47 7
80 48 7
80 49 7
80 50 7
80 51 7
80 52 7
80 53 7
80 54 7
80 55 7
80 59 7
80 60 7
80 61 7
80 62 7
80 63 7
80 64 7
80 65 7
80 66 7
80 67 7
80 68 7
80 74 7
80 75 7
80 76 7
80 77 7
80 78 7
80 79 7
80 85 7
80 86 7
80 87 7
80 88 7
80 89 7
80 90 7
80 91 7
80 92 7
80 93 7
80 96 7
80 97 7
80 98 7
80 99 7
81 0 7
81 1 7
81 2 7
81 3 7
81 4 7
81 5 7
81 6 7
81 7 7
81 8 7
81 9 7
81 10 7
81 36 7
81 37 7
81 38 7
81 39 7
81 40 7
81 41 7
81 42 7
81 43 7
81 44 7
81 45 7
81 46 7
81 47 7
81 48 7
81 49 7
81 50 7
81 51 7
81 52 7
81 53 7
81 54 7
81 55 7
81 59 7
81 60 7
81 61 7
81 62 7
81 63 7
81 64 7
81 65 7
81 66 7
81 68 7
81 75 7
81 76 7
81 77 7
81 79 7
81 80 7
81 85 7
81 86 7
81 87 7
81 88 7
81 89 7
81 90 7
81 91 7
81 92 7
81 93 7
81 94 7
81 96 7
81 97 7
81 98 7
81 99 7
82 0 7
82 1 7
82 2 7
82 3 7
82 4 7
82 5 7
82 6 7
82 7 7
82 8 7
82 9 7
82 10 7
82 36 7
82 37 7
82 38 7
82 39 7
82 40 7
82 41 7
82 42 7
82 43 7
82 44 7
82 45 7
82 46 7
82 47 7
82 48 7
82 49 7
82 50 7
82 51 7
82 52 7
82 53 7
82 54 7
82 55 7
82 59 7
82 60 7
82 61 7
82 62 7
82 63 7
82 64 7
82 65 7
82 66 7
82 76 7
82 77 7
82 78 7
82 79 7
82 80 7
82 81 7
82 85 7
82 86 7
82 87 7
82 88 7
82 89 7
82 90 7
82 91 7
82 92 7
82 93 7
82 94 7
82 97 7
82 98 7
82 99 7
83 0 7
83 1 7
83 2 7
83 3 7
83 4 7
83 5 7
83 6 7
83 7 7
83 8 7
83 9 7
83 10 7
83 36 7
83 37 7
83 38 7
83 39 7
83 40 7
83 41 7
83 42 7
83 43 7
83 44 7
83 45 7
83 46 7
83 47 7
83 48 7
83 49 7
83 50 7
83 51 7
83 52 7
83 53 7
83 54 7
83 55 7
83 59 7
83 60 7
83 61 7
83 62 7
83 63 7
83 64 7
83 65 7
83 66 7
83 72 7
83 76 7
83 77 7
83 78 7
83 79 7
83 80 7
83 81 7
83 85 7
83 86 7
83 87 7
83 88 7
83 89 7
83 90 7
83 91 7
83 92 7
83 93 7
83 94 7
83 96 7
83 97 7
83 98 7
83 99 7
84 0 7
84 1 7
84 2 7
84 3 7
84 4 7
84 5 7
84 6 7
84 7 7
84 8 7
84 9 7
84 10 7
84 36 7
84 37 7
84 38 7
84 39 7
84 40 7
84 41 7
84 42 7
84 43 7
84 44 7
84 45 7
84 46 7
84 47 7
84 48 7
84 49 7
84 50 7
84 51 7
84 52 7
84 53 7
84 54 7
84 55 7
84 59 7
84 60 7
84 61 7
84 62 7
84 63 7
84 64 7
84 65 7
84 71 7
84 72 7
84 77 7
84 78 7
84 79 7
84 81 7
84 85 7
84 86 7
84 87 7
84 88 7
84 89 7
84 90 7
84 91 7
84 92 7
84 93 7
84 94 7
84 96 7
84 97 7
84 98 7
84 99 7
85 0 7
85 1 7
85 2 7
85 3 7
85 4 7
85 5 7
85 6 7
85 7 7
85 8 7
85 9 7
85 10 7
85 36 7
85 37 7
85 38 7
85 39 7
85 40 7
85 41 7
85 42 7
85 43 7
85 44 7
85 45 7
85 46 7
85 47 7
85 48 7
85 49 7
85 50 7
85 51 7
85 52 7
85 53 7
85 54 7
85 55 7
85 59 7
85 60 7
85 61 7
85 62 7
85 63 7
85 64 7
85 65 7
85 70 7
85 72 7
85 77 7
85 80 7
85 81 1
85 85 7
85 86 7
85 87 7
85 88 7
85 89 7
85 90 7
85 91 7
85 92 7
85 93 7
85 94 7
85 96 7
85 97 7
85 98 7
85 99 7
86 0 7
86 1 7
86 2 7
86 3 7
86 4 7
86 5 7
86 6 7
86 7 7
86 8 7
86 9 7
86 10 7
86 36 7
86 37 7
86 38 7
86 39 7
86 40 7
86 41 7
86 42 7
86 43 7
86 44 7
86 45 7
86 46 7
86 47 7
86 48 7
86 49 7
86 50 7
86 51 7
86 52 7
86 53 7
86 54 7
86 55 7
86 59 7
86 60 7
86 61 7
86 62 7
86 63 7
86 64 7
86 65 7
86 69 7
86 72 7
86 77 7
86 78 7
86 79 7
86 80 1
86 85 7
86 86 7
86 87 7
86 88 7
86 89 7
86 90 7
86 91 7
86 92 7
86 93 7
86 94 7
86 96 7
86 97 7
86 98 7
86 99 7
87 0 7
87 1 7
87 2 7
87 3 7
87 4 7
87 5 7
87 6 7
87 7 7
87 8 7
87 9 7
87 10 7
87 36 7
87 37 7
87 38 7
87 39 7
87 40 7
87 41 7
87 42 7
87 43 7
87 44 7
87 45 7
87 46 7
87 47 7
87 48 7
87 49 7
87 50 7
87 51 7
87 52 7
87 53 7
87 54 7
87 55 7
87 59 7
87 60 7
87 61 7
87 62 7
87 63 7
87 64 7
87 65 7
87 69 7
87 70 7
87 71 7
87 72 1
87 77 1
87 78 1
87 79 1
87 85 7
87 86 7
87 87 7
87 88 7
87 89 7
87 90 7
87 91 7
87 92 7
87 93 7
87 94 7
87 96 7
87 97 7
87 98 7
87 99 7
88 0 7
88 1 7
88 2 7
88 3 7
88 4 7
88 5 7
88 6 7
88 7 7
88 8 7
88 9 7
88 10 7
88 36 7
88 37 7
88 38 7
88 39 7
88 40 7
88 41 7
88 42 7
88 43 7
88 44 7
88 45 7
88 46 7
88 47 7
88 48 7
88 49 7
88 50 7
88 51 7
88 52 7
88 53 7
88 54 7
88 55 7
88 59 7
88 60 7
88 61 7
88 62 7
88 63 7
88 64 7
88 65 7
88 69 7
88 70 7
88 71 7
88 72 1
88 85 7
88 86 7
88 87 7
88 88 7
88 89 7
88 90 7
88 91 7
88 92 7
88 93 7
88 94 7
88 96 7
88 97 7
88 98 7
88 99 7
89 0 7
89 1 7
89 2 7
89 3 7
89 4 7
89 5 7
89 6 7
89 7 7
89 8 7
89 9 7
89 10 7
89 36 7
89 37 7
89 38 7
89 39 7
89 40 7
89 41 7
89 42 7
89 43 7
89 44 7
89 45 7
89 46 7
89 47 7
89 48 7
89 49 7
89 50 7
89 51 7
89 52 7
89 53 7
89 54 7
89 55 7
89 59 7
89 60 7
89 61 7
89 62 7
89 63 7
89 64 7
89 65 7
89 69 7
89 70 7
89 71 7
89 72 1
89 85 7
89 86 7
89 87 7
89 88 7
89 93 7
89 94 7
89 96 7
89 97 7
89 98 7
89 99 7
90 0 7
90 1 7
90 2 7
90 3 7
90 4 7
90 5 7
90 6 7
90 7 7
90 8 7
90 9 7
90 10 7
90 36 7
90 37 7
90 38 7
90 39 7
90 40 7
90 41 7
90 42 7
90 43 7
90 44 7
90 45 7
90 46 7
90 47 7
90 48 7
90 49 7
90 50 7
90 51 7
90 52 7
90 53 7
90 54 7
90 55 7
90 59 7
90 60 7
90 61 7
90 62 7
90 63 7
90 64 7
90 65 7
90 69 7
90 70 7
90 71 7
90 72 1
90 85 7
90 86 7
90 87 7
90 90 7
90 91 7
90 94 7
90 96 7
90 97 7
90 98 7
90 99 7
91 0 7
91 1 7
91 2 7
91 3 7
91 4 7
91 5 7
91 6 7
91 7 7
91 8 7
91 9 7
91 10 7
91 36 7
91 37 7
91 38 7
91 39 7
91 40 7
91 41 7
91 42 7
91 43 7
91 44 7
91 45 7
91 46 7
91 47 7
91 48 7
91 49 7
91 50 7
91 51 7
91 52 7
91 53 7
91 54 7
91 55 7
91 59 7
91 60 7
91 61 7
91 62 7
91 63 7
91 64 7
91 65 7
91 69 7
91 70 7
91 71 7
91 72 1
91 85 7
91 86 7
91 87 7
91 91 7
91 93 7
91 96 7
91 97 7
91 98 7
91 99 7
92 0 7
92 1 7
92 2 7
92 3 7
92 4 7
92 5 7
92 6 7
92 7 7
92 8 7
92 9 7
92 10 7
92 36 7
92 37 7
92 38 7
92 39 7
92 40 7
92 41 7
92 42 7
92 43 7
92 44 7
92 45 7
92 46 7
92 47 7
92 48 7
92 49 7
92 50 7
92 51 7
92 52 7
92 53 7
92 54 7
92 55 7
92 59 7
92 60 7
92 61 7
92 62 7
92 63 7
92 64 7
92 65 7
92 69 7
92 70 7
92 71 7
92 72 1
92 73 1
92 74 1
92 75 1
92 76 1
92 77 1
92 78 1
92 79 1
92 85 7
92 86 7
92 87 7
92 89 7
92 90 7
92 91 7
92 96 7
92 97 7
92 98 7
92 99 7
93 0 7
93 1 7
93 2 7
93 3 7
93 4 7
93 5 7
93 6 7
93 7 7
93 8 7
93 9 7
93 10 7
93 36 7
93 37 7
93 38 7
93 39 7
93 40 7
93 41 7
93 42 7
93 43 7
93 44 7
93 45 7
93 46 7
93 47 7
93 48 7
93 49 7
93 50 7
93 51 7
93 52 7
93 53 7
93 54 7
93 55 7
93 59 7
93 60 7
93 61 7
93 62 7
93 63 7
93 64 7
93 65 7
93 69 7
93 70 7
93 71 7
93 72 7
93 73 7
93 74 7
93 75 7
93 76 7
93 77 7
93 78 7
93 79 7
93 80 1
93 85 7
93 86 7
93 87 7
93 92 7
93 94 7
93 95 7
93 96 7
93 97 7
93 98 7
93 99 7
94 0 7
94 1 7
94 2 7
94 3 7
94 4 7
94 5 7
94 6 7
94 7 7
94 8 7
94 9 7
94 10 7
94 36 7
94 37 7
94 38 7
94 39 7
94 40 7
94 41 7
94 42 7
94 43 7
94 44 7
94 45 7
94 46 7
94 47 7
94 48 7
94 49 7
94 50 7
94 51 7
94 52 7
94 53 7
94 54 7
94 55 7
94 59 7
94 60 7
94 61 7
94 62 7
94 63 7
94 65 7
94 69 7
94 70 7
94 71 7
94 72 7
94 73 7
94 74 7
94 75 7
94 76 7
94 77 7
94 78 7
94 79 7
94 80 7
94 81 1
94 85 7
94 86 7
94 87 7
94 88 7
94 89 7
94 91 7
94 93 7
94 94 7
94 95 7
94 96 7
94 97 7
94 98 7
94 99 7
95 0 7
95 1 7
95 2 7
95 3 7
95 4 7
95 5 7
95 6 7
95 7 7
95 8 7
95 9 7
95 10 7
95 36 7
95 37 7
95 38 7
95 39 7
95 40 7
95 41 7
95 42 7
95 43 7
95 44 7
95 45 7
95 46 7
95 47 7
95 48 7
95 49 7
95 50 7
95 51 7
95 52 7
95 53 7
95 54 7
95 55 7
95 59 7
95 60 7
95 61 7
95 62 7
95 65 7
95 69 7
95 70 7
95 71 7
95 72 7
95 73 7
95 74 7
95 75 7
95 76 7
95 77 7
95 78 7
95 79 7
95 80 7
95 81 7
95 85 7
95 86 7
95 87 7
95 88 7
95 89 7
95 93 7
95 94 7
95 95 7
95 96 7
95 97 7
95 98 7
95 99 7
96 0 7
96 1 7
96 2 7
96 3 7
96 4 7
96 5 7
96 6 7
96 7 7
96 8 7
96 9 7
96 10 7
96 36 7
96 37 7
96 38 7
96 39 7
96 40 7
96 41 7
96 42 7
96 43 7
96 44 7
96 45 7
96 46 7
96 47 7
96 48 7
96 49 7
96 50 7
96 51 7
96 52 7
96 53 7
96 54 7
96 55 7
96 59 7
96 60 7
96 61 7
96 62 7
96 65 7
96 70 7
96 71 7
96 72 7
96 73 7
96 74 7
96 75 7
96 76 7
96 77 7
96 78 7
96 79 7
96 80 7
96 81 7
96 85 7
96 86 7
96 87 7
96 88 7
96 89 7
96 90 7
96 91 7
96 93 7
96 94 7
96 95 7
96 96 7
96 97 7
96 98 7
96 99 7
97 0 7
97 1 7
97 2 7
97 3 7
97 4 7
97 5 7
97 6 7
97 7 7
97 8 7
97 9 7
97 10 7
97 36 7
97 37 7
97 38 7
97 39 7
97 40 7
97 41 7
97 42 7
97 43 7
97 44 7
97 45 7
97 46 7
97 47 7
97 48 7
97 49 7
97 50 7
97 51 7
97 52 7
97 53 7
97 54 7
97 55 7
97 59 7
97 60 7
97 61 7
97 62 7
97 65 7
97 69 7
97 70 7
97 71 7
97 72 7
97 73 7
97 74 7
97 75 7
97 76 7
97 77 7
97 78 7
97 79 7
97 80 7
97 81 7
97 85 7
97 86 7
97 87 7
97 88 7
97 89 7
97 90 7
97 91 7
97 93 7
97 94 7
97 95 7
97 96 7
97 97 7
97 98 7
97 99 7
98 0 7
98 1 7
98 2 7
98 3 7
98 4 7
98 5 7
98 6 7
98 7 7
98 8 7
98 9 7
98 10 7
98 36 7
98 37 7
98 38 7
98 39 7
98 40 7
98 41 7
98 42 7
98 43 7
98 44 7
98 45 7
98 46 7
98 47 7
98 48 7
98 49 7
98 50 7
98 51 7
98 52 7
98 53 7
98 54 7
98 55 7
98 56 7
98 57 7
98 58 7
98 59 7
98 60 7
98 61 7
98 62 7
98 65 7
98 69 7
98 70 7
98 71 7
98 72 7
98 73 7
98 74 7
98 75 7
98 76 7
98 77 7
98 78 7
98 79 7
98 80 7
98 81 7
98 85 7
98 86 7
98 87 7
98 88 7
98 89 7
98 90 7
98 91 7
98 93 7
98 94 7
98 95 7
98 96 7
98 97 7
98 98 7
98 99 7
99 0 7
99 1 7
99 2 7
99 3 7
99 4 7
99 5 7
99 6 7
99 7 7
99 8 7
99 9 7
99 10 7
99 36 7
99 37 7
99 38 7
99 39 7
99 40 7
99 41 7
99 42 7
99 43 7
99 44 7
99 45 7
99 46 7
99 47 7
99 48 7
99 49 7
99 50 7
99 51 7
99 52 7
99 53 7
99 54 7
99 55 7
99 56 7
99 57 7
99 58 7
99 59 7
99 60 7
99 61 7
99 62 7
99 65 8
99 69 7
99 70 7
99 71 7
99 72 7
99 73 7
99 74 7
99 75 7
99 76 7
99 77 7
99 78 7
99 79 7
99 80 7
99 81 7
99 83 7
99 85 7
99 86 7
99 87 7
99 88 7
99 89 7
99 90 7
99 91 7
99 93 7
99 94 7
99 95 7
99 96 7
99 97 7
99 98 7
99 99 7
100 0 7
100 1 7
100 2 7
100 3 7
100 4 7
100 5 7
100 6 7
100 7 7
100 8 7
100 9 7
100 10 7
100 36 7
100 37 7
100 38 7
100 39 7
100 40 7
100 41 7
100 42 7
100 43 7
100 44 7
100 45 7
100 46 7
100 47 7
100 48 7
100 49 7
100 50 7
100 51 7
100 52 7
100 53 7
100 54 7
100 55 7
100 56 7
100 57 7
100 58 7
100 59 7
100 60 7
100 61 7
100 62 7
100 65 7
100 69 7
100 70 7
100 71 7
100 72 7
100 73 7
100 74 7
100 75 7
100 76 7
100 77 7
100 78 7
100 79 7
100 80 7
100 81 7
100 83 7
100 85 7
100 86 7
100 87 7
100 88 7
100 89 7
100 91 7
100 93 7
100 94 7
100 95 7
100 96 7
100 97 7
100 98 7
100 99 7
101 0 7
101 1 7
101 2 7
101 3 7
101 4 7
101 5 7
101 6 7
101 7 7
101 8 7
101 9 7
101 10 7
101 36 7
101 37 7
101 38 7
101 39 7
101 40 7
101 41 7
101 42 7
101 43 7
101 44 7
101 45 7
101 46 7
101 47 7
101 48 7
101 49 7
101 50 7
101 51 7
101 52 7
101 53 7
101 54 7
101 55 7
101 56 7
101 57 7
101 58 7
101 59 7
101 60 7
101 61 7
101 62 7
101 65 7
101 69 7
101 70 7
101 71 7
101 72 7
101 73 7
101 74 7
101 75 7
101 76 7
101 77 7
101 78 7
101 79 7
101 80 7
101 81 7
101 83 7
101 85 7
101 86 7
101 87 7
101 91 7
101 93 7
101 94 7
101 95 7
101 96 7
101 97 7
101 98 7
101 99 7
102 0 7
102 1 7
102 2 7
102 3 7
102 4 7
102 5 7
102 6 7
102 7 7
102 8 7
102 9 7
102 10 7
102 36 7
102 37 7
102 38 7
102 39 7
102 40 7
102 41 7
102 42 7
102 43 7
102 44 7
102 45 7
102 46 7
102 47 7
102 48 7
102 49 7
102 50 7
102 51 7
102 52 7
102 53 7
102 54 7
102 55 7
102 56 7
102 57 7
102 58 7
102 59 7
102 60 7
102 61 7
102 65 7
102 70 7
102 71 7
102 72 7
102 73 7
102 74 4
102 75 4
102 76 4
102 77 7
102 78 7
102 79 7
102 80 7
102 81 7
102 83 7
102 85 7
102 86 7
102 87 7
102 89 7
102 91 7
102 94 7
102 95 7
102 96 7
102 97 7
102 98 7
102 99 7
103 0 7
103 1 7
103 2 7
103 3 7
103 4 7
103 5 7
103 6 7
103 7 7
103 8 7
103 9 7
103 10 7
103 36 7
103 37 7
103 38 7
103 39 7
103 40 7
103 41 7
103 42 7
103 43 7
103 44 7
103 45 7
103 46 7
103 47 7
103 48 7
103 49 7
103 50 7
103 51 7
103 52 7
103 53 7
103 54 7
103 55 7
103 56 7
103 57 7
103 58 7
103 59 7
103 60 7
103 61 7
103 62 7
103 65 7
103 69 7
103 70 7
103 71 7
103 72 7
103 73 7
103 74 4
103 75 2
103 76 4
103 77 7
103 78 7
103 79 7
103 80 7
103 81 7
103 83 7
103 85 7
103 86 7
103 87 7
103 89 7
103 91 7
103 93 7
103 94 7
103 95 7
103 96 7
103 97 7
103 98 7
103 99 7
104 0 7
104 1 7
104 2 7
104 3 7
104 4 7
104 5 7
104 6 7
104 7 7
104 8 7
104 9 7
104 10 7
104 36 7
104 37 7
104 38 7
104 39 7
104 40 7
104 41 7
104 42 7
104 43 7
104 44 7
104 45 7
104 46 7
104 47 7
104 48 7
104 49 7
104 50 7
104 51 7
104 52 7
104 53 7
104 54 7
104 55 7
104 56 7
104 57 7
104 58 7
104 59 7
104 60 7
104 61 7
104 62 7
104 65 7
104 77 7
104 78 7
104 79 7
104 80 7
104 81 7
104 83 7
104 85 7
104 86 7
104 87 7
104 89 7
104 91 7
104 93 7
104 94 7
104 95 7
104 96 7
104 97 7
104 98 7
104 99 7
105 0 7
105 1 7
105 2 7
105 3 7
105 4 7
105 5 7
105 6 7
105 7 7
105 8 7
105 9 7
105 10 7
105 36 7
105 37 7
105 38 7
105 39 7
105 40 7
105 41 7
105 42 7
105 43 7
105 44 7
105 45 7
105 46 7
105 47 7
105 48 7
105 49 7
105 50 7
105 51 7
105 52 7
105 53 7
105 54 7
105 55 7
105 56 7
105 57 7
105 58 7
105 59 7
105 60 7
105 61 7
105 62 7
105 77 7
105 78 7
105 79 7
105 80 7
105 81 7
105 85 7
105 86 7
105 87 7
105 89 7
105 91 7
105 93 7
105 94 7
105 95 7
105 96 7
105 97 7
105 98 7
105 99 7
106 0 7
106 1 7
106 2 7
106 3 7
106 4 7
106 5 7
106 6 7
106 7 7
106 8 7
106 9 7
106 10 7
106 36 7
106 37 7
106 38 7
106 39 7
106 40 7
106 41 7
106 42 7
106 43 7
106 44 7
106 45 7
106 46 7
106 47 7
106 48 7
106 49 7
106 50 7
106 51 7
106 52 7
106 53 7
106 54 7
106 55 7
106 56 7
106 57 7
106 58 7
106 59 7
106 60 7
106 61 7
106 62 7
106 77 7
106 78 7
106 79 7
106 80 7
106 81 7
106 85 7
106 86 7
106 87 7
106 89 7
106 91 7
106 93 7
106 94 7
106 95 7
106 96 7
106 97 7
106 98 7
106 99 7
107 0 7
107 1 7
107 2 7
107 3 7
107 4 7
107 5 7
107 6 7
107 7 7
107 8 7
107 9 7
107 10 7
107 36 7
107 37 7
107 38 7
107 39 7
107 40 7
107 41 7
107 42 7
107 43 7
107 44 7
107 45 7
107 46 7
107 47 7
107 48 7
107 49 7
107 50 7
107 51 7
107 52 7
107 53 7
107 54 7
107 55 7
107 56 7
107 57 7
107 58 7
107 59 7
107 60 7
107 61 7
107 62 7
107 63 7
107 64 7
107 65 7
107 77 7
107 78 7
107 79 7
107 80 7
107 81 7
107 84 7
107 85 7
107 86 7
107 89 7
107 91 7
107 93 7
107 94 7
107 95 7
107 96 7
107 97 7
107 98 7
107 99 7
108 0 7
108 1 7
108 2 7
108 3 7
108 4 7
108 5 7
108 6 7
108 7 7
108 8 7
108 9 7
108 10 7
108 36 7
108 37 7
108 38 7
108 39 7
108 40 7
108 41 7
108 42 7
108 43 7
108 44 7
108 45 7
108 46 7
108 47 7
108 48 7
108 49 7
108 50 7
108 51 7
108 52 7
108 53 7
108 54 7
108 55 7
108 56 7
108 57 7
108 58 7
108 59 7
108 60 7
108 61 7
108 62 7
108 63 7
108 64 7
108 65 7
108 70 7
108 71 7
108 72 7
108 73 7
108 74 4
108 75 2
108 76 4
108 77 7
108 78 7
108 79 7
108 80 7
108 81 7
108 84 7
108 85 7
108 86 7
108 87 7
108 89 7
108 91 7
108 93 7
108 94 7
108 95 7
108 96 7
108 97 7
108 98 7
108 99 7
109 0 7
109 1 7
109 2 7
109 3 7
109 4 7
109 5 7
109 9 7
109 10 7
109 36 7
109 37 7
109 38 7
109 39 7
109 40 7
109 41 7
109 42 7
109 43 7
109 44 7
109 45 7
109 46 7
109 47 7
109 48 7
109 49 7
109 50 7
109 51 7
109 52 7
109 53 7
109 54 7
109 55 7
109 56 7
109 57 7
109 58 7
109 59 7
109 60 7
109 61 7
109 62 7
109 63 7
109 64 7
109 65 7
109 69 7
109 70 7
109 71 7
109 72 7
109 73 7
109 74 4
109 75 4
109 76 4
109 77 7
109 78 7
109 79 7
109 80 7
109 81 7
109 84 7
109 85 7
109 86 7
109 87 7
109 89 7
109 91 7
109 93 7
109 94 7
109 95 7
109 96 7
109 97 7
109 98 7
109 99 7
110 0 7
110 1 7
110 2 7
110 3 7
110 4 7
110 5 7
110 6 7
110 36 7
110 37 7
110 38 7
110 39 7
110 40 7
110 41 7
110 42 7
110 43 7
110 44 7
110 45 7
110 46 7
110 47 7
110 48 7
110 49 7
110 50 7
110 51 7
110 52 7
110 53 7
110 54 7
110 55 7
110 56 7
110 57 7
110 58 7
110 59 7
110 60 7
110 61 7
110 62 7
110 63 7
110 65 7
110 69 7
110 70 7
110 71 7
110 72 7
110 73 7
110 74 7
110 75 7
110 76 7
110 77 7
110 78 7
110 79 7
110 80 7
110 81 7
110 84 7
110 85 7
110 86 7
110 87 7
110 89 7
110 91 7
110 93 7
110 94 7
110 95 7
110 96 7
110 97 7
110 98 7
110 99 7
111 0 7
111 1 7
111 2 7
111 3 7
111 4 7
111 5 7
111 36 7
111 37 7
111 38 7
111 39 7
111 40 7
111 41 7
111 42 7
111 43 7
111 44 7
111 45 7
111 46 7
111 47 7
111 48 7
111 49 7
111 50 7
111 51 7
111 52 7
111 53 7
111 54 7
111 55 7
111 56 7
111 57 7
111 58 7
111 59 7
111 60 7
111 61 7
111 62 7
111 63 7
111 69 7
111 70 7
111 71 7
111 72 7
111 73 7
111 74 7
111 75 7
111 76 7
111 77 7
111 78 7
111 79 7
111 80 7
111 81 7
111 84 7
111 85 7
111 86 7
111 87 7
111 89 7
111 91 7
111 93 7
111 94 7
111 95 7
111 96 7
111 97 7
111 98 7
111 99 7
112 0 7
112 1 7
112 2 7
112 3 7
112 4 7
112 5 7
112 36 7
112 37 7
112 38 7
112 39 7
112 40 7
112 41 7
112 42 7
112 43 7
112 44 7
112 45 7
112 46 7
112 47 7
112 48 7
112 49 7
112 50 7
112 51 7
112 52 7
112 53 7
112 54 7
112 55 7
112 56 7
112 57 7
112 58 7
112 59 7
112 60 7
112 61 7
112 62 7
112 69 7
112 70 7
112 71 7
112 72 7
112 73 7
112 74 7
112 75 7
112 76 7
112 77 7
112 78 7
112 79 7
112 80 7
112 81 7
112 84 7
112 85 7
112 86 7
112 87 7
112 89 7
112 91 7
112 93 7
112 94 7
112 95 7
112 96 7
112 97 7
112 98 7
112 99 7
113 0 7
113 1 7
113 2 7
113 3 7
113 4 7
113 5 7
113 36 7
113 37 7
113 38 7
113 39 7
113 40 7
113 41 7
113 42 7
113 43 7
113 44 7
113 45 7
113 46 7
113 47 7
113 48 7
113 49 7
113 50 7
113 51 7
113 52 7
113 53 7
113 54 7
113 55 7
113 56 7
113 57 7
113 58 7
113 59 7
113 60 7
113 69 7
113 70 7
113 71 7
113 72 7
113 73 7
113 74 7
113 75 7
113 76 7
113 77 7
113 78 7
113 79 7
113 80 7
113 81 7
113 84 7
113 85 7
113 86 7
113 87 7
113 89 7
113 91 7
113 93 7
113 94 7
113 95 7
113 96 7
113 97 7
113 98 7
113 99 7
114 0 7
114 1 7
114 2 7
114 3 7
114 4 7
114 5 7
114 54 7
114 55 7
114 56 7
114 57 7
114 58 7
114 59 7
114 68 7
114 69 7
114 70 7
114 71 7
114 72 7
114 73 7
114 74 7
114 75 7
114 76 7
114 77 7
114 78 7
114 79 7
114 80 7
114 81 7
114 89 7
114 91 7
114 93 7
114 94 7
114 95 7
114 96 7
114 97 7
114 98 7
114 99 7
115 0 7
115 1 7
115 2 7
115 3 7
115 4 7
115 5 7
115 55 7
115 56 7
115 57 7
115 58 7
115 67 7
115 68 7
115 69 7
115 70 7
115 71 7
115 72 7
115 73 7
115 74 7
115 75 7
115 76 7
115 77 7
115 78 7
115 79 7
115 80 7
115 81 7
115 83 7
115 84 7
115 85 7
115 86 7
115 87 7
115 88 7
115 89 7
115 91 7
115 93 7
115 94 7
115 95 7
115 96 7
115 97 7
115 98 7
115 99 7
116 0 7
116 1 7
116 2 7
116 3 7
116 4 7
116 5 7
116 55 7
116 56 7
116 57 7
116 58 7
116 67 7
116 68 7
116 69 7
116 70 7
116 71 7
116 72 7
116 73 7
116 74 7
116 75 7
116 76 7
116 77 7
116 78 7
116 79 7
116 80 7
116 81 7
116 83 7
116 84 7
116 85 7
116 86 7
116 87 7
116 88 7
116 89 7
116 91 7
116 93 7
116 94 7
116 95 7
116 96 7
116 97 7
116 98 7
116 99 7
117 0 7
117 1 7
117 2 7
117 3 7
117 4 7
117 5 7
117 55 7
117 56 7
117 57 7
117 58 7
117 67 7
117 68 7
117 69 7
117 70 7
117 71 7
117 72 7
117 73 7
117 74 7
117 75 7
117 76 7
117 77 7
117 78 7
117 79 7
117 80 7
117 81 7
117 82 7
117 83 7
117 84 7
117 85 7
117 86 7
117 87 7
117 88 7
117 89 7
117 93 7
117 94 7
117 95 7
117 96 7
117 97 7
117 98 7
117 99 7
118 0 7
118 1 7
118 2 7
118 3 7
118 4 7
118 5 7
118 55 7
118 56 7
118 57 7
118 58 7
118 59 7
118 63 7
118 67 7
118 68 7
118 69 7
118 70 7
118 71 7
118 72 7
118 73 7
118 74 7
118 75 7
118 76 7
118 77 7
118 78 7
118 79 7
118 80 7
118 81 7
118 82 7
118 83 7
118 84 7
118 85 7
118 86 7
118 87 7
118 88 7
118 89 7
118 90 7
118 91 7
118 92 7
118 93 7
118 94 7
118 95 7
118 96 7
118 97 7
118 98 7
118 99 7
119 0 7
119 1 7
119 2 7
119 3 7
119 4 7
119 5 7
119 55 7
119 56 7
119 57 7
119 58 7
119 63 7
119 67 7
119 68 7
119 69 7
119 70 7
119 71 7
119 72 7
119 73 7
119 74 7
119 75 7
119 76 7
119 77 7
119 78 7
119 79 7
119 80 7
119 81 7
119 82 7
119 83 7
119 84 7
119 85 7
119 86 7
119 87 7
119 88 7
119 89 7
119 90 7
119 91 7
119 92 7
119 93 7
119 94 7
119 95 7
119 96 7
119 97 7
119 98 7
119 99 7
120 0 7
120 1 7
120 2 7
120 3 7
120 4 7
120 5 7
120 55 7
120 56 7
120 57 7
120 58 7
120 61 7
120 67 7
120 68 7
120 69 7
120 70 7
120 71 7
120 72 7
120 73 7
120 74 7
120 75 7
120 76 7
120 77 7
120 78 7
120 79 7
120 80 7
120 81 7
120 82 7
120 83 7
120 84 7
120 85 7
120 86 7
120 87 7
120 88 7
120 89 7
120 90 7
120 91 7
120 92 7
120 93 7
120 94 7
120 95 7
120 96 7
120 97 7
120 98 7
120 99 7
121 0 7
121 1 7
121 2 7
121 3 7
121 4 7
121 5 7
121 55 7
121 56 7
121 57 7
121 58 7
121 61 7
121 67 7
121 68 7
121 69 7
121 70 7
121 71 7
121 72 7
121 73 7
121 74 7
121 75 7
121 76 7
121 77 7
121 78 7
121 79 7
121 80 7
121 81 7
121 82 7
121 83 7
121 84 7
121 85 7
121 86 7
121 87 7
121 88 7
121 89 7
121 90 7
121 91 7
121 92 7
121 93 7
121 94 7
121 95 7
121 96 7
121 97 7
121 98 7
121 99 7
122 0 7
122 1 7
122 2 7
122 3 7
122 4 7
122 5 7
122 55 7
122 56 7
122 57 7
122 58 7
122 64 7
122 67 7
122 68 7
122 69 7
122 70 7
122 71 7
122 72 7
122 73 7
122 74 7
122 75 7
122 76 7
122 77 7
122 78 7
122 79 7
122 80 7
122 81 7
122 82 7
122 83 7
122 84 7
122 85 7
122 86 7
122 87 7
122 88 7
122 89 7
122 90 7
122 91 7
122 92 7
122 93 7
122 94 7
122 95 7
122 96 7
122 97 7
122 98 7
122 99 7
123 0 7
123 1 7
123 2 7
123 3 7
123 4 7
123 5 7
123 55 7
123 56 7
123 57 7
123 58 7
123 61 7
123 62 7
123 64 7
123 67 7
123 68 7
123 69 7
123 70 7
123 71 7
123 72 7
123 73 7
123 74 7
123 75 7
123 76 7
123 77 7
123 78 7
123 79 7
123 80 7
123 81 7
123 82 7
123 83 7
123 84 7
123 85 7
123 86 7
123 87 7
123 88 7
123 89 7
123 90 7
123 91 7
123 92 7
123 93 7
123 94 7
123 95 7
123 96 7
123 97 7
123 98 7
123 99 7
124 0 7
124 1 7
124 2 7
124 3 7
124 4 7
124 5 7
124 55 7
124 56 7
124 57 7
124 58 7
124 61 7
124 67 7
124 68 7
124 69 7
124 70 7
124 71 7
124 72 7
124 73 7
124 74 7
124 75 7
124 76 7
124 77 7
124 78 7
124 79 7
124 80 7
124 81 7
124 82 7
124 83 7
124 84 7
124 85 7
124 86 7
124 87 7
124 88 7
124 89 7
124 90 7
124 91 7
124 92 7
124 93 7
124 94 7
124 95 7
124 96 7
124 97 7
124 98 7
124 99 7
125 0 7
125 1 7
125 2 7
125 3 7
125 4 7
125 5 7
125 55 7
125 56 7
125 57 7
125 58 7
125 59 7
125 60 7
125 62 7
125 67 7
125 68 7
125 69 7
125 70 7
125 71 7
125 72 7
125 73 7
125 74 7
125 75 7
125 76 7
125 77 7
125 78 7
125 79 7
125 80 7
125 81 7
125 82 7
125 83 7
125 84 7
125 85 7
125 86 7
125 87 7
125 88 7
125 89 7
125 90 7
125 91 7
125 92 7
125 93 7
125 94 7
125 95 7
125 96 7
125 97 7
125 98 7
125 99 7
126 0 7
126 1 7
126 2 7
126 3 7
126 4 7
126 5 7
126 56 7
126 57 7
126 58 7
126 59 7
126 61 7
126 63 7
126 67 7
126 68 7
126 69 7
126 70 7
126 71 7
126 72 7
126 73 7
126 74 7
126 75 7
126 76 7
126 77 7
126 78 7
126 79 7
126 80 7
126 81 7
126 82 7
126 83 7
126 84 7
126 85 7
126 86 7
126 87 7
126 88 7
126 89 7
126 90 7
126 91 7
126 92 7
126 93 7
126 94 7
126 95 7
126 96 7
126 97 7
126 98 7
126 99 7
127 0 7
127 1 7
127 2 7
127 3 7
127 4 7
127 5 7
127 56 7
127 57 7
127 58 7
127 59 7
127 60 7
127 61 7
127 64 7
127 67 7
127 68 7
127 69 7
127 70 7
127 71 7
127 72 7
127 73 7
127 74 7
127 75 7
127 76 7
127 77 7
127 78 7
127 79 7
127 80 7
127 81 7
127 82 7
127 83 7
127 84 7
127 85 7
127 86 7
127 87 7
127 88 7
127 89 7
127 90 7
127 91 7
127 92 7
127 93 7
127 94 7
127 95 7
127 96 7
127 97 7
127 98 7
127 99 7
128 0 7
128 1 7
128 2 7
128 3 7
128 4 7
128 5 7
128 56 7
128 57 7
128 58 7
128 60 7
128 61 7
128 62 7
128 63 7
128 67 7
128 68 7
128 69 7
128 70 7
128 71 7
128 72 22
128 73 22
128 74 22
128 75 22
128 76 20
128 98 17
128 99 19
129 0 7
129 1 7
129 2 7
129 3 7
129 4 7
129 5 7
129 56 7
129 57 7
129 58 7
129 60 7
129 63 7
129 64 7
129 67 7
129 68 7
129 69 7
129 70 7
129 71 7
129 72 23
129 73 23
129 74 23
129 75 23
129 76 21
129 98 16
129 99 18
130 0 7
130 1 7
130 2 7
130 3 7
130 4 7
130 5 7
130 56 7
130 57 7
130 58 7
130 60 7
130 61 7
130 62 7
130 63 7
130 67 7
130 68 7
130 69 7
130 70 7
130 71 7
130 72 7
130 73 7
130 74 7
130 75 7
130 76 7
130 77 7
130 78 7
130 79 7
130 80 7
130 81 7
130 82 7
130 83 7
130 84 7
130 85 7
130 86 7
130 87 7
130 88 7
130 89 7
130 90 7
130 91 7
130 92 7
130 93 7
130 94 7
130 95 7
130 96 7
130 97 7
130 98 7
130 99 7
131 0 7
131 1 7
131 2 7
131 3 7
131 4 7
131 5 7
131 56 7
131 57 7
131 58 7
131 60 7
131 61 7
131 62 7
131 63 7
131 67 7
131 68 7
131 69 7
131 70 7
131 71 7
131 72 7
131 73 7
131 74 7
131 75 7
131 76 7
131 77 7
131 78 7
131 79 7
131 80 7
131 81 7
131 82 7
131 83 7
131 84 7
131 85 7
131 86 7
131 87 7
131 88 7
131 89 7
131 90 7
131 91 7
131 92 7
131 93 7
131 94 7
131 95 7
131 96 7
131 97 7
131 98 7
131 99 7
132 0 7
132 1 7
132 2 7
132 3 7
132 4 7
132 5 7
132 56 7
132 57 7
132 58 7
132 59 7
132 60 7
132 63 7
132 64 7
132 67 7
132 68 7
132 69 7
132 70 7
132 71 7
132 72 7
132 73 7
132 74 7
132 75 7
132 76 7
132 77 7
132 78 7
132 79 7
132 80 7
132 81 7
132 82 7
132 83 7
132 84 7
132 85 7
132 86 7
132 87 7
132 88 7
132 89 7
132 90 7
132 91 7
132 92 7
132 93 7
132 94 7
132 95 7
132 96 7
132 97 7
132 98 7
132 99 7
133 0 7
133 1 7
133 2 7
133 3 7
133 4 7
133 5 7
133 56 7
133 57 7
133 58 7
133 60 7
133 61 7
133 62 7
133 67 7
133 68 7
133 69 7
133 70 7
133 71 7
133 72 7
133 73 7
133 74 7
133 75 7
133 76 7
133 77 7
133 78 7
133 79 7
133 80 7
133 81 7
133 82 7
133 83 7
133 84 7
133 85 7
133 86 7
133 87 7
133 88 7
133 89 7
133 90 7
133 91 7
133 92 7
133 93 7
133 94 7
133 95 7
133 96 7
133 97 7
133 98 7
133 99 7
134 0 7
134 1 7
134 2 7
134 3 7
134 4 7
134 5 7
134 56 7
134 57 7
134 58 7
134 59 7
134 60 7
134 61 7
134 62 7
134 67 7
134 68 7
134 69 7
134 70 7
134 71 7
134 72 7
134 73 7
134 74 7
134 75 7
134 76 7
134 77 7
134 78 7
134 79 7
134 80 7
134 81 7
134 82 7
134 83 7
134 84 7
134 85 7
134 86 7
134 87 7
134 88 7
134 89 7
134 90 7
134 91 7
134 92 7
134 93 7
134 94 7
134 95 7
134 96 7
134 97 7
134 98 7
134 99 7
135 0 7
135 1 7
135 2 7
135 3 7
135 4 7
135 5 7
135 56 7
135 57 7
135 58 7
135 67 7
135 68 7
135 69 7
135 70 7
135 71 7
135 72 7
135 73 7
135 74 7
135 75 7
135 76 7
135 77 7
135 78 7
135 79 7
135 80 7
135 81 7
135 82 7
135 83 7
135 84 7
135 85 7
135 86 7
135 87 7
135 88 7
135 89 7
135 90 7
135 91 7
135 92 7
135 93 7
135 94 7
135 95 7
135 96 7
135 97 7
135 98 7
135 99 7
136 0 7
136 1 7
136 2 7
136 3 7
136 4 7
136 5 7
136 56 7
136 57 7
136 58 7
136 67 7
136 68 7
136 69 7
136 70 7
136 71 7
136 72 7
136 73 7
136 74 7
136 75 7
136 76 7
136 77 7
136 78 7
136 79 7
136 80 7
136 81 7
136 82 7
136 83 7
136 84 7
136 85 7
136 86 7
136 87 7
136 88 7
136 89 7
136 90 7
136 91 7
136 92 7
136 93 7
136 94 7
136 95 7
136 96 7
136 97 7
136 98 7
136 99 7
137 0 7
137 1 7
137 2 7
137 3 7
137 4 7
137 5 7
137 56 7
137 57 7
137 58 7
137 67 7
137 68 7
137 69 7
137 70 7
137 71 7
137 72 7
137 73 7
137 74 7
137 75 7
137 76 7
137 77 7
137 78 7
137 79 7
137 80 7
137 81 7
137 82 7
137 83 7
137 84 7
137 85 7
137 86 7
137 87 7
137 88 7
137 89 7
137 90 7
137 91 7
137 92 7
137 93 7
137 94 7
137 95 7
137 96 7
137 97 7
137 98 7
137 99 7
138 0 7
138 1 7
138 2 7
138 3 7
138 4 7
138 5 7
138 56 7
138 57 7
138 58 7
138 67 7
138 68 7
138 69 7
138 70 7
138 71 7
138 72 7
138 73 7
138 74 7
138 75 7
138 76 7
138 77 7
138 78 7
138 79 7
138 80 7
138 81 7
138 82 7
138 83 7
138 84 7
138 85 7
138 86 7
138 87 7
138 88 7
138 89 7
138 90 7
138 91 7
138 92 7
138 93 7
138 94 7
138 95 7
138 96 7
138 97 7
138 98 7
138 99 7
139 0 7
139 1 7
139 2 7
139 3 7
139 4 7
139 5 7
139 56 7
139 57 7
139 58 7
139 65 28
139 66 29
139 67 7
139 68 7
139 69 7
139 70 7
139 71 7
139 72 7
139 73 7
139 74 7
139 75 7
139 76 7
139 77 7
139 78 7
139 79 7
139 80 7
139 81 7
139 82 7
139 83 7
139 84 7
139 85 7
139 86 7
139 87 7
139 88 7
139 89 7
139 90 7
139 91 7
139 92 7
139 93 7
139 94 7
139 95 7
139 96 7
139 97 7
139 98 7
139 99 7
140 0 7
140 1 7
140 2 7
140 3 7
140 4 7
140 5 7
140 56 7
140 57 7
140 58 7
140 59 7
140 60 7
140 61 7
140 62 7
140 63 7
140 64 7
140 65 30
140 66 31
140 67 7
140 68 7
140 69 7
140 70 7
140 71 7
140 72 7
140 73 7
140 74 7
140 75 7
140 76 7
140 77 7
140 78 7
141 56 7
141 57 7
141 58 7
141 59 7
141 60 7
141 61 7
141 62 7
141 63 7
141 64 7
141 65 30
141 66 31
141 67 7
141 68 7
141 69 7
141 70 7
141 71 7
141 72 7
141 73 7
141 74 7
141 75 7
141 76 7
142 56 7
142 57 7
142 58 7
142 59 7
142 60 7
142 61 7
142 62 7
142 63 7
142 64 7
142 65 30
142 66 31
142 67 7
142 68 7
142 69 7
142 70 7
142 71 7
142 72 7
142 73 7
142 74 7
142 75 7
143 56 7
143 57 7
143 58 7
143 59 7
143 60 7
143 61 7
143 62 7
143 63 7
143 64 7
143 65 30
143 66 31
143 67 7
143 68 7
143 69 7
143 70 7
143 71 7
143 72 7
143 73 7
143 74 7
143 75 7
144 56 7
144 57 7
144 58 7
144 59 7
144 60 7
144 61 7
144 62 7
144 63 7
144 64 7
144 65 30
144 66 31
144 67 7
144 68 7
144 69 7
144 70 7
144 71 7
144 72 7
144 73 7
144 74 7
144 75 7
145 56 7
145 57 7
145 58 7
145 59 7
145 60 7
145 61 7
145 62 7
145 63 7
145 64 7
145 65 30
145 66 31
145 67 7
145 68 7
145 69 7
145 70 7
145 71 7
145 72 7
145 73 7
145 74 7
145 75 7
146 56 7
146 57 7
146 58 7
146 59 7
146 60 7
146 61 7
146 62 7
146 63 7
146 64 7
146 65 30
146 66 31
146 67 7
146 68 7
146 69 7
146 70 7
146 71 7
146 72 7
146 73 7
146 74 7
146 75 7
147 56 7
147 57 7
147 58 7
147 59 7
147 60 7
147 61 7
147 62 7
147 63 7
147 64 7
147 65 30
147 66 31
147 67 7
147 68 7
147 69 7
147 70 7
147 71 7
147 72 7
147 73 7
147 74 7
147 75 7
148 56 7
148 57 7
148 58 7
148 59 7
148 60 7
148 61 7
148 62 7
148 63 7
148 64 7
148 65 30
148 66 31
148 67 7
148 68 7
148 69 7
148 70 7
148 71 7
148 72 7
148 73 7
148 74 7
148 75 7
149 56 7
149 57 7
149 58 7
149 59 7
149 60 7
149 61 7
149 62 7
149 63 7
149 64 7
149 65 7
149 66 7
149 67 7
149 68 7
149 69 7
149 70 7
149 71 7
149 72 7
149 73 7
149 74 7
149 75 7
150 56 7
150 57 7
150 58 7
150 59 7
150 60 7
150 61 7
150 62 7
150 63 7
150 64 7
150 65 7
150 66 7
150 67 7
150 68 7
150 69 7
150 70 7
150 71 7
150 72 7
150 73 7
150 74 7
150 75 7
151 56 7
151 57 7
151 58 7
151 59 7
151 60 7
151 61 7
151 62 7
151 63 7
151 64 7
151 65 7
151 66 7
151 67 7
151 68 7
151 69 7
151 70 7
151 71 7
151 72 7
151 73 7
151 74 7
151 75 7
152 56 7
152 57 7
152 58 7
152 59 7
152 60 7
152 61 7
152 62 7
152 63 7
152 64 7
152 65 7
152 66 7
152 67 7
152 68 7
152 69 7
152 70 7
152 71 7
152 72 7
152 73 7
152 74 7
152 75 7
153 56 7
153 57 7
153 58 7
153 59 7
153 60 7
153 61 7
153 62 7
153 63 7
153 64 7
153 65 7
153 66 7
153 67 7
153 68 7
153 69 7
153 70 7
153 71 7
153 72 7
153 73 7
153 74 7
153 75 7
191 98 7
191 99 7
192 98 7
192 99 7
193 96 27
193 98 7
193 99 7
194 96 27
194 98 7
194 99 7
195 96 27
195 98 7
195 99 7
196 86 7
196 87 7
196 88 7
196 89 7
196 90 7
196 91 7
196 92 7
196 93 7
196 94 7
196 95 26
196 96 27
196 97 7
196 98 7
196 99 7
197 86 7
197 87 7
197 88 7
197 89 7
197 90 7
197 91 7
197 92 7
197 93 7
197 94 7
197 95 26
197 96 27
197 97 7
197 98 7
197 99 7
198 86 7
198 87 7
198 88 7
198 89 7
198 90 7
198 91 7
198 92 7
198 93 7
198 94 7
198 95 26
198 96 27
198 97 7
198 98 7
198 99 7
199 86 7
199 87 7
199 88 7
199 89 7
199 90 7
199 91 7
199 92 7
199 93 7
199 94 7
199 95 26
199 96 27
199 97 7
199 98 7
199 99 7
200 86 7
200 87 7
200 88 7
200 89 7
200 90 7
200 91 7
200 92 7
200 93 7
200 94 7
200 95 26
200 96 27
200 97 7
200 98 7
200 99 7
201 86 7
201 87 7
201 88 7
201 89 7
201 90 7
201 91 7
201 92 7
201 93 7
201 94 7
201 95 26
201 96 27
201 97 7
201 98 7
201 99 7
202 86 7
202 87 7
202 88 7
202 89 7
202 90 7
202 91 7
202 92 7
202 93 7
202 94 7
202 95 26
202 96 27
202 97 7
202 98 7
203 86 7
203 87 7
203 88 7
203 89 7
203 90 7
203 91 7
203 92 7
203 93 7
203 94 7
203 95 26
203 96 27
203 97 7
203 98 7
204 86 7
204 87 7
204 88 7
204 89 7
204 90 7
204 91 7
204 92 7
204 93 7
204 94 7
204 95 26
204 96 27
204 97 7
204 98 7
204 99 7
205 86 7
205 87 7
205 88 7
205 89 7
205 90 7
205 91 7
205 92 7
205 93 7
205 94 7
205 95 26
205 96 27
205 97 7
205 98 7
205 99 7
206 86 7
206 87 7
206 88 7
206 89 7
206 90 7
206 91 7
206 92 7
206 93 7
206 94 7
206 95 26
206 96 27
206 97 7
206 98 7
206 99 7
207 86 7
207 87 7
207 88 7
207 89 7
207 90 7
207 91 7
207 92 7
207 93 7
207 94 7
207 95 26
207 96 27
207 97 7
207 98 7
207 99 7
208 86 7
208 87 7
208 88 7
208 89 7
208 90 7
208 91 7
208 92 7
208 93 7
208 94 7
208 95 26
208 96 27
208 97 7
208 98 7
208 99 7
209 0 7
209 1 7
209 2 7
209 4 7
209 5 7
209 86 7
209 87 7
209 88 7
209 89 7
209 90 7
209 91 7
209 92 7
209 93 7
209 94 7
209 95 26
209 96 27
209 97 7
209 98 7
209 99 7
210 0 7
210 1 7
210 2 7
210 4 7
210 5 7
210 86 7
210 87 7
210 88 7
210 89 7
210 90 7
210 91 7
210 92 7
210 93 7
210 94 7
210 95 26
210 96 27
210 97 7
210 98 7
210 99 7
211 0 7
211 1 7
211 2 7
211 3 7
211 4 7
211 5 7
211 86 7
211 87 7
211 88 7
211 89 7
211 90 7
211 91 7
211 92 7
211 93 7
211 94 7
211 95 26
211 96 27
211 97 7
211 98 7
211 99 7
212 0 7
212 1 7
212 2 7
212 4 7
212 5 7
212 86 7
212 87 7
212 88 7
212 89 7
212 90 7
212 91 7
212 92 7
212 93 7
212 94 7
212 95 26
212 96 27
212 97 7
212 98 7
212 99 7
213 0 7
213 1 7
213 2 7
213 3 7
213 5 7
213 86 7
213 87 7
213 88 7
213 89 7
213 90 7
213 91 7
213 92 7
213 93 7
213 94 7
213 95 24
213 96 25
213 97 7
213 98 7
213 99 7
214 0 7
214 1 7
214 2 7
214 3 7
214 5 7
214 86 7
214 87 7
214 88 7
214 89 7
214 90 7
214 91 7
214 92 7
214 93 7
214 94 7
214 97 7
214 98 7
214 99 7
215 0 7
215 1 7
215 2 7
215 3 7
215 5 7
215 86 7
215 87 7
215 88 7
215 89 7
215 90 7
215 91 7
215 92 7
215 93 7
215 94 7
215 97 7
215 98 7
215 99 7
216 0 7
216 1 7
216 2 7
216 3 7
216 4 7
216 5 7
216 86 7
216 87 7
216 88 7
216 89 7
216 90 7
216 91 7
216 92 7
216 93 7
216 98 7
216 99 7
217 0 7
217 1 7
217 2 7
217 3 7
217 4 7
217 86 7
217 87 7
217 88 7
217 89 7
217 90 7
217 91 7
217 92 7
217 93 7
217 98 7
217 99 7
218 0 7
218 1 7
218 2 7
218 3 7
218 4 7
218 86 7
218 87 7
218 88 7
218 89 7
218 90 7
218 91 7
218 92 7
218 93 7
218 98 7
218 99 7
219 0 7
219 1 7
219 2 7
219 3 7
219 4 7
219 86 7
219 87 7
219 88 7
219 89 7
219 90 7
219 91 7
219 92 7
219 93 7
219 98 7
219 99 7
220 0 7
220 1 7
220 2 7
220 3 7
220 4 7
220 86 7
220 87 7
220 88 7
220 89 7
220 90 7
220 91 7
220 92 7
220 93 7
220 98 7
220 99 7
221 0 7
221 1 7
221 2 7
221 3 7
221 4 7
221 86 7
221 87 7
221 88 7
221 89 7
221 90 7
221 91 7
221 92 7
221 98 7
221 99 7
222 0 7
222 1 7
222 2 7
222 3 7
222 4 7
222 86 7
222 87 7
222 88 7
222 89 7
222 90 7
222 91 7
222 97 7
222 98 7
222 99 7
223 0 7
223 1 7
223 2 7
223 3 7
223 4 7
223 5 7
223 86 7
223 87 7
223 88 7
223 89 7
223 90 7
223 96 7
223 97 7
223 98 7
223 99 7
224 0 7
224 1 7
224 2 7
224 3 7
224 4 7
224 86 7
224 87 7
224 88 7
224 89 7
224 95 7
224 96 7
224 97 7
224 98 7
224 99 7
225 0 7
225 1 7
225 2 7
225 3 7
225 4 7
225 86 7
225 87 7
225 88 7
225 89 7
225 95 7
225 96 7
225 97 7
225 98 7
225 99 7
226 0 7
226 1 7
226 2 7
226 3 7
226 4 7
226 86 7
226 87 7
226 88 7
226 89 7
226 95 7
226 96 7
226 97 7
226 98 7
226 99 7
227 0 7
227 1 7
227 2 7
227 3 7
227 4 7
227 86 7
227 87 7
227 88 7
227 89 7
227 95 7
227 96 7
227 97 7
227 98 7
227 99 7
228 0 7
228 1 7
228 2 7
228 3 7
228 4 7
228 5 7
228 86 7
228 87 7
228 88 7
228 89 7
228 95 7
228 96 7
228 97 7
228 98 7
228 99 7
229 0 7
229 1 7
229 2 7
229 3 7
229 4 7
229 5 7
229 86 7
229 87 7
229 88 7
229 89 7
229 95 7
229 96 7
229 97 7
229 98 7
229 99 7
230 0 7
230 1 7
230 2 7
230 3 7
230 4 7
230 5 7
230 86 7
230 87 7
230 88 7
230 89 7
230 95 7
230 96 7
230 97 7
230 98 7
230 99 7
231 0 7
231 1 7
231 2 7
231 3 7
231 4 7
231 5 7
231 86 7
231 87 7
231 88 7
231 89 7
231 97 7
231 98 7
231 99 7
232 0 7
232 1 7
232 2 7
232 3 7
232 4 7
232 5 7
232 86 7
232 87 7
232 88 7
232 89 7
232 97 7
232 98 7
232 99 7
233 0 7
233 1 7
233 2 7
233 3 7
233 4 7
233 5 7
233 86 7
233 87 7
233 88 7
233 89 7
233 97 7
233 98 7
233 99 7
234 0 7
234 1 7
234 2 7
234 3 7
234 4 7
234 5 7
234 86 7
234 87 7
234 88 7
234 89 7
234 95 7
234 96 7
234 97 7
234 98 7
234 99 7
235 0 7
235 1 7
235 2 7
235 3 7
235 4 7
235 5 7
235 86 7
235 87 7
235 88 7
235 89 7
235 95 7
235 96 7
235 97 7
235 98 7
235 99 7
236 0 7
236 1 7
236 2 7
236 3 7
236 4 7
236 5 7
236 86 7
236 87 7
236 88 7
236 89 7
236 95 7
236 96 7
236 97 7
236 98 7
236 99 7
237 0 7
237 1 7
237 2 7
237 3 7
237 4 7
237 5 7
237 86 7
237 87 7
237 88 7
237 89 7
237 95 7
237 96 7
237 97 7
237 98 7
237 99 7
238 0 7
238 1 7
238 2 7
238 3 7
238 4 7
238 5 7
238 86 7
238 87 7
238 88 7
238 89 7
238 95 7
238 96 7
238 97 7
238 98 7
238 99 7
239 0 7
239 1 7
239 2 7
239 3 7
239 4 7
239 5 7
239 86 7
239 87 7
239 88 7
239 89 7
239 95 7
239 96 7
239 97 7
239 98 7
239 99 7
240 0 7
240 1 7
240 2 7
240 3 7
240 4 7
240 5 7
240 86 7
240 87 7
240 88 7
240 89 7
240 95 7
240 96 7
240 97 7
240 98 7
240 99 7
241 0 7
241 1 7
241 2 7
241 3 7
241 4 7
241 5 7
241 86 7
241 87 7
241 88 7
241 89 7
241 98 7
241 99 7
242 0 7
242 1 7
242 2 7
242 3 7
242 4 7
242 5 7
242 86 7
242 87 7
242 88 7
242 89 7
242 98 7
242 99 7
243 0 7
243 1 7
243 2 7
243 3 7
243 4 7
243 5 7
243 86 7
243 87 7
243 88 7
243 89 7
243 95 7
243 96 7
243 97 7
243 98 7
243 99 7
244 0 7
244 1 7
244 2 7
244 3 7
244 4 7
244 5 7
244 86 7
244 87 7
244 88 7
244 89 7
244 95 7
244 96 7
244 97 7
244 98 7
244 99 7
245 0 7
245 1 7
245 2 7
245 3 7
245 4 7
245 5 7
245 86 7
245 87 7
245 88 7
245 89 7
245 95 7
245 96 7
245 97 7
245 98 7
245 99 7
246 0 7
246 1 7
246 2 7
246 3 7
246 4 7
246 5 7
246 86 7
246 87 7
246 88 7
246 89 7
246 95 7
246 96 7
246 97 7
246 98 7
246 99 7
247 0 7
247 1 7
247 2 7
247 3 7
247 4 7
247 5 7
247 86 7
247 87 7
247 88 7
247 89 7
247 95 7
247 96 7
247 97 7
247 98 7
247 99 7
248 0 7
248 1 7
248 2 7
248 3 7
248 4 7
248 5 7
248 86 7
248 87 7
248 88 7
248 89 7
248 95 7
248 96 7
248 97 7
248 98 7
248 99 7
249 0 7
249 1 7
249 2 7
249 3 7
249 4 7
249 5 7
249 86 7
249 87 7
249 88 7
249 89 7
249 95 7
249 96 7
249 97 7
249 98 7
249 99 7
250 0 7
250 1 7
250 2 7
250 3 7
250 4 7
250 5 7
250 86 7
250 87 7
250 88 7
250 89 7
250 95 7
250 96 7
250 97 7
250 98 7
250 99 7
251 0 7
251 1 7
251 2 7
251 3 7
251 4 7
251 5 7
251 86 7
251 87 7
251 88 7
251 89 7
251 95 7
251 96 7
251 97 7
251 98 7
251 99 7
252 0 7
252 1 7
252 2 7
252 3 7
252 4 7
252 5 7
252 86 7
252 87 7
252 88 7
252 89 7
252 95 7
252 96 7
252 97 7
252 98 7
252 99 7
253 0 7
253 1 7
253 2 7
253 3 7
253 4 7
253 5 7
253 86 7
253 87 7
253 88 7
253 89 7
253 95 7
253 96 7
253 97 7
253 98 7
253 99 7
254 0 7
254 1 7
254 2 7
254 3 7
254 4 7
254 5 7
254 86 7
254 87 7
254 88 7
254 89 7
254 95 7
254 96 7
254 97 7
254 98 7
254 99 7
255 0 7
255 1 7
255 2 7
255 3 7
255 4 7
255 5 7
255 86 7
255 87 7
255 88 7
255 89 7
255 95 7
255 96 7
255 97 7
255 98 7
255 99 7
256 0 7
256 1 7
256 2 7
256 3 7
256 4 7
256 5 7
256 86 7
256 87 7
256 88 7
256 89 7
256 95 7
256 96 7
256 97 7
256 98 7
256 99 7
257 0 7
257 1 7
257 2 7
257 3 7
257 4 7
257 5 7
257 86 7
257 87 7
257 88 7
257 89 7
257 95 7
257 96 7
257 97 7
257 98 7
257 99 7
258 0 7
258 1 7
258 2 7
258 3 7
258 4 7
258 5 7
258 86 7
258 87 7
258 88 7
258 89 7
258 95 7
258 96 7
258 97 7
258 98 7
258 99 7
259 0 7
259 1 7
259 2 7
259 3 7
259 4 7
259 5 7
259 86 7
259 87 7
259 88 7
259 89 7
259 95 7
259 96 7
259 97 7
259 98 7
259 99 7
260 0 7
260 1 7
260 2 7
260 3 7
260 4 7
260 5 7
260 86 7
260 87 7
260 88 7
260 89 7
261 86 7
261 87 7
261 88 7
261 89 7
262 86 7
262 87 7
262 88 7
262 89 7
263 86 7
263 87 7
263 88 7
263 89 7
264 86 7
264 87 7
264 88 7
264 89 7
265 86 7
265 87 7
265 88 7
265 89 7
266 86 7
266 87 7
266 88 7
266 89 7
267 86 7
267 87 7
267 88 7
267 89 7
268 86 7
268 87 7
268 88 7
268 89 7
269 86 7
269 87 7
269 88 7
269 89 7
270 86 7
270 87 7
270 88 7
270 89 7
271 86 7
271 87 7
271 88 7
271 89 7
272 86 7
272 87 7
272 88 7
272 89 7
273 86 7
273 87 7
273 88 7
273 89 7
274 86 7
274 87 7
274 88 7
274 89 7
275 86 7
275 87 7
275 88 7
275 89 7
275 90 7
275 96 7
275 97 7
275 98 7
275 99 7
276 0 7
276 1 1
276 2 1
276 3 1
276 4 1
276 5 1
276 86 7
276 87 7
276 88 7
276 89 7
276 95 7
276 96 7
276 97 7
276 98 7
276 99 7
277 0 7
277 1 7
277 2 7
277 3 7
277 4 7
277 5 7
277 86 7
277 87 7
277 88 7
277 89 7
277 95 7
277 96 7
277 97 7
277 98 7
277 99 7
278 0 7
278 1 7
278 2 7
278 3 7
278 4 7
278 5 7
278 86 7
278 87 7
278 88 7
278 89 7
278 95 7
278 96 7
278 97 7
278 98 7
278 99 7
279 0 7
279 1 7
279 2 7
279 3 7
279 4 7
279 5 7
279 86 7
279 87 7
279 88 7
279 89 7
279 96 7
279 97 7
279 98 7
279 99 7
280 0 7
280 1 7
280 2 7
280 3 7
280 4 7
280 5 7
280 86 7
280 87 7
280 88 7
280 89 7
280 97 7
280 98 7
280 99 7
281 0 7
281 1 7
281 2 7
281 3 7
281 4 7
281 5 7
281 86 7
281 87 7
281 88 7
281 89 7
281 98 7
281 99 7
282 0 7
282 1 7
282 2 7
282 3 7
282 4 7
282 5 7
282 86 7
282 87 7
282 88 7
282 89 7
282 98 7
282 99 7
283 0 7
283 1 7
283 2 7
283 3 7
283 4 7
283 5 7
283 86 7
283 87 7
283 88 7
283 89 7
283 98 7
283 99 7
284 0 7
284 1 7
284 2 7
284 3 7
284 4 7
284 5 7
284 86 7
284 87 7
284 88 7
284 89 7
284 98 7
284 99 7
285 0 7
285 1 7
285 2 7
285 3 7
285 4 7
285 5 7
285 86 7
285 87 7
285 88 7
285 89 7
285 98 7
285 99 7
286 0 7
286 1 7
286 2 7
286 3 7
286 4 7
286 5 7
286 86 7
286 87 7
286 88 7
286 89 7
286 98 7
286 99 7
287 0 7
287 1 7
287 2 7
287 3 7
287 4 7
287 5 7
287 86 22
287 87 22
287 88 22
287 89 22
287 90 22
287 91 22
287 92 22
287 93 20
287 98 7
287 99 7
288 0 7
288 1 7
288 2 7
288 3 7
288 4 7
288 5 7
288 86 23
288 87 23
288 88 23
288 89 23
288 90 23
288 91 23
288 92 23
288 93 21
288 98 7
288 99 7
289 0 7
289 1 7
289 2 7
289 3 7
289 4 7
289 5 7
289 86 7
289 87 7
289 88 7
289 89 7
289 90 32
289 98 7
289 99 7
290 0 7
290 1 7
290 2 7
290 3 7
290 4 7
290 5 7
290 86 7
290 87 7
290 88 7
290 89 7
290 98 7
290 99 7
291 0 7
291 1 7
291 2 7
291 3 7
291 4 7
291 5 7
291 86 7
291 87 7
291 88 7
291 89 7
291 98 7
291 99 7
292 0 7
292 1 7
292 2 7
292 3 7
292 4 7
292 5 7
292 86 7
292 87 7
292 88 7
292 89 7
292 98 7
292 99 7
293 0 7
293 1 7
293 2 7
293 3 7
293 4 7
293 5 7
293 86 7
293 87 7
293 88 7
293 89 7
293 98 7
293 99 7
294 0 7
294 1 7
294 2 7
294 3 7
294 4 7
294 5 7
294 86 7
294 87 7
294 88 7
294 89 7
294 98 7
294 99 7
295 0 7
295 1 7
295 2 7
295 3 7
295 4 7
295 5 7
295 86 7
295 87 7
295 88 7
295 89 7
295 97 7
295 98 7
295 99 7
296 0 7
296 1 7
296 2 7
296 3 7
296 4 7
296 5 7
296 86 7
296 87 7
296 88 7
296 89 7
296 96 7
296 97 7
296 98 7
296 99 7
297 0 7
297 1 7
297 2 7
297 3 7
297 4 7
297 5 7
297 86 7
297 87 7
297 88 7
297 89 7
297 95 7
297 96 7
297 97 7
297 98 7
297 99 7
298 0 7
298 1 7
298 2 7
298 3 7
298 4 7
298 5 7
298 86 7
298 87 7
298 88 7
298 89 7
298 90 7
298 91 7
298 92 7
298 93 7
298 94 7
298 95 7
298 96 7
298 97 7
298 98 7
298 99 7
299 0 7
299 1 7
299 2 7
299 3 7
299 4 7
299 5 7
299 86 7
299 87 7
299 88 7
299 89 7
299 90 7
299 91 7
299 92 7
299 93 7
299 94 7
299 95 7
299 96 7
299 97 7
299 98 7
299 99 7
300 0 7
300 1 7
300 2 7
300 3 7
300 4 7
300 5 7
300 86 7
300 87 7
300 88 7
300 89 7
300 90 7
300 91 7
300 92 7
300 93 7
300 94 7
300 95 7
300 96 7
300 97 7
300 98 7
300 99 7
301 0 7
301 1 7
301 2 7
301 3 7
301 4 7
301 5 7
301 86 7
301 87 7
301 88 7
301 89 7
301 90 7
301 91 7
301 92 7
301 93 7
301 94 7
301 95 7
301 96 7
301 97 7
301 98 7
301 99 7
302 0 7
302 1 7
302 2 7
302 3 7
302 4 7
302 5 7
302 86 7
302 87 7
302 88 7
302 89 7
302 90 7
302 91 7
302 92 7
302 93 7
302 94 7
302 95 7
302 96 7
302 97 7
302 98 7
302 99 7
303 0 7
303 1 7
303 2 7
303 3 7
303 4 7
303 5 7
303 86 7
303 87 7
303 88 7
303 89 7
303 90 7
303 91 7
303 92 7
303 93 7
303 94 7
303 95 7
303 96 7
303 97 7
303 98 7
303 99 7
304 0 7
304 1 7
304 2 7
304 3 7
304 4 7
304 5 7
304 86 7
304 87 7
304 88 7
304 89 7
304 90 7
304 91 7
304 92 7
304 93 7
304 94 7
304 95 7
304 96 7
304 97 7
304 98 7
304 99 7
305 0 7
305 1 7
305 2 7
305 3 7
305 4 7
305 5 7
305 86 7
305 87 7
305 88 7
305 89 7
305 90 7
305 91 7
305 92 7
305 93 7
305 94 7
305 95 7
305 96 7
305 97 7
305 98 7
305 99 7
306 0 7
306 1 7
306 2 7
306 3 7
306 4 7
306 5 7
306 86 7
306 87 7
306 88 7
306 89 7
306 90 7
306 91 7
306 92 7
306 93 7
306 94 7
306 95 7
306 96 7
306 97 7
306 98 7
306 99 7
307 0 7
307 1 7
307 2 7
307 3 7
307 4 7
307 5 7
::TILES-> END
::BONUS-> BEGIN
25 75 16
26 75 14
27 75 14
28 75 2
29 75 14
30 75 14
31 71 14
31 75 16
34 73 14
35 80 14
37 79 14
37 80 14
38 74 14
39 71 14
43 74 14
45 87 2
47 79 14
48 72 14
48 85 14
48 90 14
53 70 14
54 71 2
55 71 14
56 71 14
57 71 14
59 92 14
60 90 14
60 96 14
62 91 14
64 72 14
64 92 14
64 98 14
69 91 14
70 63 16
71 64 16
71 96 14
72 65 16
72 93 14
75 77 14
75 91 14
76 94 14
77 96 14
80 94 14
81 67 14
81 78 14
82 67 14
82 96 14
84 80 14
85 71 14
85 78 14
85 79 14
86 70 14
86 71 14
90 93 14
91 89 14
91 90 14
91 94 14
93 91 14
93 93 14
94 64 14
94 92 14
96 69 14
99 65 2
100 90 14
102 62 14
102 69 14
102 93 14
105 72 14
106 72 14
107 87 14
108 69 14
110 64 14
113 68 14
114 67 14
115 59 14
115 82 14
116 59 14
116 82 14
117 59 14
124 62 14
125 61 14
126 60 14
126 61 14
126 62 14
127 62 14
127 63 14
128 59 14
129 59 14
129 61 14
129 62 14
130 59 14
131 59 14
132 61 14
132 62 14
133 59 14
136 60 15
138 60 14
::BONUS-> END
::COIN-> BEGIN
16 90
16 91
17 90
17 91
18 90
19 90
20 90
20 96
21 90
21 96
22 90
22 96
23 90
23 96
24 90
24 96
25 90
25 96
26 90
26 96
27 90
27 96
28 90
28 96
29 90
29 96
30 90
30 96
31 90
31 96
32 90
32 96
33 90
33 96
34 90
34 93
34 96
35 90
35 93
35 96
36 90
36 93
36 96
37 90
37 93
38 90
38 93
39 90
39 93
40 88
40 89
40 90
40 93
41 88
41 93
42 88
42 93
43 88
43 93
44 88
44 93
45 93
46 93
47 93
48 93
49 88
58 94
59 94
60 94
61 94
62 94
63 94
64 94
65 94
66 94
67 94
68 94
68 95
69 95
70 95
71 95
72 95
73 95
74 95
75 95
76 95
77 95
78 95
79 95
80 95
81 95
82 95
83 95
84 95
85 95
86 95
87 95
88 95
89 89
89 90
89 91
89 92
89 95
90 88
90 89
90 91
90 92
90 95
91 88
91 92
91 95
92 88
92 92
92 93
92 94
92 95
93 88
93 89
93 90
94 90
95 90
95 91
95 92
96 92
97 92
98 92
99 92
100 92
101 92
102 92
103 92
104 92
105 69
105 70
105 92
106 69
106 70
106 92
107 92
108 92
109 92
110 92
111 92
112 92
113 92
114 92
115 92
116 91
116 92
117 91
117 92
122 59
122 60
122 62
122 63
128 80
128 81
128 82
128 83
128 90
128 91
128 92
128 93
129 85
129 86
129 87
129 88
136 61
136 62
136 63
137 61
137 62
137 63
138 61
138 62
138 63
280 96
280 97
281 96
281 97
282 96
282 97
283 96
283 97
284 96
284 97
285 96
285 97
286 96
286 97
287 96
287 97
288 96
288 97
289 96
289 97
290 96
290 97
291 96
291 97
292 96
292 97
293 96
293 97
294 96
294 97
295 96
::COIN-> END
FIRE 17 72
FIRE 17 78
FIRE 17 79
FIRE 17 80
FIRE 18 72
FIRE 18 78
FIRE 18 79
FIRE 18 80
FIRE 19 72
FIRE 19 78
FIRE 19 79
FIRE 19 80
FIRE 20 72
FIRE 20 78
FIRE 20 79
FIRE 20 80
TURTLE 20 95
FIRE 21 72
FIRE 21 78
FIRE 21 79
FIRE 21 80
TURTLE 26 95
TURTLE 32 95
TURTLE 34 95
TURTLE 36 95
FIRECIRCLE 43 69 8
FIRE 52 94
FIRECIRCLE 53 79 6
FIRE 53 94
GOOMBA 54 70
FIRE 54 94
FIRE 57 75
GOOMBA 59 58
GOOMBA 60 58
GOOMBA 61 58
GOOMBA 62 58
TURTLE 64 57
GOOMBA 66 58
GOOMBA 67 58
GOOMBA 68 58
BRETT 2720 3040
GOOMBA 69 58
GOOMBA 70 58
GOOMBA 71 58
GOOMBA 72 58
GOOMBA 73 58
GOOMBA 74 58
TURTLE 76 57
GOOMBA 78 58
FIRE 78 83
GOOMBA 79 58
GOOMBA 80 58
GOOMBA 85 58
GOOMBA 86 58
GOOMBA 87 58
TURTLE 87 83
BRETT 3520 3040
GOOMBA 89 58
TURTLE 89 83
GOOMBA 90 58
GOOMBA 91 58
TURTLE 91 83
GOOMBA 93 58
GOOMBA 94 58
GOOMBA 95 58
GOOMBA 96 58
FIRECIRCLE 99 83 8
FIRECIRCLE 103 75 8
FIRE 104 75
FIRECIRCLE 104 83 8
FIRE 105 75
FIRE 106 75
FIRE 107 75
FIRECIRCLE 108 75 8
RESTART data/levels/5/main
START 0 174 2924 1
EXIT 0 5548 2636 data/levels/5/main 1 1
START 1 5134 3081 1
EXIT 1 5151 3900 data/levels/5/main 2 0
START 2 8563 3804 2
EXIT 2 11508 3749 data/levels/6/main 0 3
START 3 0 0 0
EXIT 3 0 0 NONE 0 0
START 4 0 0 0
EXIT 4 0 0 NONE 0 0
BGCOLOR 2000030

BOWSER 260 91 0
MUSIC ghostcastle.mid
BACKGROUND data/gfx/background/bowsercastle.jpg
