# Level for Mega Mario

TEXTURE data/gfx/tiles/ground/stone0.png
TEXTURE data/gfx/tiles/ground/stone1.png
TEXTURE data/gfx/tiles/ground/stone2.png
TEXTURE data/gfx/tiles/ground/stone3.png
TEXTURE data/gfx/tiles/ground/stone4.png
TEXTURE data/gfx/tiles/ground/stone5.png
TEXTURE data/gfx/tiles/ground/stone6.png
TEXTURE data/gfx/tiles/ground/bricks.png
TEXTURE data/gfx/tiles/ground/bricks2.png
TEXTURE data/gfx/tiles/ground/snowy.png
TEXTURE data/gfx/tiles/ground/grass.png
TEXTURE data/gfx/tiles/ground/sand.png
TEXTURE data/gfx/tiles/ground/metal.png
TEXTURE data/gfx/tiles/cannonset1.png
TEXTURE data/gfx/tiles/cannonset2.png
TEXTURE data/gfx/tiles/pipes/up/1.png
TEXTURE data/gfx/tiles/pipes/up/2.png
TEXTURE data/gfx/tiles/pipes/up/3.png
TEXTURE data/gfx/tiles/pipes/up/4.png
TEXTURE data/gfx/tiles/pipes/down/1.png
TEXTURE data/gfx/tiles/pipes/down/2.png
TEXTURE data/gfx/tiles/pipes/down/3.png
TEXTURE data/gfx/tiles/pipes/down/4.png
TEXTURE data/gfx/tiles/pipes/right/1.png
TEXTURE data/gfx/tiles/pipes/right/2.png
TEXTURE data/gfx/tiles/pipes/right/3.png
TEXTURE data/gfx/tiles/pipes/right/4.png
TEXTURE data/gfx/tiles/pipes/left/1.png
TEXTURE data/gfx/tiles/pipes/left/2.png
TEXTURE data/gfx/tiles/pipes/left/3.png
TEXTURE data/gfx/tiles/pipes/left/4.png
::TILES-> BEGIN
1 6 30
1 7 31
1 8 1
1 9 1
1 10 1
1 11 1
1 12 1
1 13 1
1 14 1
1 15 1
1 16 1
1 17 1
1 18 1
1 19 1
1 20 1
1 21 1
1 22 1
1 23 1
1 24 1
1 25 1
1 26 1
1 27 1
1 28 1
1 29 1
1 30 1
1 31 1
1 32 1
1 33 1
1 34 1
1 35 1
1 36 1
1 37 1
1 38 1
1 39 1
1 40 1
1 41 1
1 42 1
1 43 1
1 44 1
1 45 1
1 46 1
1 47 1
1 48 1
1 49 1
1 50 1
1 51 1
1 52 1
1 53 1
1 54 1
1 55 1
1 56 1
1 57 1
1 58 1
1 59 1
1 60 1
1 61 1
1 62 1
1 63 1
1 64 1
1 65 1
1 66 1
2 6 30
2 7 31
2 8 1
2 9 1
2 10 1
2 11 1
2 12 1
2 13 1
2 14 1
2 15 1
2 16 1
2 17 1
2 18 1
2 19 1
2 20 1
2 21 1
2 22 1
2 23 1
2 24 1
2 25 1
2 26 1
2 27 1
2 28 1
2 29 1
2 30 1
2 31 1
2 32 1
2 33 1
2 34 1
2 35 1
2 36 1
2 37 1
2 38 1
2 39 1
2 40 1
2 41 1
2 42 1
2 43 1
2 44 1
2 45 1
2 46 1
2 47 1
2 48 1
2 49 1
2 50 1
2 51 1
2 52 1
2 53 1
2 54 1
2 55 1
2 56 1
2 57 1
2 58 1
2 59 1
2 60 1
2 61 1
2 62 1
2 63 1
2 64 1
2 65 1
2 66 1
3 6 30
3 7 31
3 8 1
3 9 1
3 10 1
3 11 1
3 12 1
3 13 1
3 14 1
3 15 1
3 16 1
3 17 1
3 18 1
3 19 1
3 30 1
3 37 1
3 40 1
3 47 1
3 48 1
3 49 1
3 50 1
3 51 1
3 52 1
3 53 1
3 54 1
3 55 1
3 56 1
3 57 1
3 58 1
3 59 1
3 60 1
3 61 1
3 62 1
3 63 1
3 64 1
3 65 1
3 66 1
4 6 30
4 7 31
4 8 1
4 9 1
4 10 1
4 11 1
4 12 1
4 13 1
4 14 1
4 15 1
4 16 1
4 17 1
4 18 1
4 19 1
4 30 1
4 37 1
4 40 1
4 47 1
4 48 1
4 49 1
4 50 1
4 51 1
4 52 1
4 53 1
4 54 1
4 55 1
4 56 1
4 57 1
4 58 1
4 59 1
4 60 1
4 61 1
4 62 1
4 63 1
4 64 1
4 65 1
4 66 1
5 6 30
5 7 31
5 8 1
5 9 1
5 10 1
5 11 1
5 12 1
5 13 1
5 14 1
5 15 1
5 16 1
5 17 1
5 18 1
5 19 1
5 26 1
5 40 1
5 47 1
5 48 1
5 49 1
5 50 1
5 51 1
5 52 1
5 53 1
5 54 1
5 55 1
5 56 1
5 57 1
5 58 1
5 59 1
5 60 1
5 61 1
5 62 1
5 63 1
5 64 1
5 65 1
5 66 1
6 6 30
6 7 31
6 8 1
6 9 1
6 10 1
6 11 1
6 12 1
6 13 1
6 14 1
6 15 1
6 16 1
6 17 1
6 18 1
6 19 1
6 26 1
6 40 1
6 47 1
6 48 1
6 49 1
6 50 1
6 51 1
6 52 1
6 53 1
6 54 1
6 55 1
6 56 1
6 57 1
6 58 1
6 59 1
6 60 1
6 61 1
6 62 1
6 63 1
6 64 1
6 65 1
6 66 1
7 6 1
7 7 1
7 8 1
7 9 1
7 10 1
7 11 1
7 12 1
7 13 1
7 14 1
7 15 1
7 16 1
7 17 1
7 18 1
7 19 1
7 26 1
7 33 1
7 47 1
7 48 1
7 49 1
7 50 1
7 51 1
7 52 1
7 53 1
7 54 1
7 55 1
7 56 1
7 57 1
7 58 1
7 59 1
7 60 1
7 61 1
7 62 1
7 63 1
7 64 1
7 65 1
7 66 1
8 33 1
8 43 1
8 47 1
8 48 1
8 49 1
8 50 1
8 51 1
8 52 1
8 53 1
8 54 1
8 55 1
8 56 1
8 57 1
8 58 1
8 59 1
8 60 1
8 61 1
8 62 1
8 63 1
8 64 1
8 65 1
8 66 1
9 33 1
9 43 1
9 47 1
9 48 1
9 49 1
9 50 1
9 51 1
9 52 1
9 53 1
9 54 1
9 55 1
9 56 1
9 57 1
9 58 1
9 59 1
9 60 1
9 61 1
9 62 1
9 63 1
9 64 1
9 65 1
9 66 1
10 5 1
10 6 1
10 7 1
10 8 1
10 9 1
10 10 1
10 11 1
10 12 1
10 13 1
10 14 1
10 15 1
10 16 1
10 17 1
10 18 1
10 19 1
10 23 1
10 33 1
10 43 1
10 47 1
10 48 1
10 49 1
10 50 1
10 51 1
10 52 1
10 53 1
10 54 1
10 55 1
10 56 1
10 57 1
10 58 1
10 59 1
10 60 1
10 61 1
10 62 1
10 63 1
10 64 1
10 65 1
10 66 1
11 4 1
11 5 1
11 6 30
11 7 31
11 8 1
11 9 1
11 10 1
11 11 1
11 12 1
11 13 1
11 14 1
11 15 1
11 16 1
11 17 1
11 18 1
11 19 1
11 23 1
11 38 1
11 43 1
11 47 1
11 48 1
11 49 1
11 50 1
11 51 1
11 52 1
11 53 1
11 54 1
11 55 1
11 56 1
11 57 1
11 58 1
11 59 1
11 60 1
11 61 1
11 62 1
11 63 1
11 64 1
11 65 1
11 66 1
12 4 1
12 5 1
12 6 30
12 7 31
12 8 1
12 9 1
12 10 1
12 11 1
12 12 1
12 13 1
12 14 1
12 15 1
12 16 1
12 17 1
12 18 1
12 19 1
12 23 1
12 28 1
12 38 1
12 43 1
12 47 1
12 48 1
12 49 1
12 50 1
12 51 1
12 52 1
12 53 1
12 54 1
12 55 1
12 56 1
12 57 1
12 58 1
12 59 1
12 60 1
12 61 1
12 62 1
12 63 1
12 64 1
12 65 1
12 66 1
13 4 1
13 5 1
13 6 30
13 7 31
13 8 1
13 9 1
13 10 1
13 11 1
13 12 1
13 13 1
13 14 1
13 15 1
13 16 1
13 17 1
13 18 1
13 19 1
13 23 1
13 28 1
13 38 1
13 43 1
13 47 1
13 48 1
13 49 1
13 50 1
13 51 1
13 52 1
13 53 1
13 54 1
13 55 1
13 56 1
13 57 1
13 58 1
13 59 1
13 60 1
13 61 1
13 62 1
13 63 1
13 64 1
13 65 1
13 66 1
14 4 1
14 5 1
14 6 30
14 7 31
14 8 1
14 9 1
14 10 1
14 11 1
14 12 1
14 13 1
14 14 1
14 15 1
14 16 1
14 17 1
14 18 1
14 19 1
14 28 1
14 33 1
14 43 1
14 47 1
14 48 1
14 49 1
14 50 1
14 51 1
14 52 1
14 53 1
14 54 1
14 55 1
14 56 1
14 57 1
14 58 1
14 59 1
14 60 1
14 61 1
14 62 1
14 63 1
14 64 1
14 65 1
14 66 1
15 5 1
15 6 30
15 7 31
15 8 1
15 9 1
15 10 1
15 11 1
15 12 1
15 13 1
15 14 1
15 15 1
15 16 1
15 17 1
15 18 1
15 19 1
15 33 1
15 43 1
15 47 1
15 48 1
15 49 1
15 50 1
15 51 1
15 52 1
15 53 1
15 54 1
15 55 1
15 56 1
15 57 1
15 58 1
15 59 1
15 60 1
15 61 1
15 62 1
15 63 1
15 64 1
15 65 1
15 66 1
16 6 30
16 7 31
16 8 1
16 9 1
16 10 1
16 11 1
16 12 1
16 13 1
16 14 1
16 15 1
16 16 1
16 17 1
16 18 1
16 19 1
16 33 1
16 43 1
16 47 1
16 48 1
16 49 1
16 50 1
16 51 1
16 52 1
16 53 1
16 54 1
16 55 1
16 56 1
16 57 1
16 58 1
16 59 1
16 60 1
16 61 1
16 62 1
16 63 1
16 64 1
16 65 1
16 66 1
17 6 30
17 7 31
17 8 1
17 9 1
17 10 1
17 11 1
17 12 1
17 13 1
17 14 1
17 15 1
17 16 1
17 17 1
17 18 1
17 19 1
17 20 1
17 21 1
17 22 1
17 23 1
17 24 1
17 25 1
17 26 1
17 27 1
17 28 1
17 29 1
17 30 1
17 31 1
17 32 1
17 33 1
17 34 1
17 35 1
17 36 1
17 37 1
17 38 1
17 39 1
17 40 1
17 41 1
17 42 1
17 43 1
17 47 1
17 48 1
17 49 1
17 50 1
17 51 1
17 52 1
17 53 1
17 54 1
17 55 1
17 56 1
17 57 1
17 58 1
17 59 1
17 60 1
17 61 1
17 62 1
17 63 1
17 64 1
17 65 1
17 66 1
17 67 1
17 68 1
17 69 1
17 70 1
17 71 1
17 72 1
17 73 1
17 74 1
17 75 1
17 76 1
17 77 1
17 78 1
17 79 1
17 80 1
17 81 1
17 82 1
18 6 30
18 7 31
18 8 1
18 9 1
18 10 1
18 11 1
18 12 1
18 13 1
18 14 1
18 15 1
18 16 1
18 17 1
18 18 1
18 19 1
18 20 1
18 21 1
18 22 1
18 23 1
18 24 1
18 25 1
18 26 1
18 27 1
18 36 1
18 47 1
18 48 1
18 49 1
18 50 1
18 51 1
18 52 1
18 53 1
18 54 1
18 55 1
18 56 1
18 57 1
18 58 1
18 59 1
18 60 1
18 61 1
18 62 1
18 63 1
18 64 1
18 65 1
18 66 1
18 67 1
18 68 1
18 69 1
18 70 1
18 71 1
18 72 1
18 73 1
18 74 1
18 75 1
18 76 1
18 77 1
18 78 1
18 79 1
18 80 1
18 81 1
18 82 1
19 6 24
19 7 25
19 8 1
19 9 1
19 10 1
19 11 1
19 12 1
19 13 1
19 14 1
19 15 1
19 16 1
19 17 1
19 18 1
19 19 1
19 20 1
19 21 1
19 22 1
19 23 1
19 24 1
19 25 1
19 26 1
19 27 1
19 36 1
19 47 1
19 48 1
19 49 1
19 50 1
19 51 1
19 52 1
19 53 1
19 54 1
19 55 1
19 56 1
19 57 1
19 58 1
19 59 1
19 60 1
19 61 1
19 62 1
19 63 1
19 64 1
19 65 1
19 66 1
19 67 1
19 68 1
19 69 1
19 70 1
19 71 1
19 72 1
19 73 1
19 74 1
19 75 1
19 76 1
19 77 1
19 78 1
19 79 1
19 80 1
19 81 1
19 82 1
20 8 1
20 9 1
20 10 1
20 11 1
20 12 1
20 13 1
20 14 1
20 15 1
20 16 1
20 17 1
20 18 1
20 19 1
20 20 1
20 21 1
20 22 1
20 23 1
20 24 1
20 25 1
20 26 1
20 27 1
20 47 1
20 48 1
20 49 1
20 50 1
20 51 1
20 52 1
20 53 1
20 54 1
20 55 1
20 56 1
20 57 1
20 58 1
20 59 1
20 60 1
20 61 1
20 62 1
20 63 1
20 64 1
20 65 1
20 66 1
20 67 1
20 68 1
20 69 1
20 70 1
20 71 1
20 72 1
20 73 1
20 74 1
20 75 1
20 76 1
20 77 1
20 78 1
20 79 1
20 80 1
20 81 1
20 82 1
21 8 1
21 9 1
21 10 1
21 11 1
21 12 1
21 13 1
21 14 1
21 15 1
21 16 1
21 17 1
21 18 1
21 19 1
21 20 1
21 21 1
21 22 1
21 23 1
21 24 1
21 25 1
21 26 1
21 27 1
21 40 1
21 47 1
21 48 1
21 49 1
21 50 1
21 51 1
21 52 1
21 53 1
21 54 1
21 55 1
21 56 1
21 57 1
21 58 1
21 59 1
21 60 1
21 61 1
21 62 1
21 63 1
21 64 1
21 65 1
21 66 1
21 67 1
21 68 1
21 69 1
21 70 1
21 71 1
21 72 1
21 73 1
21 74 1
21 75 1
21 76 1
21 77 1
21 78 1
21 79 1
21 80 1
21 81 1
21 82 1
21 83 1
21 84 1
21 85 1
21 86 1
21 87 1
21 88 1
21 89 1
21 90 1
21 91 1
21 92 1
21 93 1
21 94 1
21 95 1
21 96 1
21 97 1
21 98 1
21 99 1
22 8 1
22 9 1
22 10 1
22 11 1
22 12 1
22 13 1
22 14 1
22 15 1
22 16 1
22 17 1
22 18 1
22 19 1
22 20 1
22 21 1
22 22 1
22 23 1
22 24 1
22 25 1
22 26 1
22 27 1
22 47 1
22 48 1
22 49 1
22 50 1
22 51 1
22 52 1
22 53 1
22 54 1
22 55 1
22 56 1
22 57 1
22 58 1
22 59 1
22 60 1
22 61 1
22 62 1
22 63 1
22 64 1
22 65 1
22 66 1
22 67 1
22 68 1
22 69 1
22 70 1
22 71 1
22 72 1
22 73 1
22 74 1
22 75 1
22 76 1
22 77 1
22 78 1
22 79 1
22 80 1
22 81 1
22 82 1
22 83 1
22 84 1
22 85 1
22 86 1
22 87 1
22 88 1
22 89 1
22 90 1
22 91 1
22 92 1
22 93 1
22 94 1
22 95 1
22 96 1
22 97 1
22 98 1
22 99 1
23 3 1
23 4 1
23 5 1
23 6 1
23 7 1
23 8 1
23 9 1
23 10 1
23 11 1
23 12 1
23 13 1
23 14 1
23 15 1
23 16 1
23 17 1
23 18 1
23 19 1
23 20 1
23 21 1
23 22 1
23 23 1
23 24 1
23 25 1
23 26 1
23 27 1
23 47 1
23 48 1
23 49 1
23 50 1
23 51 1
23 52 1
23 53 1
23 54 1
23 55 1
23 56 1
23 57 1
23 58 1
23 59 1
23 60 1
23 61 1
23 62 1
23 63 1
23 64 1
23 65 1
23 66 1
23 67 1
23 68 1
23 69 1
23 70 1
23 71 1
23 72 1
23 73 1
23 74 1
23 75 1
23 76 1
23 77 1
23 78 1
23 79 1
23 80 1
23 81 1
23 82 1
23 83 1
23 84 1
23 85 1
23 86 1
23 87 1
23 88 1
23 89 1
23 90 1
23 91 1
23 92 1
23 93 1
23 94 1
23 95 1
23 96 1
23 97 1
23 98 1
23 99 1
24 3 1
24 4 1
24 5 1
24 6 1
24 7 1
24 8 1
24 9 1
24 10 1
24 11 1
24 12 1
24 13 1
24 14 1
24 15 1
24 16 1
24 17 1
24 18 1
24 19 1
24 20 1
24 21 1
24 22 1
24 23 1
24 24 1
24 25 1
24 26 1
24 27 1
24 34 1
24 47 1
24 48 1
24 49 1
24 50 1
24 51 1
24 52 1
24 53 1
24 54 1
24 55 1
24 56 1
24 57 1
24 58 1
24 59 1
24 60 1
24 61 1
24 62 1
24 63 1
24 64 1
24 65 1
24 66 1
24 67 1
24 68 1
24 69 1
24 70 1
24 71 1
24 72 1
24 73 1
24 74 1
24 75 1
24 76 1
24 77 1
24 78 1
24 79 1
24 80 1
24 81 1
24 82 1
24 83 1
24 84 1
24 85 1
24 86 1
24 87 1
24 88 1
24 89 1
24 90 1
24 91 1
24 92 1
24 93 1
24 94 1
24 95 1
24 96 1
24 97 1
24 98 1
24 99 1
25 9 1
25 10 1
25 11 1
25 12 1
25 13 1
25 14 1
25 15 1
25 16 1
25 17 1
25 18 1
25 19 1
25 20 1
25 21 1
25 22 1
25 23 1
25 24 1
25 25 1
25 26 1
25 27 1
25 47 1
25 48 1
25 49 1
25 50 1
25 51 1
25 52 1
25 53 1
25 54 1
25 55 1
25 56 1
25 57 1
25 58 1
25 59 1
25 60 1
25 61 1
25 62 1
25 63 1
25 64 1
25 65 1
25 66 1
25 67 1
25 68 1
25 69 1
25 70 1
25 71 1
25 72 1
25 73 1
25 74 1
25 75 1
25 76 1
25 77 1
25 78 1
25 79 1
25 80 1
25 81 1
25 82 1
25 83 1
25 84 1
25 85 1
25 86 1
25 87 1
25 88 1
25 89 1
25 90 1
25 91 1
25 92 1
25 93 1
25 94 1
25 95 1
25 96 1
25 97 1
25 98 1
25 99 1
26 9 1
26 10 1
26 11 1
26 12 1
26 13 1
26 14 1
26 15 1
26 16 1
26 17 1
26 18 1
26 19 1
26 20 1
26 21 1
26 22 1
26 23 1
26 24 1
26 25 1
26 26 1
26 27 1
26 47 1
26 48 1
26 49 1
26 50 1
26 51 1
26 52 1
26 53 1
26 54 1
26 55 1
26 56 1
26 57 1
26 58 1
26 59 1
26 60 1
26 61 1
26 62 1
26 63 1
26 64 1
26 65 1
26 66 1
26 67 1
26 68 1
26 69 1
26 70 1
26 71 1
26 72 1
26 73 1
26 74 1
26 75 1
26 76 1
26 77 1
26 78 1
26 79 1
26 80 1
26 81 1
26 82 1
26 83 1
26 84 1
26 85 1
26 86 1
26 87 1
26 88 1
26 89 1
26 90 1
26 91 1
26 92 1
26 93 1
26 94 1
26 95 1
26 96 1
26 97 1
26 98 1
26 99 1
27 9 1
27 10 1
27 11 1
27 12 1
27 13 1
27 14 1
27 15 1
27 16 1
27 17 1
27 18 1
27 19 1
27 20 1
27 21 1
27 22 1
27 23 1
27 24 1
27 25 1
27 26 1
27 27 1
27 34 1
27 47 1
27 48 1
27 49 1
27 50 1
27 51 1
27 52 1
27 53 1
27 54 1
27 55 1
27 56 1
27 57 1
27 58 1
27 59 1
27 60 1
27 61 1
27 62 1
27 63 1
27 64 1
27 65 1
27 66 1
27 67 1
27 68 1
27 69 1
27 70 1
27 71 1
27 72 1
27 73 1
27 74 1
27 75 1
27 76 1
27 77 1
27 78 1
27 79 1
27 80 1
27 81 1
27 82 1
27 83 1
27 84 1
27 85 1
27 86 1
27 87 1
27 88 1
27 89 1
27 90 1
27 91 1
27 92 1
27 93 1
27 94 1
27 95 1
27 96 1
27 97 1
27 98 1
27 99 1
28 9 1
28 10 1
28 11 1
28 12 1
28 13 1
28 14 1
28 15 1
28 16 1
28 17 1
28 18 1
28 19 1
28 20 1
28 21 1
28 22 1
28 23 1
28 24 1
28 25 1
28 26 1
28 27 1
28 47 1
28 48 1
28 49 1
28 50 1
28 51 1
28 52 1
28 53 1
28 54 1
28 55 1
28 56 1
28 57 1
28 58 1
28 59 1
28 60 1
28 61 1
28 62 1
28 63 1
28 64 1
28 65 1
28 66 1
28 67 1
28 68 1
28 69 1
28 70 1
28 71 1
28 72 1
28 73 1
28 74 1
28 75 1
28 76 1
28 77 1
28 78 1
28 79 1
28 80 1
28 81 1
28 82 1
28 83 1
28 84 1
28 85 1
28 86 1
28 87 1
28 88 1
28 89 1
28 90 1
28 91 1
28 92 1
28 93 1
28 94 1
28 95 1
28 96 1
28 97 1
28 98 1
28 99 1
29 9 1
29 10 1
29 11 1
29 12 1
29 13 1
29 14 1
29 15 1
29 16 1
29 17 1
29 18 1
29 19 1
29 20 1
29 21 1
29 22 1
29 23 1
29 24 1
29 25 1
29 26 1
29 47 1
29 48 1
29 49 1
29 50 1
29 51 1
29 52 1
29 53 1
29 54 1
29 55 1
29 56 1
29 57 1
29 58 1
29 59 1
29 60 1
29 61 1
29 62 1
29 63 1
29 64 1
29 65 1
29 66 1
29 67 1
29 68 1
29 69 1
29 70 1
29 71 1
29 72 1
29 73 1
29 74 1
29 75 1
29 76 1
29 77 1
29 78 1
29 79 1
29 80 1
29 81 1
29 82 1
29 83 1
29 84 1
29 85 1
29 86 1
29 87 1
29 88 1
29 89 1
29 90 1
29 91 1
29 92 1
29 93 1
29 94 1
29 95 1
29 96 1
29 97 1
29 98 1
29 99 1
30 9 1
30 10 1
30 11 1
30 12 1
30 13 1
30 14 1
30 15 1
30 16 1
30 17 1
30 18 1
30 19 1
30 20 1
30 21 1
30 22 1
30 23 1
30 24 1
30 25 1
30 26 1
30 34 1
30 47 1
30 48 1
30 49 1
30 50 1
30 51 1
30 52 1
30 53 1
30 54 1
30 55 1
30 56 1
30 57 1
30 58 1
30 59 1
30 60 1
30 61 1
30 62 1
30 63 1
30 64 1
30 65 1
30 66 1
30 67 1
30 68 1
30 69 1
30 70 1
30 71 1
30 72 1
30 73 1
30 74 1
30 75 1
30 76 1
30 77 1
30 78 1
30 79 1
30 80 1
30 81 1
30 82 1
30 83 1
30 84 1
30 85 1
30 86 1
30 87 1
30 88 1
30 89 1
30 90 1
30 91 1
30 92 1
30 93 1
30 94 1
30 95 1
30 96 1
30 97 1
30 98 1
30 99 1
31 9 1
31 10 1
31 11 1
31 12 1
31 13 1
31 14 1
31 15 1
31 16 1
31 17 1
31 18 1
31 19 1
31 20 1
31 21 1
31 22 1
31 23 1
31 24 1
31 25 1
31 26 1
31 47 1
31 48 1
31 49 1
31 50 1
31 51 1
31 52 1
31 53 1
31 54 1
31 55 1
31 56 1
31 57 1
31 58 1
31 59 1
31 60 1
31 61 1
31 62 1
31 63 1
31 64 1
31 65 1
31 66 1
31 67 1
31 68 1
31 69 1
31 70 1
31 71 1
31 72 1
31 73 1
31 74 1
31 75 1
31 76 1
31 77 1
31 78 1
31 79 1
31 80 1
31 81 1
31 82 1
31 83 1
31 84 1
31 85 1
31 86 1
31 87 1
31 88 1
31 89 1
31 90 1
31 91 1
31 92 1
31 93 1
31 94 1
31 95 1
31 96 1
31 97 1
31 98 1
31 99 1
32 9 1
32 10 1
32 11 1
32 12 1
32 13 1
32 14 1
32 15 1
32 16 1
32 17 1
32 18 1
32 19 1
32 20 1
32 21 1
32 22 1
32 23 1
32 24 1
32 25 1
32 26 1
32 31 1
32 47 1
32 48 1
32 49 1
32 50 1
32 51 1
32 52 1
32 53 1
32 54 1
32 55 1
32 56 1
32 57 1
32 58 1
32 59 1
32 60 1
32 61 1
32 62 1
32 63 1
32 64 1
32 65 1
32 66 1
32 67 1
32 68 1
32 69 1
32 70 1
32 71 1
32 72 1
32 73 1
32 74 1
32 75 1
32 76 1
32 77 1
32 78 1
32 79 1
32 80 1
32 81 1
32 82 1
32 83 1
32 84 1
32 85 1
32 86 1
32 87 1
32 88 1
32 89 1
32 90 1
32 91 1
32 92 1
32 93 1
32 94 1
32 95 1
32 96 1
32 97 1
32 98 1
32 99 1
33 9 1
33 10 1
33 11 1
33 12 1
33 13 1
33 14 1
33 15 1
33 16 1
33 17 1
33 18 1
33 19 1
33 20 1
33 21 1
33 22 1
33 23 1
33 24 1
33 25 1
33 31 1
33 47 1
33 48 1
33 49 1
33 50 1
33 51 1
33 52 1
33 53 1
33 54 1
33 55 1
33 56 1
33 57 1
33 58 1
33 59 1
33 60 1
33 61 1
33 62 1
33 63 1
33 64 1
33 65 1
33 66 1
33 67 1
33 68 1
33 69 1
33 70 1
33 71 1
33 72 1
33 73 1
33 74 1
33 75 1
33 76 1
33 77 1
33 78 1
33 79 1
33 80 1
33 81 1
33 82 1
33 83 1
33 84 1
33 85 1
33 86 1
33 87 1
33 88 1
33 89 1
33 90 1
33 91 1
33 92 1
33 93 1
33 94 1
33 95 1
33 96 1
33 97 1
33 98 1
33 99 1
34 9 1
34 10 1
34 11 1
34 12 1
34 13 1
34 14 1
34 15 1
34 16 1
34 17 1
34 18 1
34 19 1
34 20 1
34 21 1
34 22 1
34 23 1
34 24 1
34 25 1
34 47 1
34 48 1
34 49 1
34 50 1
34 51 1
34 52 1
34 53 1
34 54 1
34 55 1
34 56 1
34 57 1
34 58 1
34 59 1
34 60 1
34 61 1
34 62 1
34 63 1
34 64 1
34 65 1
34 66 1
34 67 1
34 68 1
34 69 1
34 70 1
34 71 1
34 72 1
34 73 1
34 74 1
34 75 1
34 76 1
34 77 1
34 78 1
34 79 1
34 80 1
34 81 1
34 82 1
34 83 1
34 84 1
34 85 1
34 86 1
34 87 1
34 88 1
34 89 1
34 90 1
34 91 1
34 92 1
34 93 1
34 94 1
34 95 1
34 96 1
34 97 1
34 98 1
34 99 1
35 9 1
35 10 1
35 11 1
35 12 1
35 13 1
35 14 1
35 15 1
35 16 1
35 17 1
35 18 1
35 19 1
35 20 1
35 21 1
35 22 1
35 23 1
35 24 1
35 25 1
35 47 1
35 48 1
35 49 1
35 50 1
35 51 1
35 52 1
35 53 1
35 54 1
35 55 1
35 56 1
35 57 1
35 58 1
35 59 1
35 60 1
35 61 1
35 62 1
35 63 1
35 64 1
35 65 1
35 66 1
35 67 1
35 68 1
35 69 1
35 70 1
35 71 1
35 72 1
35 73 1
35 74 1
35 75 1
35 76 1
35 77 1
35 78 1
35 79 1
35 80 1
35 81 1
35 82 1
35 83 1
35 84 1
35 85 1
35 86 1
35 87 1
35 88 1
35 89 1
35 90 1
35 91 1
35 92 1
35 93 1
35 94 1
35 95 1
35 96 1
35 97 1
35 98 1
35 99 1
36 9 1
36 10 1
36 11 1
36 12 1
36 13 1
36 14 1
36 15 1
36 16 1
36 17 1
36 18 1
36 19 1
36 20 1
36 21 1
36 22 1
36 23 1
36 24 1
36 25 1
36 47 1
36 48 1
36 49 1
36 50 1
36 51 1
36 52 1
36 53 1
36 54 1
36 55 1
36 56 1
36 57 1
36 58 1
36 59 1
36 60 1
36 61 1
36 62 1
36 63 1
36 64 1
36 65 1
36 66 1
36 67 1
36 68 1
36 69 1
36 70 1
36 71 1
36 72 1
36 73 1
36 74 1
36 75 1
36 76 1
36 77 1
36 78 1
36 79 1
36 80 1
36 81 1
36 82 1
36 83 1
36 84 1
36 85 1
36 86 1
36 87 1
36 88 1
36 89 1
36 90 1
36 91 1
36 92 1
36 93 1
36 94 1
36 95 1
36 96 1
36 97 1
36 98 1
36 99 1
37 9 1
37 10 1
37 11 1
37 12 1
37 13 1
37 14 1
37 15 1
37 16 1
37 17 1
37 18 1
37 19 1
37 20 1
37 21 1
37 22 1
37 23 1
37 24 1
37 25 1
37 32 1
37 40 1
37 41 1
37 42 1
37 43 1
37 44 1
37 45 1
37 46 1
37 47 1
37 48 1
37 49 1
37 50 1
37 51 1
37 52 1
37 53 1
37 54 1
37 55 1
37 56 1
37 57 1
37 58 1
37 59 1
37 60 1
37 61 1
37 62 1
37 63 1
37 64 1
37 65 1
37 66 1
37 67 1
37 68 1
37 69 1
37 70 1
37 71 1
37 72 1
37 73 1
37 74 1
37 75 1
37 76 1
37 77 1
37 78 1
37 79 1
37 80 1
37 81 1
37 82 1
37 83 1
37 84 1
37 85 1
37 86 1
37 87 1
37 88 1
37 89 1
37 90 1
37 91 1
37 92 1
37 93 1
37 94 1
37 95 1
37 96 1
37 97 1
37 98 1
37 99 1
38 9 1
38 10 1
38 11 1
38 12 1
38 13 1
38 14 1
38 15 1
38 16 1
38 17 1
38 18 1
38 19 1
38 20 1
38 21 1
38 22 1
38 23 1
38 24 1
38 25 1
38 32 1
38 33 1
38 34 1
38 35 1
38 36 1
38 37 1
38 40 1
38 41 1
38 42 1
38 43 1
38 44 1
38 45 1
38 46 1
38 47 1
38 48 1
38 49 1
38 50 1
38 51 1
38 52 1
38 53 1
38 54 1
38 55 1
38 56 1
38 57 1
38 58 1
38 59 1
38 81 1
38 82 1
38 83 1
38 84 1
38 85 1
38 86 1
38 87 1
38 88 1
38 89 1
38 90 1
38 91 1
38 92 1
38 93 1
38 94 1
38 95 1
38 96 1
38 97 1
38 98 1
38 99 1
39 9 1
39 10 1
39 11 1
39 12 1
39 13 1
39 14 1
39 15 1
39 16 1
39 17 1
39 18 1
39 19 1
39 20 1
39 21 1
39 22 1
39 23 1
39 24 1
39 40 1
39 41 1
39 42 1
39 43 1
39 44 1
39 45 1
39 46 1
39 47 1
39 48 1
39 49 1
39 50 1
39 51 1
39 52 1
39 53 1
39 54 1
39 55 1
39 56 1
39 57 1
39 58 1
39 59 1
39 81 1
39 82 1
39 83 1
39 84 1
39 85 1
39 86 1
39 87 1
39 88 1
39 89 1
39 90 1
39 91 1
39 92 1
39 93 1
39 94 1
39 95 1
39 96 1
39 97 1
39 98 1
39 99 1
40 9 1
40 10 1
40 11 1
40 12 1
40 13 1
40 14 1
40 15 1
40 16 1
40 17 1
40 18 1
40 19 1
40 20 1
40 21 1
40 22 1
40 23 1
40 24 1
40 40 1
40 41 1
40 42 1
40 43 1
40 44 1
40 45 1
40 46 1
40 47 1
40 48 1
40 49 1
40 50 1
40 51 1
40 52 1
40 53 1
40 54 1
40 55 1
40 56 1
40 57 1
40 58 1
40 81 1
40 82 1
40 83 1
40 84 1
40 85 1
40 86 1
40 87 1
40 88 1
40 89 1
40 90 1
40 91 1
40 92 1
40 93 1
40 94 1
40 95 1
40 96 1
40 97 1
40 98 1
40 99 1
41 9 1
41 10 1
41 11 1
41 12 1
41 13 1
41 14 1
41 15 1
41 16 1
41 17 1
41 18 1
41 19 1
41 20 1
41 21 1
41 22 1
41 23 1
41 32 1
41 33 1
41 34 1
41 35 1
41 36 1
41 37 1
41 38 1
41 39 1
41 40 1
41 41 1
41 42 1
41 43 1
41 44 1
41 45 1
41 46 1
41 47 1
41 48 1
41 49 1
41 50 1
41 51 1
41 52 1
41 53 1
41 54 1
41 55 1
41 56 1
41 57 1
41 81 1
41 82 1
41 83 1
41 84 1
41 85 1
41 86 1
41 87 1
41 88 1
41 89 1
41 90 1
41 91 1
41 92 1
41 93 1
41 94 1
41 95 1
41 96 1
41 97 1
41 98 1
41 99 1
42 9 1
42 10 1
42 11 1
42 12 1
42 13 1
42 14 1
42 15 1
42 16 1
42 17 1
42 18 1
42 19 1
42 20 1
42 21 1
42 22 1
42 23 1
42 32 1
42 33 1
42 34 1
42 35 1
42 36 1
42 37 1
42 38 1
42 39 1
42 40 1
42 41 1
42 42 1
42 43 1
42 44 1
42 45 1
42 46 1
42 47 1
42 48 1
42 49 1
42 50 1
42 51 1
42 52 1
42 53 1
42 54 1
42 55 1
42 56 1
42 57 1
42 81 1
42 82 1
42 83 1
42 84 1
42 85 1
42 86 1
42 87 1
42 88 1
42 89 1
42 90 1
42 91 1
42 92 1
42 93 1
42 94 1
42 95 1
42 96 1
42 97 1
42 98 1
42 99 1
43 9 1
43 10 1
43 11 1
43 12 1
43 13 1
43 14 1
43 15 1
43 31 1
43 32 1
43 33 1
43 34 1
43 35 1
43 36 1
43 37 1
43 38 1
43 39 1
43 40 1
43 41 1
43 42 1
43 43 1
43 44 1
43 45 1
43 46 1
43 47 1
43 48 1
43 49 1
43 50 1
43 51 1
43 52 1
43 53 1
43 54 1
43 55 1
43 56 1
43 81 1
43 82 1
43 83 1
43 84 1
43 85 1
43 86 1
43 87 1
43 88 1
43 89 1
43 90 1
43 91 1
43 92 1
43 93 1
43 94 1
43 95 1
43 96 1
43 97 1
43 98 1
43 99 1
44 1 1
44 2 1
44 3 1
44 4 1
44 5 1
44 6 1
44 7 1
44 8 1
44 9 1
44 10 1
44 11 1
44 12 1
44 13 1
44 14 1
44 31 1
44 32 1
44 33 1
44 34 1
44 35 1
44 36 1
44 37 1
44 38 1
44 39 1
44 40 1
44 41 1
44 42 1
44 43 1
44 44 1
44 45 1
44 46 1
44 47 1
44 48 1
44 49 1
44 50 1
44 51 1
44 52 1
44 53 1
44 54 1
44 55 1
44 56 1
44 81 1
44 82 1
44 83 1
44 84 1
44 85 1
44 86 1
44 87 1
44 88 1
44 89 1
44 90 1
44 91 1
44 92 1
44 93 1
44 94 1
44 95 1
44 96 1
44 97 1
44 98 1
44 99 1
45 1 1
45 2 1
45 3 1
45 4 1
45 5 1
45 6 1
45 7 1
45 8 1
45 9 1
45 10 1
45 11 1
45 12 1
45 13 1
45 14 1
45 30 1
45 31 1
45 32 1
45 33 1
45 34 1
45 35 1
45 36 1
45 37 1
45 38 1
45 39 1
45 40 1
45 41 1
45 42 1
45 43 1
45 44 1
45 45 1
45 46 1
45 47 1
45 48 1
45 49 1
45 50 1
45 51 1
45 52 1
45 53 1
45 54 1
45 55 1
45 56 1
45 81 1
45 82 1
45 83 1
45 84 1
45 85 1
45 86 1
45 87 1
45 88 1
45 89 1
45 90 1
45 91 1
45 92 1
45 93 1
45 94 1
45 95 1
45 96 1
45 97 1
45 98 1
45 99 1
46 1 1
46 2 1
46 3 1
46 4 1
46 5 1
46 6 1
46 7 1
46 8 1
46 9 1
46 10 1
46 11 1
46 12 1
46 13 1
46 30 1
46 31 1
46 32 1
46 33 1
46 34 1
46 35 1
46 36 1
46 37 1
46 38 1
46 39 1
46 40 1
46 41 1
46 42 1
46 43 1
46 44 1
46 45 1
46 46 1
46 47 1
46 48 1
46 49 1
46 50 1
46 51 1
46 52 1
46 53 1
46 54 1
46 55 1
46 56 1
46 81 1
46 82 1
46 83 1
46 84 1
46 85 1
46 86 1
46 87 1
46 88 1
46 89 1
46 90 1
46 91 1
46 92 1
46 93 1
46 94 1
46 95 1
46 96 1
46 97 1
46 98 1
46 99 1
47 1 1
47 2 1
47 3 1
47 4 1
47 5 1
47 6 1
47 7 1
47 8 1
47 9 1
47 10 1
47 11 1
47 12 1
47 29 1
47 30 1
47 31 1
47 32 1
47 33 1
47 34 1
47 35 1
47 36 1
47 37 1
47 38 1
47 39 1
47 40 1
47 41 1
47 42 1
47 43 1
47 44 1
47 45 1
47 46 1
47 47 1
47 48 1
47 49 1
47 50 1
47 51 1
47 52 1
47 53 1
47 54 1
47 55 1
47 56 1
47 81 1
47 82 1
47 83 1
47 84 1
47 85 1
47 86 1
47 87 1
47 88 1
47 89 1
47 90 1
47 91 1
47 92 1
47 93 1
47 94 1
47 95 1
47 96 1
47 97 1
47 98 1
47 99 1
48 1 1
48 2 1
48 3 1
48 4 1
48 5 1
48 6 1
48 7 1
48 8 1
48 9 1
48 10 1
48 11 1
48 12 1
48 29 1
48 30 1
48 31 1
48 32 1
48 33 1
48 34 1
48 35 1
48 36 1
48 37 1
48 38 1
48 39 1
48 40 1
48 41 1
48 42 1
48 43 1
48 44 1
48 45 1
48 46 1
48 47 1
48 48 1
48 49 1
48 50 1
48 51 1
48 52 1
48 53 1
48 54 1
48 55 1
48 56 1
48 81 1
48 82 1
48 83 1
48 84 1
48 85 1
48 86 1
48 87 1
48 88 1
48 89 1
48 90 1
48 91 1
48 92 1
48 93 1
48 94 1
48 95 1
48 96 1
48 97 1
48 98 1
48 99 1
49 1 1
49 2 1
49 3 1
49 4 1
49 5 1
49 6 1
49 7 1
49 8 1
49 9 1
49 10 1
49 11 1
49 28 1
49 29 1
49 30 1
49 31 1
49 32 1
49 33 1
49 34 1
49 35 1
49 36 1
49 37 1
49 38 1
49 39 1
49 40 1
49 41 1
49 42 1
49 43 1
49 44 1
49 45 1
49 46 1
49 47 1
49 48 1
49 49 1
49 50 1
49 51 1
49 52 1
49 53 1
49 54 1
49 55 1
49 56 1
49 81 1
49 82 1
49 83 1
49 84 1
49 85 1
49 86 1
49 87 1
49 88 1
49 89 1
49 90 1
49 91 1
49 92 1
49 93 1
49 94 1
49 95 1
49 96 1
49 97 1
49 98 1
49 99 1
50 1 1
50 2 1
50 3 1
50 4 1
50 5 1
50 6 1
50 7 1
50 8 1
50 9 1
50 10 1
50 28 1
50 29 1
50 30 1
50 31 1
50 32 1
50 33 1
50 34 1
50 35 1
50 36 1
50 37 1
50 38 1
50 39 1
50 40 1
50 41 1
50 42 1
50 43 1
50 44 1
50 45 1
50 46 1
50 47 1
50 48 1
50 49 1
50 50 1
50 51 1
50 52 1
50 53 1
50 54 1
50 55 1
50 56 1
50 81 1
50 82 1
50 83 1
50 84 1
50 85 1
50 86 1
50 87 1
50 88 1
50 89 1
50 90 1
50 91 1
50 92 1
50 93 1
50 94 1
50 95 1
50 96 1
50 97 1
50 98 1
50 99 1
51 27 1
51 28 1
51 29 1
51 30 1
51 31 1
51 32 1
51 33 1
51 34 1
51 35 1
51 36 1
51 37 1
51 38 1
51 39 1
51 40 1
51 41 1
51 42 1
51 43 1
51 44 1
51 45 1
51 46 1
51 47 1
51 48 1
51 49 1
51 50 1
51 51 1
51 52 1
51 53 1
51 54 1
51 55 1
51 56 1
51 81 1
51 82 1
51 83 1
51 84 1
51 85 1
51 86 1
51 87 1
51 88 1
51 89 1
51 90 1
51 91 1
51 92 1
51 93 1
51 94 1
51 95 1
51 96 1
51 97 1
51 98 1
51 99 1
52 27 1
52 28 1
52 29 1
52 30 1
52 31 1
52 32 1
52 33 1
52 34 1
52 35 1
52 36 1
52 37 1
52 38 1
52 39 1
52 40 1
52 41 1
52 42 1
52 43 1
52 44 1
52 45 1
52 46 1
52 47 1
52 48 1
52 49 1
52 50 1
52 51 1
52 52 1
52 53 1
52 54 1
52 55 1
52 56 1
52 81 1
52 82 1
52 83 1
52 84 1
52 85 1
52 86 1
52 87 1
52 88 1
52 89 1
52 90 1
52 91 1
52 92 1
52 93 1
52 94 1
52 95 1
52 96 1
52 97 1
52 98 1
52 99 1
53 26 1
53 27 1
53 28 1
53 29 1
53 30 1
53 31 1
53 32 1
53 33 1
53 34 1
53 35 1
53 36 1
53 37 1
53 38 1
53 39 1
53 40 1
53 41 1
53 42 1
53 43 1
53 44 1
53 45 1
53 46 1
53 47 1
53 48 1
53 49 1
53 50 1
53 51 1
53 52 1
53 53 1
53 54 1
53 55 1
53 56 1
53 81 1
53 82 1
53 83 1
53 84 1
53 85 1
53 86 1
53 87 1
53 88 1
53 89 1
53 90 1
53 91 1
53 92 1
53 93 1
53 94 1
53 95 1
53 96 1
53 97 1
53 98 1
53 99 1
54 26 1
54 27 1
54 28 1
54 29 1
54 30 1
54 31 1
54 32 1
54 33 1
54 34 1
54 35 1
54 36 1
54 37 1
54 38 1
54 39 1
54 40 1
54 41 1
54 42 1
54 43 1
54 44 1
54 45 1
54 46 1
54 47 1
54 48 1
54 49 1
54 50 1
54 51 1
54 52 1
54 53 1
54 54 1
54 55 1
54 56 1
54 81 1
54 82 1
54 83 1
54 84 1
54 85 1
54 86 1
54 87 1
54 88 1
54 89 1
54 90 1
54 91 1
54 92 1
54 93 1
54 94 1
54 95 1
54 96 1
54 97 1
54 98 1
54 99 1
55 25 1
55 26 1
55 27 1
55 28 1
55 29 1
55 30 1
55 31 1
55 32 1
55 33 1
55 34 1
55 35 1
55 36 1
55 37 1
55 38 1
55 39 1
55 40 1
55 41 1
55 42 1
55 43 1
55 44 1
55 45 1
55 46 1
55 47 1
55 48 1
55 49 1
55 50 1
55 51 1
55 52 1
55 53 1
55 54 1
55 55 1
55 56 1
55 81 1
55 82 1
55 83 1
55 84 1
55 85 1
55 86 1
55 87 1
55 88 1
55 89 1
55 90 1
55 91 1
55 92 1
55 93 1
55 94 1
55 95 1
55 96 1
55 97 1
55 98 1
55 99 1
56 25 1
56 26 1
56 27 1
56 28 1
56 29 1
56 30 1
56 31 1
56 32 1
56 33 1
56 34 1
56 35 1
56 36 1
56 37 1
56 38 1
56 39 1
56 40 1
56 41 1
56 42 1
56 43 1
56 44 1
56 45 1
56 46 1
56 47 1
56 48 1
56 49 1
56 50 1
56 51 1
56 52 1
56 53 1
56 54 1
56 55 1
56 56 1
56 81 1
56 82 1
56 83 1
56 84 1
56 85 1
56 86 1
56 87 1
56 88 1
56 89 1
56 90 1
56 91 1
56 92 1
56 93 1
56 94 1
56 95 1
56 96 1
56 97 1
56 98 1
56 99 1
57 24 1
57 25 1
57 26 1
57 27 1
57 28 1
57 29 1
57 30 1
57 31 1
57 32 1
57 33 1
57 34 1
57 35 1
57 36 1
57 37 1
57 38 1
57 39 1
57 40 1
57 41 1
57 42 1
57 43 1
57 44 1
57 45 1
57 46 1
57 47 1
57 48 1
57 49 1
57 50 1
57 51 1
57 52 1
57 53 1
57 54 1
57 55 1
57 56 1
57 81 1
57 82 1
57 83 1
57 84 1
57 85 1
57 86 1
57 87 1
57 88 1
57 89 1
57 90 1
57 91 1
57 92 1
57 93 1
57 94 1
57 95 1
57 96 1
57 97 1
57 98 1
57 99 1
58 24 1
58 25 1
58 26 1
58 27 1
58 28 1
58 29 1
58 30 1
58 31 1
58 32 1
58 33 1
58 34 1
58 35 1
58 36 1
58 37 1
58 38 1
58 39 1
58 40 1
58 41 1
58 42 1
58 43 1
58 44 1
58 45 1
58 46 1
58 47 1
58 48 1
58 49 1
58 50 1
58 51 1
58 52 1
58 53 1
58 54 1
58 55 1
58 56 1
58 81 1
58 82 1
58 83 1
58 84 1
58 85 1
58 86 1
58 87 1
58 88 1
58 89 1
58 90 1
58 91 1
58 92 1
58 93 1
58 94 1
58 95 1
58 96 1
58 97 1
58 98 1
58 99 1
59 23 1
59 24 1
59 25 1
59 26 1
59 27 1
59 28 1
59 29 1
59 30 1
59 31 1
59 32 1
59 33 1
59 34 1
59 35 1
59 36 1
59 37 1
59 38 1
59 39 1
59 40 1
59 41 1
59 42 1
59 43 1
59 44 1
59 45 1
59 46 1
59 47 1
59 48 1
59 49 1
59 50 1
59 51 1
59 52 1
59 53 1
59 54 1
59 55 1
59 56 1
59 81 1
59 82 1
59 83 1
59 84 1
59 85 1
59 86 1
59 87 1
59 88 1
59 89 1
59 90 1
59 91 1
59 92 1
59 93 1
59 94 1
59 95 1
59 96 1
59 97 1
59 98 1
59 99 1
60 23 1
60 24 1
60 25 1
60 26 1
60 27 1
60 28 1
60 29 1
60 30 1
60 31 1
60 32 1
60 33 1
60 34 1
60 35 1
60 36 1
60 37 1
60 38 1
60 39 1
60 40 1
60 41 1
60 42 1
60 43 1
60 44 1
60 45 1
60 46 1
60 47 1
60 48 1
60 49 1
60 50 1
60 51 1
60 52 1
60 53 1
60 54 1
60 55 1
60 56 1
60 81 1
60 82 1
60 83 1
60 84 1
60 85 1
60 86 1
60 87 1
60 88 1
60 89 1
60 90 1
60 91 1
60 92 1
60 93 1
60 94 1
60 95 1
60 96 1
60 97 1
60 98 1
60 99 1
61 22 1
61 23 1
61 24 1
61 25 1
61 26 1
61 27 1
61 28 1
61 29 1
61 30 1
61 31 1
61 32 1
61 33 1
61 34 1
61 35 1
61 36 1
61 37 1
61 38 1
61 39 1
61 40 1
61 41 1
61 42 1
61 43 1
61 44 1
61 45 1
61 46 1
61 47 1
61 48 1
61 49 1
61 50 1
61 51 1
61 52 1
61 53 1
61 54 1
61 55 1
61 56 1
61 81 1
61 82 1
61 83 1
61 84 1
61 85 1
61 86 1
61 87 1
61 88 1
61 89 1
61 90 1
61 91 1
61 92 1
61 93 1
61 94 1
61 95 1
61 96 1
61 97 1
61 98 1
61 99 1
62 22 1
62 23 1
62 24 1
62 25 1
62 26 1
62 27 1
62 28 1
62 29 1
62 30 1
62 31 1
62 32 1
62 33 1
62 34 1
62 35 1
62 36 1
62 37 1
62 38 1
62 39 1
62 40 1
62 41 1
62 42 1
62 43 1
62 44 1
62 45 1
62 46 1
62 47 1
62 48 1
62 49 1
62 50 1
62 51 1
62 52 1
62 53 1
62 54 1
62 55 1
62 56 1
62 81 1
62 82 1
62 83 1
62 84 1
62 85 1
62 86 1
62 87 1
62 88 1
62 89 1
62 90 1
62 91 1
62 92 1
62 93 1
62 94 1
62 95 1
62 96 1
62 97 1
62 98 1
62 99 1
63 21 1
63 22 1
63 23 1
63 24 1
63 25 1
63 26 1
63 27 1
63 28 1
63 29 1
63 30 1
63 31 1
63 32 1
63 33 1
63 34 1
63 35 1
63 36 1
63 37 1
63 38 1
63 39 1
63 40 1
63 41 1
63 42 1
63 43 1
63 44 1
63 45 1
63 46 1
63 47 1
63 48 1
63 49 1
63 50 1
63 51 1
63 52 1
63 53 1
63 54 1
63 55 1
63 56 1
63 81 1
63 82 1
63 83 1
63 84 1
63 85 1
63 86 1
63 87 1
63 88 1
63 89 1
63 90 1
63 91 1
63 92 1
63 93 1
63 94 1
63 95 1
63 96 1
63 97 1
63 98 1
63 99 1
64 21 1
64 22 1
64 23 1
64 24 1
64 25 1
64 26 1
64 27 1
64 28 1
64 29 1
64 30 1
64 31 1
64 32 1
64 33 1
64 34 1
64 35 1
64 36 1
64 37 1
64 38 1
64 39 1
64 40 1
64 41 1
64 42 1
64 43 1
64 44 1
64 45 1
64 46 1
64 47 1
64 48 1
64 49 1
64 50 1
64 51 1
64 52 1
64 53 1
64 54 1
64 55 1
64 56 1
64 81 1
64 82 1
64 83 1
64 84 1
64 85 1
64 86 1
64 87 1
64 88 1
64 89 1
64 90 1
64 91 1
64 92 1
64 93 1
64 94 1
64 95 1
64 96 1
64 97 1
64 98 1
64 99 1
65 20 17
65 21 19
65 22 19
65 23 19
65 24 19
65 25 19
65 26 19
65 27 19
65 28 19
65 29 19
65 30 19
65 31 19
65 32 19
65 33 19
65 34 19
65 35 19
65 36 19
65 37 19
65 38 19
65 39 19
65 40 19
65 41 19
65 42 19
65 43 19
65 44 19
65 45 19
65 46 19
65 47 22
65 48 22
65 49 22
65 50 22
65 51 22
65 52 22
65 53 22
65 54 22
65 55 22
65 56 22
65 57 22
65 58 20
65 81 1
65 82 1
65 83 1
65 84 1
65 85 1
65 86 1
65 87 1
65 88 1
65 89 1
65 90 1
65 91 1
65 92 1
65 93 1
65 94 1
65 95 1
65 96 1
65 97 1
65 98 1
65 99 1
66 20 16
66 21 18
66 22 18
66 23 18
66 24 18
66 25 18
66 26 18
66 27 18
66 28 18
66 29 18
66 30 18
66 31 18
66 32 18
66 33 18
66 34 18
66 35 18
66 36 18
66 37 18
66 38 18
66 39 18
66 40 18
66 41 18
66 42 18
66 43 18
66 44 18
66 45 18
66 46 18
66 47 23
66 48 23
66 49 23
66 50 23
66 51 23
66 52 23
66 53 23
66 54 23
66 55 23
66 56 23
66 57 23
66 58 21
66 81 1
66 82 1
66 83 1
66 84 1
66 85 1
66 86 1
66 87 1
66 88 1
66 89 1
66 90 1
66 91 1
66 92 1
66 93 1
66 94 1
66 95 1
66 96 1
66 97 1
66 98 1
66 99 1
67 30 1
67 31 1
67 32 1
67 33 1
67 34 1
67 35 1
67 36 1
67 37 1
67 38 1
67 39 1
67 40 1
67 41 1
67 42 1
67 43 1
67 44 1
67 45 1
67 46 1
67 47 1
67 48 1
67 49 1
67 50 1
67 51 1
67 52 1
67 53 1
67 54 1
67 55 1
67 56 1
67 81 1
67 83 1
67 84 1
67 85 1
67 86 1
67 87 1
67 88 1
67 89 1
67 90 1
67 91 1
67 92 1
67 93 1
67 94 1
67 95 1
67 96 1
67 97 1
67 98 1
67 99 1
68 30 1
68 31 1
68 32 1
68 33 1
68 34 1
68 35 1
68 36 1
68 37 1
68 38 1
68 39 1
68 40 1
68 41 1
68 42 1
68 43 1
68 44 1
68 45 1
68 46 1
68 47 1
68 48 1
68 49 1
68 50 1
68 51 1
68 52 1
68 53 1
68 54 1
68 55 1
68 56 1
68 81 1
68 82 1
68 83 1
68 84 1
68 85 1
68 86 1
68 87 1
68 88 1
68 89 1
68 90 1
68 91 1
68 92 1
68 93 1
68 94 1
68 95 1
68 96 1
68 97 1
68 98 1
68 99 1
69 30 1
69 31 1
69 32 1
69 33 1
69 34 1
69 35 1
69 36 1
69 37 1
69 38 1
69 39 1
69 40 1
69 41 1
69 42 1
69 43 1
69 44 1
69 45 1
69 46 1
69 47 1
69 48 1
69 49 1
69 50 1
69 51 1
69 52 1
69 53 1
69 54 1
69 55 1
69 56 1
69 80 1
69 81 1
69 82 1
69 83 1
69 84 1
69 85 1
69 86 1
69 87 1
69 88 1
69 89 1
69 90 1
69 91 1
69 92 1
69 93 1
69 94 1
69 95 1
69 96 1
69 97 1
69 98 1
69 99 1
70 20 1
70 30 1
70 31 1
70 32 1
70 33 1
70 34 1
70 35 1
70 36 1
70 37 1
70 38 1
70 39 1
70 40 1
70 41 1
70 42 1
70 43 1
70 44 1
70 45 1
70 46 1
70 47 1
70 48 1
70 49 1
70 50 1
70 51 1
70 52 1
70 53 1
70 54 1
70 55 1
70 56 1
70 81 1
70 82 1
70 83 1
70 84 1
70 85 1
70 86 1
70 87 1
70 88 1
70 89 1
70 90 1
70 91 1
70 92 1
70 93 1
70 94 1
70 95 1
70 96 1
70 97 1
70 98 1
70 99 1
71 20 1
71 30 1
71 31 1
71 32 1
71 33 1
71 34 1
71 35 1
71 36 1
71 37 1
71 38 1
71 39 1
71 40 1
71 41 1
71 42 1
71 43 1
71 44 1
71 45 1
71 46 1
71 47 1
71 48 1
71 49 1
71 50 1
71 51 1
71 52 1
71 53 1
71 54 1
71 55 1
71 56 1
71 81 1
71 82 1
71 83 1
71 84 1
71 85 1
71 86 1
71 87 1
71 88 1
71 89 1
71 90 1
71 91 1
71 92 1
71 93 1
71 94 1
71 95 1
71 96 1
71 97 1
71 98 1
71 99 1
72 20 1
72 30 1
72 31 1
72 32 1
72 33 1
72 34 1
72 35 1
72 36 1
72 37 1
72 38 1
72 39 1
72 40 1
72 41 1
72 42 1
72 43 1
72 44 1
72 45 1
72 46 1
72 47 1
72 48 1
72 49 1
72 50 1
72 51 1
72 52 1
72 53 1
72 54 1
72 55 1
72 56 1
72 82 1
72 83 1
72 84 1
72 85 1
72 86 1
72 87 1
72 88 1
72 89 1
72 90 1
72 91 1
72 92 1
72 93 1
72 94 1
72 95 1
72 96 1
72 97 1
72 98 1
72 99 1
73 30 1
73 31 1
73 32 1
73 33 1
73 34 1
73 35 1
73 36 1
73 37 1
73 38 1
73 39 1
73 40 1
73 41 1
73 42 1
73 43 1
73 44 1
73 45 1
73 46 1
73 47 1
73 48 1
73 49 1
73 50 1
73 51 1
73 52 1
73 53 1
73 54 1
73 55 1
73 56 1
73 81 1
73 82 1
73 83 1
73 84 1
73 85 1
73 86 1
73 87 1
73 88 1
73 89 1
73 90 1
73 91 1
73 92 1
73 93 1
73 94 1
73 95 1
73 96 1
73 97 1
73 98 1
73 99 1
74 30 1
74 31 1
74 32 1
74 33 1
74 34 1
74 35 1
74 36 1
74 37 1
74 38 1
74 39 1
74 40 1
74 41 1
74 42 1
74 43 1
74 44 1
74 45 1
74 46 1
74 47 1
74 48 1
74 49 1
74 50 1
74 51 1
74 52 1
74 53 1
74 54 1
74 55 1
74 56 1
74 81 1
74 83 1
74 84 1
74 85 1
74 86 1
74 87 1
74 88 1
74 89 1
74 90 1
74 91 1
74 92 1
74 93 1
74 94 1
74 95 1
74 96 1
74 97 1
74 98 1
74 99 1
75 30 1
75 31 1
75 32 1
75 33 1
75 34 1
75 35 1
75 36 1
75 37 1
75 38 1
75 39 1
75 40 1
75 41 1
75 42 1
75 43 1
75 44 1
75 45 1
75 46 1
75 47 1
75 48 1
75 49 1
75 50 1
75 51 1
75 52 1
75 53 1
75 54 1
75 55 1
75 56 1
75 81 1
75 82 1
75 83 1
75 84 1
75 85 1
75 86 1
75 87 1
75 88 1
75 89 1
75 90 1
75 91 1
75 92 1
75 93 1
75 94 1
75 95 1
75 96 1
75 97 1
75 98 1
75 99 1
76 30 1
76 31 1
76 32 1
76 33 1
76 34 1
76 35 1
76 36 1
76 37 1
76 38 1
76 39 1
76 40 1
76 41 1
76 42 1
76 43 1
76 44 1
76 45 1
76 46 1
76 47 1
76 48 1
76 49 1
76 50 1
76 51 1
76 52 1
76 53 1
76 54 1
76 55 1
76 56 1
76 81 1
76 82 1
76 83 1
76 84 1
76 85 1
76 86 1
76 87 1
76 88 1
76 89 1
76 90 1
76 91 1
76 92 1
76 93 1
76 94 1
76 95 1
76 96 1
76 97 1
76 98 1
76 99 1
77 30 1
77 31 1
77 32 1
77 33 1
77 34 1
77 35 1
77 36 1
77 37 1
77 38 1
77 39 1
77 40 1
77 41 1
77 42 1
77 43 1
77 44 1
77 45 1
77 46 1
77 47 1
77 48 1
77 49 1
77 50 1
77 51 1
77 52 1
77 53 1
77 54 1
77 55 1
77 56 1
77 81 1
77 82 1
77 83 1
77 84 1
77 85 1
77 86 1
77 87 1
77 88 1
77 89 1
77 90 1
77 91 1
77 92 1
77 93 1
77 94 1
77 95 1
77 96 1
77 97 1
77 98 1
77 99 1
78 30 1
78 31 1
78 32 1
78 33 1
78 34 1
78 35 1
78 36 1
78 37 1
78 38 1
78 39 1
78 40 1
78 41 1
78 42 1
78 43 1
78 44 1
78 45 1
78 46 1
78 47 1
78 48 1
78 49 1
78 50 1
78 51 1
78 52 1
78 53 1
78 54 1
78 55 1
78 56 1
78 81 1
78 82 1
78 83 1
78 84 1
78 85 1
78 86 1
78 87 1
78 88 1
78 89 1
78 90 1
78 91 1
78 92 1
78 93 1
78 94 1
78 95 1
78 96 1
78 97 1
78 98 1
78 99 1
79 30 1
79 31 1
79 32 1
79 33 1
79 34 1
79 35 1
79 36 1
79 37 1
79 38 1
79 39 1
79 40 1
79 41 1
79 42 1
79 43 1
79 44 1
79 45 1
79 46 1
79 47 1
79 48 1
79 49 1
79 81 1
79 82 1
79 83 1
79 84 1
79 85 1
79 86 1
79 87 1
79 88 1
79 89 1
79 90 1
79 91 1
79 92 1
79 93 1
79 94 1
79 95 1
79 96 1
79 97 1
79 98 1
79 99 1
80 30 1
80 31 1
80 32 1
80 33 1
80 34 1
80 35 1
80 36 1
80 37 1
80 38 1
80 39 1
80 40 1
80 41 1
80 42 1
80 43 1
80 44 1
80 45 1
80 46 1
80 47 1
80 48 1
80 49 1
80 81 1
80 82 1
80 83 1
80 84 1
80 85 1
80 86 1
80 87 1
80 88 1
80 89 1
80 90 1
80 91 1
80 92 1
80 93 1
80 94 1
80 95 1
80 96 1
80 97 1
80 98 1
80 99 1
81 30 1
81 31 1
81 32 1
81 33 1
81 34 1
81 35 1
81 36 1
81 37 1
81 38 1
81 39 1
81 40 1
81 41 1
81 42 1
81 43 1
81 44 1
81 45 1
81 46 1
81 47 1
81 48 1
81 49 1
81 81 1
81 82 1
81 83 1
81 84 1
81 85 1
81 86 1
81 87 1
81 88 1
81 89 1
81 90 1
81 91 1
81 92 1
81 93 1
81 94 1
81 95 1
81 96 1
81 97 1
81 98 1
81 99 1
82 30 1
82 31 1
82 32 1
82 33 1
82 34 1
82 35 1
82 36 1
82 37 1
82 38 1
82 39 1
82 40 1
82 41 1
82 42 1
82 43 1
82 44 1
82 45 1
82 46 1
82 47 1
82 48 1
82 49 1
82 81 1
82 82 1
82 83 1
82 84 1
82 85 1
82 86 1
82 87 1
82 88 1
82 89 1
82 90 1
82 91 1
82 92 1
82 93 1
82 94 1
82 95 1
82 96 1
82 97 1
82 98 1
82 99 1
83 30 1
83 31 1
83 32 1
83 33 1
83 34 1
83 35 1
83 36 1
83 37 1
83 38 1
83 39 1
83 40 1
83 41 1
83 42 1
83 43 1
83 44 1
83 45 1
83 46 1
83 47 1
83 48 1
83 49 1
83 81 1
83 83 1
83 84 1
83 85 1
83 86 1
83 87 1
83 88 1
83 89 1
83 90 1
83 91 1
83 92 1
83 93 1
83 94 1
83 95 1
83 96 1
83 97 1
83 98 1
83 99 1
84 30 1
84 31 1
84 32 1
84 33 1
84 34 1
84 35 1
84 36 1
84 37 1
84 38 1
84 39 1
84 40 1
84 41 1
84 42 1
84 43 1
84 44 1
84 45 1
84 46 1
84 47 1
84 48 1
84 49 1
84 81 1
84 82 1
84 83 1
84 84 1
84 85 1
84 86 1
84 87 1
84 88 1
84 89 1
84 90 1
84 91 1
84 92 1
84 93 1
84 94 1
84 95 1
84 96 1
84 97 1
84 98 1
84 99 1
85 30 1
85 31 1
85 32 1
85 33 1
85 34 1
85 35 1
85 36 1
85 37 1
85 38 1
85 39 1
85 40 1
85 41 1
85 42 1
85 43 1
85 44 1
85 45 1
85 46 1
85 47 1
85 48 1
85 49 1
85 81 1
85 82 1
85 83 1
85 84 1
85 85 1
85 86 1
85 87 1
85 88 1
85 89 1
85 90 1
85 91 1
85 92 1
85 93 1
85 94 1
85 95 1
85 96 1
85 97 1
85 98 1
85 99 1
86 1 1
86 2 1
86 3 1
86 4 1
86 5 1
86 6 1
86 7 1
86 8 1
86 9 1
86 10 1
86 11 1
86 12 1
86 13 1
86 14 1
86 15 1
86 16 1
86 17 1
86 18 1
86 19 1
86 20 1
86 21 1
86 22 1
86 23 1
86 24 1
86 25 1
86 26 1
86 27 1
86 28 1
86 29 1
86 30 1
86 31 1
86 32 1
86 33 1
86 34 1
86 35 1
86 36 1
86 37 1
86 38 1
86 39 1
86 40 1
86 41 1
86 42 1
86 43 1
86 44 1
86 45 1
86 46 1
86 47 1
86 48 1
86 49 1
86 81 1
86 82 1
86 83 1
86 84 1
86 85 1
86 86 1
86 87 1
86 88 1
86 89 1
86 90 1
86 91 1
86 92 1
86 93 1
86 94 1
86 95 1
86 96 1
86 97 1
86 98 1
86 99 1
87 30 1
87 31 1
87 32 1
87 33 1
87 34 1
87 35 1
87 36 1
87 37 1
87 38 1
87 39 1
87 40 1
87 41 1
87 42 1
87 43 1
87 44 1
87 45 1
87 46 1
87 47 1
87 48 1
87 49 1
87 81 1
87 82 1
87 83 1
87 84 1
87 85 1
87 86 1
87 87 1
87 88 1
87 89 1
87 90 1
87 91 1
87 92 1
87 93 1
87 94 1
87 95 1
87 96 1
87 97 1
87 98 1
87 99 1
88 30 1
88 31 1
88 32 1
88 33 1
88 34 1
88 35 1
88 36 1
88 37 1
88 38 1
88 39 1
88 40 1
88 41 1
88 42 1
88 43 1
88 44 1
88 45 1
88 46 1
88 47 1
88 48 1
88 49 1
88 81 1
88 82 1
88 83 1
88 84 1
88 85 1
88 86 1
88 87 1
88 88 1
88 89 1
88 90 1
88 91 1
88 92 1
88 93 1
88 94 1
88 95 1
88 96 1
88 97 1
88 98 1
88 99 1
89 30 1
89 31 1
89 32 1
89 33 1
89 34 1
89 35 1
89 36 1
89 37 1
89 38 1
89 39 1
89 40 1
89 41 1
89 42 1
89 43 1
89 44 1
89 45 1
89 46 1
89 47 1
89 48 1
89 49 1
89 81 1
89 82 1
89 83 1
89 84 1
89 85 1
89 86 1
89 87 1
89 88 1
89 89 1
89 90 1
89 91 1
89 92 1
89 93 1
89 94 1
89 95 1
89 96 1
89 97 1
89 98 1
89 99 1
90 30 1
90 31 1
90 32 1
90 33 1
90 34 1
90 35 1
90 36 1
90 37 1
90 38 1
90 39 1
90 40 1
90 41 1
90 42 1
90 43 1
90 44 1
90 45 1
90 46 1
90 47 1
90 48 1
90 49 1
90 81 1
90 82 1
90 83 1
90 84 1
90 85 1
90 86 1
90 87 1
90 88 1
90 89 1
90 90 1
90 91 1
90 92 1
90 93 1
90 94 1
90 95 1
90 96 1
90 97 1
90 98 1
90 99 1
91 30 1
91 31 1
91 32 1
91 33 1
91 34 1
91 35 1
91 36 1
91 37 1
91 38 1
91 39 1
91 40 1
91 41 1
91 42 1
91 43 1
91 44 1
91 45 1
91 46 1
91 47 1
91 48 1
91 49 1
91 81 1
91 83 1
91 84 1
91 85 1
91 86 1
91 87 1
91 88 1
91 89 1
91 90 1
91 91 1
91 92 1
91 93 1
91 94 1
91 95 1
91 96 1
91 97 1
91 98 1
91 99 1
92 30 1
92 31 1
92 32 1
92 33 1
92 34 1
92 35 1
92 36 1
92 37 1
92 38 1
92 39 1
92 40 1
92 41 1
92 42 1
92 43 1
92 44 1
92 45 1
92 46 1
92 47 1
92 48 1
92 49 1
92 81 1
92 82 1
92 83 1
92 84 1
92 85 1
92 86 1
92 87 1
92 88 1
92 89 1
92 90 1
92 91 1
92 92 1
92 93 1
92 94 1
92 95 1
92 96 1
92 97 1
92 98 1
92 99 1
93 30 1
93 31 1
93 32 1
93 33 1
93 34 1
93 35 1
93 36 1
93 37 1
93 38 1
93 39 1
93 40 1
93 41 1
93 42 1
93 43 1
93 44 1
93 45 1
93 46 1
93 47 1
93 48 1
93 49 1
93 81 1
93 82 1
93 83 1
93 84 1
93 85 1
93 86 1
93 87 1
93 88 1
93 89 1
93 90 1
93 91 1
93 92 1
93 93 1
93 94 1
93 95 1
93 96 1
93 97 1
93 98 1
93 99 1
94 30 1
94 31 1
94 32 1
94 33 1
94 34 1
94 35 1
94 36 1
94 37 1
94 38 1
94 39 1
94 40 1
94 41 1
94 42 1
94 43 1
94 44 1
94 45 1
94 46 1
94 47 1
94 48 1
94 49 1
94 81 1
94 82 1
94 83 1
94 84 1
94 85 1
94 86 1
94 87 1
94 88 1
94 89 1
94 90 1
94 91 1
94 92 1
94 93 1
94 94 1
94 95 1
94 96 1
94 97 1
94 98 1
94 99 1
95 30 1
95 31 1
95 32 1
95 33 1
95 34 1
95 35 1
95 36 1
95 37 1
95 38 1
95 39 1
95 40 1
95 41 1
95 42 1
95 43 1
95 44 1
95 45 1
95 46 1
95 47 1
95 48 1
95 49 1
95 81 1
95 82 1
95 83 1
95 84 1
95 85 1
95 86 1
95 87 1
95 88 1
95 89 1
95 90 1
95 91 1
95 92 1
95 93 1
95 94 1
95 95 1
95 96 1
95 97 1
95 98 1
95 99 1
96 30 1
96 31 1
96 32 1
96 33 1
96 34 1
96 35 1
96 36 1
96 37 1
96 38 1
96 39 1
96 40 1
96 41 1
96 42 1
96 43 1
96 44 1
96 45 1
96 46 1
96 47 1
96 48 1
96 49 1
96 81 1
96 82 1
96 83 1
96 84 1
96 85 1
96 86 1
96 87 1
96 88 1
96 89 1
96 90 1
96 91 1
96 92 1
96 93 1
96 94 1
96 95 1
96 96 1
96 97 1
96 98 1
96 99 1
97 30 1
97 81 1
97 82 1
97 83 1
97 84 1
97 85 1
97 86 1
97 87 1
97 88 1
97 89 1
97 90 1
97 91 1
97 92 1
97 93 1
97 94 1
97 95 1
97 96 1
97 97 1
97 98 1
97 99 1
98 30 1
98 81 1
98 82 1
98 83 1
98 84 1
98 85 1
98 86 1
98 87 1
98 88 1
98 89 1
98 90 1
98 91 1
98 92 1
98 93 1
98 94 1
98 95 1
98 96 1
98 97 1
98 98 1
98 99 1
99 30 1
99 81 1
99 82 1
99 83 1
99 84 1
99 85 1
99 86 1
99 87 1
99 88 1
99 89 1
99 90 1
99 91 1
99 92 1
99 93 1
99 94 1
99 95 1
99 96 1
99 97 1
99 98 1
99 99 1
100 30 1
100 80 1
100 81 1
100 82 1
100 83 1
100 84 1
100 85 1
100 86 1
100 87 1
100 88 1
100 89 1
100 90 1
100 91 1
100 92 1
100 93 1
100 94 1
100 95 1
100 96 1
100 97 1
100 98 1
100 99 1
101 30 1
101 81 1
101 82 1
101 83 1
101 84 1
101 85 1
101 86 1
101 87 1
101 88 1
101 89 1
101 90 1
101 91 1
101 92 1
101 93 1
101 94 1
101 95 1
101 96 1
101 97 1
101 98 1
101 99 1
102 30 1
102 81 1
102 83 1
102 84 1
102 85 1
102 86 1
102 87 1
102 88 1
102 89 1
102 90 1
102 91 1
102 92 1
102 93 1
102 94 1
102 95 1
102 96 1
102 97 1
102 98 1
102 99 1
103 30 1
103 81 1
103 82 1
103 83 1
103 84 1
103 85 1
103 86 1
103 87 1
103 88 1
103 89 1
103 90 1
103 91 1
103 92 1
103 93 1
103 94 1
103 95 1
103 96 1
103 97 1
103 98 1
103 99 1
104 30 1
104 81 1
104 82 1
104 83 1
104 84 1
104 85 1
104 86 1
104 87 1
104 88 1
104 89 1
104 90 1
104 91 1
104 92 1
104 93 1
104 94 1
104 95 1
104 96 1
104 97 1
104 98 1
104 99 1
105 30 1
105 81 1
105 82 1
105 83 1
105 84 1
105 85 1
105 86 1
105 87 1
105 88 1
105 89 1
105 90 1
105 91 1
105 92 1
105 93 1
105 94 1
105 95 1
105 96 1
105 97 1
105 98 1
105 99 1
106 30 1
106 63 1
106 81 1
106 82 1
106 83 1
106 84 1
106 85 1
106 86 1
106 87 1
106 88 1
106 89 1
106 90 1
106 91 1
106 92 1
106 93 1
106 94 1
106 95 1
106 96 1
106 97 1
106 98 1
106 99 1
107 30 1
107 63 1
107 64 1
107 81 1
107 82 1
107 83 1
107 84 1
107 85 1
107 86 1
107 87 1
107 88 1
107 89 1
107 90 1
107 91 1
107 92 1
107 93 1
107 94 1
107 95 1
107 96 1
107 97 1
107 98 1
107 99 1
108 30 1
108 63 1
108 64 1
108 65 1
108 81 1
108 82 1
108 83 1
108 84 1
108 85 1
108 86 1
108 87 1
108 88 1
108 89 1
108 90 1
108 91 1
108 92 1
108 93 1
108 94 1
108 95 1
108 96 1
108 97 1
108 98 1
108 99 1
109 30 1
109 63 1
109 64 1
109 65 1
109 66 1
109 81 1
109 82 1
109 83 1
109 84 1
109 85 1
109 86 1
109 87 1
109 88 1
109 89 1
109 90 1
109 91 1
109 92 1
109 93 1
109 94 1
109 95 1
109 96 1
109 97 1
109 98 1
109 99 1
110 30 1
110 63 1
110 64 1
110 65 1
110 66 1
110 67 1
110 81 1
110 82 1
110 84 1
110 85 1
110 86 1
110 87 1
110 88 1
110 89 1
110 90 1
110 91 1
110 92 1
110 93 1
110 94 1
110 95 1
110 96 1
110 97 1
110 98 1
110 99 1
111 30 1
111 63 1
111 64 1
111 65 1
111 66 1
111 67 1
111 68 1
111 81 1
111 82 1
111 83 1
111 84 1
111 85 1
111 86 1
111 87 1
111 88 1
111 89 1
111 90 1
111 91 1
111 92 1
111 93 1
111 94 1
111 95 1
111 96 1
111 97 1
111 98 1
111 99 1
112 30 1
112 63 1
112 64 1
112 65 1
112 66 1
112 67 1
112 68 1
112 69 1
112 82 1
112 83 1
112 84 1
112 85 1
112 86 1
112 87 1
112 88 1
112 89 1
112 90 1
112 91 1
112 92 1
112 93 1
112 94 1
112 95 1
112 96 1
112 97 1
112 98 1
112 99 1
113 30 1
113 63 1
113 64 1
113 65 1
113 66 1
113 67 1
113 68 1
113 69 1
113 70 1
113 81 1
113 82 1
113 83 1
113 84 1
113 85 1
113 86 1
113 87 1
113 88 1
113 89 1
113 90 1
113 91 1
113 92 1
113 93 1
113 94 1
113 95 1
113 96 1
113 97 1
113 98 1
113 99 1
114 30 1
114 63 1
114 64 1
114 65 1
114 66 1
114 67 1
114 68 1
114 69 1
114 70 1
114 71 1
114 81 1
114 82 1
114 83 1
114 84 1
114 85 1
114 86 1
114 87 1
114 88 1
114 89 1
114 90 1
114 91 1
114 92 1
114 93 1
114 94 1
114 95 1
114 96 1
114 97 1
114 98 1
114 99 1
115 30 1
115 63 1
115 64 1
115 65 1
115 66 1
115 67 1
115 68 1
115 69 1
115 70 1
115 71 1
115 72 1
115 81 1
115 82 1
115 83 1
115 84 1
115 85 1
115 86 1
115 87 1
115 88 1
115 89 1
115 90 1
115 91 1
115 92 1
115 93 1
115 94 1
115 95 1
115 96 1
115 97 1
115 98 1
115 99 1
116 30 1
116 63 1
116 64 1
116 65 1
116 66 1
116 67 1
116 68 1
116 69 1
116 70 1
116 71 1
116 72 1
116 73 1
116 81 1
116 82 1
116 83 1
116 84 1
116 85 1
116 86 1
116 87 1
116 88 1
116 89 1
116 90 1
116 91 1
116 92 1
116 93 1
116 94 1
116 95 1
116 96 1
116 97 1
116 98 1
116 99 1
117 30 1
117 63 1
117 64 1
117 65 1
117 66 1
117 67 1
117 68 1
117 69 1
117 70 1
117 71 1
117 72 1
117 73 1
117 74 1
117 81 1
117 82 1
117 83 1
117 84 1
117 85 1
117 86 1
117 87 1
117 88 1
117 89 1
117 90 1
117 91 1
117 92 1
117 93 1
117 94 1
117 95 1
117 96 1
117 97 1
117 98 1
117 99 1
118 30 1
118 62 1
118 63 1
118 64 1
118 65 1
118 66 1
118 67 1
118 68 1
118 69 1
118 70 1
118 71 1
118 72 1
118 73 1
118 74 1
118 75 1
118 81 1
118 82 1
118 83 1
118 84 1
118 85 1
118 86 1
118 87 1
118 88 1
118 89 1
118 90 1
118 91 1
118 92 1
118 93 1
118 94 1
118 95 1
118 96 1
118 97 1
118 98 1
118 99 1
119 30 1
119 61 1
119 62 1
119 63 1
119 64 1
119 65 1
119 66 1
119 67 1
119 68 1
119 69 1
119 70 1
119 71 1
119 72 1
119 73 1
119 74 1
119 75 1
119 76 1
119 81 1
119 82 1
119 83 1
119 84 1
119 85 1
119 86 1
119 87 1
119 88 1
119 89 1
119 90 1
119 91 1
119 92 1
119 93 1
119 94 1
119 95 1
119 96 1
119 97 1
119 98 1
119 99 1
120 30 1
120 60 1
120 61 1
120 62 1
120 63 1
120 64 1
120 65 1
120 66 1
120 67 1
120 68 1
120 69 1
120 70 1
120 71 1
120 72 1
120 73 1
120 74 1
120 75 1
120 76 1
120 77 1
120 81 1
120 82 1
120 83 1
120 84 1
120 85 1
120 86 1
120 87 1
120 88 1
120 89 1
120 90 1
120 91 1
120 92 1
120 93 1
120 94 1
120 95 1
120 96 1
120 97 1
120 98 1
120 99 1
121 30 1
121 55 1
121 56 1
121 57 1
121 58 1
121 59 1
121 60 1
121 61 1
121 62 1
121 63 1
121 64 1
121 65 1
121 66 1
121 67 1
121 68 1
121 69 1
121 70 1
121 71 1
121 72 1
121 73 1
121 74 1
121 75 1
121 76 1
121 77 1
121 78 1
121 81 1
121 82 1
121 83 1
121 84 1
121 85 1
121 86 1
121 87 1
121 88 1
121 89 1
121 90 1
121 91 1
121 92 1
121 93 1
121 94 1
121 95 1
121 96 1
121 97 1
121 98 1
121 99 1
122 30 1
122 55 1
122 56 1
122 57 1
122 58 1
122 59 1
122 60 1
122 61 1
122 62 1
122 63 1
122 64 1
122 65 1
122 66 1
122 67 1
122 68 1
122 69 1
122 70 1
122 71 1
122 72 1
122 73 1
122 74 1
122 75 1
122 76 1
122 77 1
122 78 1
122 81 1
122 82 1
122 83 1
122 84 1
122 85 1
122 86 1
122 87 1
122 88 1
122 89 1
122 90 1
122 91 1
122 92 1
122 93 1
122 94 1
122 95 1
122 96 1
122 97 1
122 98 1
122 99 1
123 30 1
123 55 1
123 56 1
123 57 1
123 58 1
123 59 1
123 60 1
123 61 1
123 62 1
123 63 1
123 64 1
123 65 1
123 66 1
123 67 1
123 68 1
123 69 1
123 70 1
123 71 1
123 72 1
123 73 1
123 74 1
123 75 1
123 76 1
123 78 1
123 81 1
123 83 1
123 84 1
123 85 1
123 86 1
123 87 1
123 88 1
123 89 1
123 90 1
123 91 1
123 92 1
123 93 1
123 94 1
123 95 1
123 96 1
123 97 1
123 98 1
123 99 1
124 30 1
124 55 1
124 56 1
124 57 1
124 58 1
124 59 1
124 60 1
124 61 1
124 62 1
124 63 1
124 64 1
124 65 1
124 66 1
124 67 1
124 68 1
124 69 1
124 70 1
124 71 1
124 72 1
124 73 1
124 74 1
124 75 1
124 76 1
124 77 1
124 78 1
124 81 1
124 82 1
124 83 1
124 84 1
124 85 1
124 86 1
124 87 1
124 88 1
124 89 1
124 90 1
124 91 1
124 92 1
124 93 1
124 94 1
124 95 1
124 96 1
124 97 1
124 98 1
124 99 1
125 30 1
125 59 1
125 60 1
125 61 1
125 62 1
125 63 1
125 64 1
125 65 1
125 66 1
125 67 1
125 68 1
125 69 1
125 70 1
125 71 1
125 72 1
125 73 1
125 74 1
125 75 1
125 76 1
125 77 1
125 78 1
125 81 1
125 82 1
125 83 1
125 84 1
125 85 1
125 86 1
125 87 1
125 88 1
125 89 1
125 90 1
125 91 1
125 92 1
125 93 1
125 94 1
125 95 1
125 96 1
125 97 1
125 98 1
125 99 1
126 30 1
126 58 1
126 59 1
126 61 1
126 62 1
126 63 1
126 64 1
126 65 1
126 66 1
126 67 1
126 68 1
126 69 1
126 70 1
126 71 1
126 72 1
126 73 1
126 74 1
126 75 1
126 76 1
126 77 1
126 78 1
126 81 1
126 82 1
126 83 1
126 84 1
126 85 1
126 86 1
126 87 1
126 88 1
126 89 1
126 90 1
126 91 1
126 92 1
126 93 1
126 94 1
126 95 1
126 96 1
126 97 1
126 98 1
126 99 1
127 30 1
127 59 1
127 61 1
127 62 1
127 63 1
127 64 1
127 65 1
127 66 1
127 67 1
127 68 1
127 69 1
127 70 1
127 71 1
127 72 1
127 73 1
127 74 1
127 75 1
127 76 1
127 78 1
127 81 1
127 82 1
127 83 1
127 84 1
127 85 1
127 86 1
127 87 1
127 88 1
127 89 1
127 90 1
127 91 1
127 92 1
127 93 1
127 94 1
127 95 1
127 96 1
127 97 1
127 98 1
127 99 1
128 21 1
128 22 1
128 23 1
128 24 1
128 25 1
128 26 1
128 27 1
128 28 1
128 29 1
128 30 1
128 31 1
128 59 1
128 61 1
128 62 22
128 63 22
128 64 22
128 65 22
128 66 22
128 67 22
128 68 22
128 69 22
128 70 22
128 71 22
128 72 22
128 73 22
128 74 22
128 75 22
128 76 22
128 77 20
128 81 1
128 82 1
128 83 1
128 84 1
128 85 1
128 86 1
128 87 1
128 88 1
128 89 1
128 90 1
128 91 1
128 92 1
128 93 1
128 94 1
128 95 1
128 96 1
128 97 1
128 98 1
128 99 1
129 21 1
129 59 23
129 60 23
129 61 23
129 62 23
129 63 23
129 64 23
129 65 23
129 66 23
129 67 23
129 68 23
129 69 23
129 70 23
129 71 23
129 72 23
129 73 23
129 74 23
129 75 23
129 76 23
129 77 21
129 81 1
129 82 1
129 83 1
129 85 1
129 86 1
129 87 1
129 88 1
129 89 1
129 90 1
129 91 1
129 92 1
129 93 1
129 94 1
129 95 1
129 96 1
129 97 1
129 98 1
129 99 1
130 59 1
130 60 1
130 61 1
130 62 1
130 63 1
130 64 1
130 65 1
130 66 1
130 67 1
130 68 1
130 69 1
130 70 1
130 71 1
130 72 1
130 73 1
130 74 1
130 75 1
130 76 1
130 77 1
130 78 1
130 79 1
130 80 1
130 81 1
130 82 1
130 83 1
130 84 1
130 85 1
130 86 1
130 87 1
130 88 1
130 89 1
130 90 1
130 91 1
130 92 1
130 93 1
130 94 1
130 95 1
130 96 1
130 97 1
130 98 1
130 99 1
131 56 1
131 57 1
131 58 1
131 59 1
131 60 1
131 61 1
131 62 1
131 63 1
131 64 1
131 65 1
131 66 1
131 67 1
131 68 1
131 69 1
131 70 1
131 71 1
131 72 1
131 73 1
131 74 1
131 75 1
131 76 1
131 77 1
131 78 1
131 79 1
131 80 1
131 82 1
131 83 1
131 84 1
131 85 1
131 86 1
131 87 1
131 88 1
131 89 1
131 90 1
131 91 1
131 92 1
131 93 1
131 94 1
131 95 1
131 96 1
131 97 1
131 98 1
131 99 1
132 57 1
132 59 1
132 60 1
132 61 1
132 62 1
132 63 1
132 64 1
132 65 1
132 66 1
132 67 1
132 68 1
132 69 1
132 70 1
132 71 1
132 72 1
132 73 1
132 74 1
132 75 1
132 76 1
132 77 1
132 78 1
132 79 1
132 80 1
132 81 1
132 82 1
132 83 1
132 84 1
132 85 1
132 86 1
132 87 1
132 88 1
132 89 1
132 90 1
132 91 1
132 92 1
132 93 1
132 94 1
132 95 1
132 96 1
132 97 1
132 98 1
132 99 1
133 60 1
133 61 1
133 62 1
133 63 1
133 64 1
133 65 1
133 66 1
133 67 1
133 68 1
133 69 1
133 70 1
133 71 1
133 72 1
133 73 1
133 74 1
133 75 1
133 76 1
133 77 1
133 78 1
133 79 1
133 80 1
133 81 1
133 82 1
133 83 1
133 84 1
133 85 1
133 86 1
133 87 1
133 88 1
133 89 1
133 90 1
133 91 1
133 92 1
133 93 1
133 94 1
133 95 1
133 96 1
133 97 1
133 98 1
133 99 1
134 69 1
134 70 1
134 71 1
134 72 1
134 73 1
134 74 1
134 75 1
134 76 1
134 77 1
134 78 1
134 79 1
134 80 1
134 81 1
134 82 1
134 83 1
134 84 1
134 85 1
134 86 1
134 87 1
134 88 1
135 69 1
135 70 1
135 71 1
135 72 1
135 73 1
135 74 1
135 75 1
135 76 1
135 77 1
135 78 1
135 79 1
135 80 1
135 81 1
135 82 1
135 83 1
135 84 1
135 85 1
135 86 1
135 87 1
135 88 1
136 69 1
136 70 1
136 71 1
136 72 1
136 73 1
136 74 1
136 75 1
136 76 1
136 77 1
136 78 1
136 79 1
136 80 1
136 81 1
136 82 1
136 83 1
136 84 1
136 85 1
136 86 1
136 87 1
136 88 1
137 69 1
137 70 1
137 71 1
137 72 1
137 73 1
137 74 1
137 75 1
137 76 1
137 77 1
137 78 1
137 79 1
137 80 1
137 81 1
137 82 1
137 83 1
137 84 1
137 85 1
137 86 1
137 87 1
137 88 1
138 69 1
138 70 1
138 71 1
138 72 1
138 73 1
138 74 1
138 75 1
138 76 1
138 77 1
138 78 1
138 79 1
138 80 1
138 81 1
138 82 1
138 83 1
138 84 1
138 85 1
138 86 1
138 87 1
138 88 1
139 69 1
139 70 1
139 71 1
139 72 1
139 73 1
139 74 1
139 75 1
139 76 1
139 77 1
139 78 1
139 79 1
139 80 1
139 81 1
139 82 1
139 83 1
139 84 1
139 85 1
139 86 1
139 87 1
139 88 1
140 69 1
140 70 1
140 71 1
140 72 1
140 73 1
140 74 1
140 75 1
140 76 1
140 77 1
140 78 1
140 79 1
140 80 1
140 81 1
140 82 1
140 83 1
140 84 1
140 85 1
140 86 1
140 87 1
140 88 1
::TILES-> END
::BONUS-> BEGIN
1 1 15
1 2 15
1 3 15
1 4 15
1 5 15
2 1 15
2 2 15
2 3 15
2 4 15
2 5 15
7 37 2
18 43 15
67 82 1
69 80 15
71 17 2
72 81 1
74 82 1
83 82 1
91 82 1
101 82 1
102 82 1
110 83 1
112 81 1
123 77 1
123 82 1
127 77 1
129 84 1
131 81 1
132 81 1
::BONUS-> END
::COIN-> BEGIN
18 43
31 34
31 35
31 36
31 37
31 38
31 39
31 40
31 41
39 32
40 32
66 65
67 60
67 61
67 62
67 63
67 66
68 64
68 67
69 65
69 68
70 66
70 69
71 70
72 71
73 72
74 73
75 74
75 75
76 76
77 77
78 78
79 79
80 80
::COIN-> END
GOOMBA 7 5
TURTLEFLY 8 23
TURTLEFLY 10 29
TURTLEFLY 13 35
TURTLEFLY 15 30
FIRE 25 7
FIRE 26 7
FIRE 27 7
FIRE 28 7
FIRE 29 7
FIRE 30 7
FIRE 31 7
FIRE 32 7
FIRE 33 7
FIRE 34 7
FIRE 35 7
FIRE 36 7
FIRE 37 7
FIRE 38 7
FIRE 38 79
FIRE 39 7
FIRE 39 79
FIRE 40 7
FIRE 40 79
FIRE 41 7
FIRE 41 79
FIRE 42 7
FIRE 42 79
FIRE 43 7
FIRE 43 79
FIRE 44 79
FIRE 45 79
FIRE 46 79
FIRE 47 79
FIRE 48 79
FIRE 49 79
FIRE 50 79
FIRE 51 79
FIRE 52 79
FIRE 53 79
FIRE 54 79
FIRE 55 79
FIRE 56 79
FIRE 57 79
FIRE 58 79
FIRE 59 79
FIRE 60 79
FIRE 61 79
FIRE 62 79
FIRE 63 79
FIRE 64 79
FIRE 65 79
FIRE 66 79
FIRE 67 28
FIRE 67 79
FIRE 68 28
FIRE 68 79
FIRE 69 28
FIRE 70 28
GOOMBA 70 80
FIRE 71 28
GOOMBA 71 80
FIRE 72 28
GOOMBA 72 80
FIRE 73 28
GOOMBA 73 80
FIRE 74 28
GOOMBA 74 80
FIRE 75 28
GOOMBA 75 80
FIRE 76 28
GOOMBA 76 80
FIRE 77 28
GOOMBA 77 80
FIRE 78 28
GOOMBA 78 80
FIRE 79 28
GOOMBA 79 80
FIRE 80 28
GOOMBA 80 80
FIRE 81 28
GOOMBA 81 80
FIRE 82 28
GOOMBA 82 80
FIRE 83 28
GOOMBA 83 80
FIRE 84 28
GOOMBA 84 80
FIRE 85 28
GOOMBA 85 80
GOOMBA 86 80
GOOMBA 87 80
GOOMBA 88 80
GOOMBA 89 80
GOOMBA 90 80
GOOMBA 91 80
GOOMBA 92 80
GOOMBA 93 80
GOOMBA 94 80
GOOMBA 95 80
GOOMBA 96 80
GOOMBA 97 80
GOOMBA 98 80
TURTLE 102 79
SPINY 105 80
SPINY 106 80
SPINY 107 80
SPINY 108 80
SPINY 109 80
SPINY 110 80
SPINY 111 80
SPINY 112 80
SPINY 113 80
SPINY 114 80
SPINY 115 80
SPINY 116 80
SPINY 117 80
SPINY 118 80
TURTLE 121 79
TURTLE 127 79
RESTART data/levels/10/main
START 0 797 242 2
EXIT 0 2629 791 data/levels/10/main 1 0
START 1 2616 2359 1
EXIT 1 5149 3114 data/levels/11/main 0 3
START 2 0 0 0
EXIT 2 0 0 NONE 0 0
START 3 0 0 0
EXIT 3 0 0 NONE 0 0
START 4 0 0 0
EXIT 4 0 0 NONE 0 0
BGCOLOR 0

MUSIC ghostcastle.mid
BACKGROUND data/gfx/background/egypt.jpg
