# Level for Mega Mario

TEXTURE data/gfx/tiles/ground/stone0.png
TEXTURE data/gfx/tiles/ground/stone1.png
TEXTURE data/gfx/tiles/ground/stone2.png
TEXTURE data/gfx/tiles/ground/stone3.png
TEXTURE data/gfx/tiles/ground/stone4.png
TEXTURE data/gfx/tiles/ground/stone5.png
TEXTURE data/gfx/tiles/ground/stone6.png
TEXTURE data/gfx/tiles/ground/bricks.png
TEXTURE data/gfx/tiles/ground/bricks2.png
TEXTURE data/gfx/tiles/ground/snowy.png
TEXTURE data/gfx/tiles/ground/grass.png
TEXTURE data/gfx/tiles/ground/sand.png
TEXTURE data/gfx/tiles/ground/metal.png
TEXTURE data/gfx/tiles/cannonset1.png
TEXTURE data/gfx/tiles/cannonset2.png
TEXTURE data/gfx/tiles/pipes/up/1.png
TEXTURE data/gfx/tiles/pipes/up/2.png
TEXTURE data/gfx/tiles/pipes/up/3.png
TEXTURE data/gfx/tiles/pipes/up/4.png
TEXTURE data/gfx/tiles/pipes/down/1.png
TEXTURE data/gfx/tiles/pipes/down/2.png
TEXTURE data/gfx/tiles/pipes/down/3.png
TEXTURE data/gfx/tiles/pipes/down/4.png
TEXTURE data/gfx/tiles/pipes/right/1.png
TEXTURE data/gfx/tiles/pipes/right/2.png
TEXTURE data/gfx/tiles/pipes/right/3.png
TEXTURE data/gfx/tiles/pipes/right/4.png
TEXTURE data/gfx/tiles/pipes/left/1.png
TEXTURE data/gfx/tiles/pipes/left/2.png
TEXTURE data/gfx/tiles/pipes/left/3.png
TEXTURE data/gfx/tiles/pipes/left/4.png
::TILES-> BEGIN
1 99 11
2 99 11
3 99 11
4 97 17
4 98 19
4 99 11
5 97 16
5 98 18
5 99 11
6 99 11
7 99 11
8 99 11
9 99 11
10 99 11
11 99 5
14 99 5
15 99 11
16 99 11
17 99 11
18 99 11
19 99 11
20 71 2
20 72 2
20 73 2
20 74 2
20 75 2
20 76 2
20 77 2
20 78 2
20 79 2
20 80 2
20 81 2
20 82 2
20 99 11
21 99 11
22 99 11
23 99 11
24 99 11
25 99 11
26 99 11
27 99 11
28 99 11
29 88 5
29 89 5
29 90 5
29 91 5
29 92 5
29 93 5
29 94 5
29 95 5
29 96 5
29 97 5
29 98 5
29 99 5
30 87 5
30 88 5
30 89 5
30 90 5
30 91 5
30 92 5
30 93 5
30 94 5
30 95 5
30 96 5
30 97 5
30 98 5
30 99 5
31 77 2
31 78 2
31 79 2
31 80 2
31 81 2
31 82 2
31 86 5
31 87 5
31 88 5
31 89 5
31 90 5
31 91 5
31 92 5
31 93 5
31 94 5
31 95 5
31 96 5
31 97 5
31 98 5
31 99 5
32 85 3
32 86 5
32 87 5
32 88 5
32 89 5
32 90 5
32 91 5
32 92 5
32 93 5
32 94 5
32 95 5
32 96 5
32 97 5
32 98 5
32 99 5
33 85 3
33 86 5
33 87 5
33 88 5
33 89 5
33 90 5
33 91 5
33 92 5
33 93 5
33 94 5
33 95 5
33 96 5
33 97 5
33 98 5
33 99 5
34 85 3
34 86 5
34 87 5
34 88 5
34 89 5
34 90 5
34 91 5
34 92 5
34 93 5
34 94 5
34 95 5
34 96 5
34 97 5
34 98 5
34 99 5
35 85 3
35 86 5
35 87 5
35 88 5
35 89 5
35 90 5
35 91 5
35 92 5
35 93 5
35 94 5
35 95 5
35 96 5
35 97 5
35 98 5
35 99 5
36 85 3
36 86 5
36 87 5
36 88 5
36 89 5
36 90 5
36 91 5
36 92 5
36 93 5
36 94 5
36 95 5
36 96 5
36 97 5
36 98 5
36 99 5
37 85 3
37 86 5
37 87 5
37 88 5
37 89 5
37 90 5
37 91 5
37 92 5
37 93 5
37 94 5
37 95 5
37 96 5
37 97 5
37 98 5
37 99 5
38 66 5
38 67 5
38 68 5
38 69 5
38 70 5
38 71 5
38 72 5
38 73 5
38 74 5
38 75 5
38 76 5
38 77 5
38 78 5
38 79 5
38 80 5
38 81 5
38 82 5
38 85 3
38 86 5
38 87 5
38 88 5
38 89 5
38 90 5
38 91 5
38 92 5
38 93 5
38 94 5
38 95 5
38 96 5
38 97 5
38 98 5
38 99 5
39 85 3
39 86 5
39 87 5
39 88 5
39 89 5
39 90 5
39 91 5
39 92 5
39 93 5
39 94 5
39 95 5
39 96 5
39 97 5
39 98 5
39 99 5
40 85 3
40 86 5
40 87 5
40 88 5
40 89 5
40 90 5
40 91 5
40 92 5
40 93 5
40 94 5
40 95 5
40 96 5
40 97 5
40 98 5
40 99 5
41 85 3
41 86 5
41 87 5
41 88 5
41 89 5
41 90 5
41 91 5
41 92 5
41 93 5
41 94 5
41 95 5
41 96 5
41 97 5
41 98 5
41 99 5
42 82 5
42 85 3
42 86 5
42 87 5
42 88 5
42 89 5
42 90 5
42 91 5
42 92 5
42 93 5
42 94 5
42 95 5
42 96 5
42 97 5
42 98 5
42 99 5
43 82 5
43 85 3
43 86 5
43 87 5
43 88 5
43 89 5
43 90 5
43 91 5
43 92 5
43 93 5
43 94 5
43 95 5
43 96 5
43 97 5
43 98 5
43 99 5
44 82 5
44 85 3
44 86 5
44 87 5
44 88 5
44 89 5
44 90 5
44 91 5
44 92 5
44 93 5
44 94 5
44 95 5
44 96 5
44 97 5
44 98 5
44 99 5
45 82 5
45 85 3
45 86 5
45 87 5
45 88 5
45 89 5
45 90 5
45 91 5
45 92 5
45 93 5
45 94 5
45 95 5
45 96 5
45 97 5
45 98 5
45 99 5
46 82 5
46 85 3
46 86 5
46 87 5
46 88 5
46 89 5
46 90 5
46 91 5
46 92 5
46 93 5
46 94 5
46 95 5
46 96 5
46 97 5
46 98 5
46 99 5
47 82 5
47 85 3
47 86 5
47 87 5
47 88 5
47 89 5
47 90 5
47 91 5
47 92 5
47 93 5
47 94 5
47 95 5
47 96 5
47 97 5
47 98 5
47 99 5
48 81 5
48 82 5
48 85 3
48 86 5
48 87 5
48 88 5
48 89 5
48 90 5
48 91 5
48 92 5
48 93 5
48 94 5
48 95 5
48 96 5
48 97 5
48 98 5
48 99 5
49 80 5
49 81 5
49 82 5
49 85 3
49 86 5
49 87 5
49 88 5
49 89 5
49 90 5
49 91 5
49 92 5
49 93 5
49 94 5
49 95 5
49 96 5
49 97 5
49 98 5
49 99 5
50 79 5
50 80 5
50 81 5
50 85 3
50 86 5
50 87 5
50 88 5
50 89 5
50 90 5
50 91 5
50 92 5
50 93 5
50 94 5
50 95 5
50 96 5
50 97 5
50 98 5
50 99 5
51 78 5
51 79 5
51 80 5
51 81 5
51 85 3
51 86 5
51 87 5
51 88 5
51 89 5
51 90 5
51 91 5
51 92 5
51 93 5
51 94 5
51 95 5
51 96 5
51 97 5
51 98 5
51 99 5
52 77 5
52 78 5
52 79 5
52 80 5
52 84 5
52 85 5
52 86 5
52 87 5
52 88 5
52 89 5
52 90 5
52 91 5
52 92 5
52 93 5
52 94 5
52 95 5
52 96 5
52 97 5
52 98 5
52 99 5
53 76 5
53 77 5
53 78 5
53 79 5
53 80 5
53 99 11
54 76 5
54 77 5
54 78 5
54 79 5
54 80 5
54 81 5
54 99 11
55 76 5
55 77 5
55 78 5
55 79 5
55 80 5
55 81 5
55 82 5
55 83 5
55 84 5
55 85 5
55 86 5
55 87 5
55 88 5
55 89 5
55 90 5
55 91 5
55 92 5
55 93 5
55 94 5
55 95 5
55 96 5
55 99 11
56 76 5
56 77 5
56 78 5
56 79 5
56 80 5
56 81 5
56 82 5
56 83 5
56 84 5
56 85 5
56 86 5
56 87 5
56 88 5
56 89 5
56 90 5
56 91 5
56 92 5
56 93 5
56 94 5
56 95 5
56 96 5
56 99 11
57 76 5
57 77 5
57 78 5
57 79 5
57 80 5
57 81 5
57 82 5
57 83 5
57 84 5
57 85 5
57 86 5
57 87 5
57 88 5
57 89 5
57 90 5
57 91 5
57 92 5
57 93 5
57 94 5
57 95 5
57 96 5
57 99 11
58 76 5
58 77 5
58 78 5
58 79 5
58 80 5
58 81 5
58 82 5
58 83 5
58 84 5
58 85 5
58 86 5
58 87 5
58 88 5
58 89 5
58 90 5
58 91 5
58 92 5
58 93 5
58 94 5
58 96 5
58 99 11
59 76 5
59 77 5
59 78 5
59 79 5
59 80 5
59 81 5
59 82 5
59 83 5
59 84 5
59 85 5
59 86 5
59 87 5
59 88 5
59 89 5
59 90 5
59 91 5
59 92 5
59 93 5
59 94 5
59 96 5
59 99 11
60 76 5
60 77 5
60 78 5
60 79 5
60 80 5
60 81 5
60 82 5
60 83 5
60 84 5
60 85 5
60 86 5
60 87 5
60 88 5
60 89 5
60 90 5
60 91 5
60 92 5
60 93 5
60 94 5
60 96 5
60 99 11
61 76 5
61 77 5
61 78 5
61 79 5
61 80 5
61 81 5
61 82 5
61 83 5
61 84 5
61 85 5
61 86 5
61 87 5
61 88 5
61 89 5
61 90 5
61 91 5
61 92 5
61 93 5
61 94 5
61 99 11
62 76 5
62 77 5
62 78 5
62 79 5
62 80 5
62 81 5
62 82 5
62 83 5
62 84 5
62 85 5
62 86 5
62 87 5
62 88 5
62 89 5
62 90 5
62 91 5
62 92 5
62 93 5
62 94 5
62 96 5
62 99 11
63 76 5
63 77 5
63 78 5
63 79 5
63 80 5
63 81 5
63 82 5
63 83 5
63 84 5
63 85 5
63 86 5
63 87 5
63 88 5
63 89 5
63 90 5
63 91 5
63 92 5
63 93 5
63 94 5
63 96 5
63 99 11
64 76 5
64 77 5
64 78 5
64 79 5
64 80 5
64 81 5
64 82 5
64 83 5
64 84 5
64 85 5
64 86 5
64 87 5
64 88 5
64 89 5
64 90 5
64 91 5
64 92 5
64 93 5
64 94 5
64 96 5
64 99 11
65 76 5
65 77 5
65 78 5
65 79 5
65 80 5
65 81 5
65 82 5
65 83 5
65 84 5
65 85 5
65 86 5
65 87 5
65 88 5
65 89 5
65 90 5
65 91 5
65 92 5
65 93 5
65 94 5
65 96 5
65 99 11
66 76 5
66 77 5
66 78 5
66 79 5
66 80 5
66 81 5
66 82 5
66 83 5
66 84 5
66 85 5
66 86 5
66 87 5
66 88 5
66 89 5
66 90 5
66 91 5
66 92 5
66 93 5
66 94 5
66 96 5
66 99 11
67 76 5
67 77 5
67 78 5
67 79 5
67 80 5
67 81 5
67 82 5
67 83 5
67 84 5
67 85 5
67 86 5
67 87 5
67 88 5
67 89 5
67 90 5
67 91 5
67 92 5
67 93 5
67 94 5
67 96 5
67 99 11
68 76 5
68 77 5
68 78 5
68 79 5
68 80 5
68 81 5
68 82 5
68 83 5
68 84 5
68 85 5
68 86 5
68 87 5
68 88 5
68 89 5
68 90 5
68 91 5
68 92 5
68 93 5
68 94 5
68 96 5
68 99 11
69 76 5
69 77 5
69 78 5
69 79 5
69 80 5
69 81 5
69 82 5
69 83 5
69 84 5
69 85 5
69 86 5
69 87 5
69 88 5
69 89 5
69 90 5
69 91 5
69 92 5
69 93 5
69 94 5
69 96 5
69 99 11
70 76 5
70 77 5
70 78 5
70 79 5
70 80 5
70 81 5
70 82 5
70 83 5
70 84 5
70 85 5
70 86 5
70 87 5
70 88 5
70 89 5
70 90 5
70 91 5
70 92 5
70 93 5
70 94 5
70 96 5
70 99 11
71 76 5
71 77 5
71 78 5
71 79 5
71 80 5
71 81 5
71 82 5
71 83 5
71 84 5
71 85 5
71 86 5
71 87 5
71 88 5
71 89 5
71 90 5
71 91 5
71 92 5
71 93 5
71 94 5
71 96 5
71 99 11
72 76 5
72 77 5
72 78 5
72 79 5
72 80 5
72 81 5
72 82 5
72 83 5
72 84 5
72 85 5
72 86 5
72 87 5
72 88 5
72 89 5
72 90 5
72 91 5
72 92 5
72 93 5
72 94 5
72 96 5
72 99 11
73 76 5
73 77 5
73 78 5
73 79 5
73 80 5
73 81 5
73 82 5
73 83 5
73 84 5
73 85 5
73 86 5
73 87 5
73 88 5
73 89 5
73 90 5
73 91 5
73 92 5
73 93 5
73 94 5
73 96 5
73 99 11
74 76 5
74 77 5
74 78 5
74 79 5
74 80 5
74 81 5
74 82 5
74 83 5
74 84 5
74 85 5
74 86 5
74 87 5
74 88 5
74 89 5
74 90 5
74 91 5
74 92 5
74 93 5
74 94 5
74 96 5
74 99 11
75 76 5
75 77 5
75 78 5
75 79 5
75 80 5
75 81 5
75 82 5
75 83 5
75 84 5
75 85 5
75 86 5
75 87 5
75 88 5
75 89 5
75 90 5
75 91 5
75 92 5
75 93 5
75 94 5
75 96 5
75 99 11
76 76 5
76 77 5
76 78 5
76 79 5
76 80 5
76 81 5
76 82 5
76 83 5
76 84 5
76 85 5
76 86 5
76 87 5
76 88 5
76 89 5
76 90 5
76 91 5
76 92 5
76 93 5
76 94 5
76 96 5
76 99 11
77 76 5
77 77 5
77 78 5
77 79 5
77 80 5
77 81 5
77 82 5
77 83 5
77 84 5
77 85 5
77 86 5
77 87 5
77 88 5
77 89 5
77 90 5
77 91 5
77 92 5
77 93 5
77 94 5
77 96 5
77 99 11
78 76 5
78 77 5
78 78 5
78 79 5
78 80 5
78 81 5
78 82 5
78 83 5
78 84 5
78 85 5
78 86 5
78 87 5
78 88 5
78 89 5
78 90 5
78 91 5
78 92 5
78 93 5
78 94 5
78 96 5
78 99 11
79 76 5
79 77 5
79 78 5
79 79 5
79 80 5
79 81 5
79 82 5
79 83 5
79 84 5
79 85 5
79 86 5
79 87 5
79 88 5
79 89 5
79 90 5
79 91 5
79 92 5
79 93 5
79 94 5
79 96 5
79 99 11
80 76 5
80 77 5
80 78 5
80 79 5
80 80 5
80 81 5
80 82 5
80 83 5
80 84 5
80 85 5
80 86 5
80 87 5
80 88 5
80 89 5
80 90 5
80 91 5
80 92 5
80 93 5
80 94 5
80 96 5
80 99 11
81 76 5
81 77 5
81 78 5
81 79 5
81 80 5
81 81 5
81 82 5
81 83 5
81 84 5
81 85 5
81 86 5
81 87 5
81 88 5
81 89 5
81 90 5
81 91 5
81 92 5
81 93 5
81 94 5
81 96 5
81 99 11
82 76 5
82 77 5
82 78 5
82 79 5
82 80 5
82 81 5
82 82 5
82 83 5
82 84 5
82 85 5
82 86 5
82 87 5
82 88 5
82 89 5
82 90 5
82 91 5
82 92 5
82 93 5
82 94 5
82 96 5
82 99 11
83 76 5
83 77 5
83 78 5
83 79 5
83 80 5
83 81 5
83 82 5
83 83 5
83 84 5
83 85 5
83 86 5
83 87 5
83 88 5
83 89 5
83 90 5
83 91 5
83 92 5
83 93 5
83 94 5
83 96 5
83 99 11
84 76 5
84 77 5
84 78 5
84 79 5
84 80 5
84 81 5
84 82 5
84 83 5
84 84 5
84 85 5
84 86 5
84 87 5
84 88 5
84 89 5
84 90 5
84 91 5
84 92 5
84 93 5
84 94 5
84 96 5
84 99 11
85 76 5
85 77 5
85 78 5
85 79 5
85 80 5
85 81 5
85 82 5
85 83 5
85 84 5
85 85 5
85 86 5
85 87 5
85 88 5
85 89 5
85 90 5
85 91 5
85 92 5
85 93 5
85 94 5
85 96 5
85 99 11
86 76 5
86 77 5
86 78 5
86 79 5
86 80 5
86 81 5
86 82 5
86 83 5
86 84 5
86 85 5
86 86 5
86 87 5
86 88 5
86 89 5
86 90 5
86 91 5
86 92 5
86 93 5
86 94 5
86 96 5
86 99 11
87 76 5
87 77 5
87 78 5
87 79 5
87 80 5
87 81 5
87 82 5
87 83 5
87 84 5
87 85 5
87 86 5
87 87 5
87 88 5
87 89 5
87 90 5
87 91 5
87 92 5
87 93 5
87 94 5
87 96 5
87 99 11
88 76 5
88 77 5
88 78 5
88 79 5
88 80 5
88 81 5
88 82 5
88 83 5
88 84 5
88 85 5
88 86 5
88 87 5
88 88 5
88 89 5
88 90 5
88 91 5
88 92 5
88 93 5
88 94 5
88 96 5
88 99 11
89 76 5
89 77 5
89 78 5
89 79 5
89 80 5
89 81 5
89 82 5
89 83 5
89 84 5
89 85 5
89 86 5
89 87 5
89 88 5
89 89 5
89 90 5
89 91 5
89 92 5
89 93 5
89 94 5
89 96 5
89 99 11
90 76 5
90 77 5
90 78 5
90 79 5
90 80 5
90 81 5
90 82 5
90 83 5
90 84 5
90 85 5
90 86 5
90 87 5
90 88 5
90 89 5
90 90 5
90 91 5
90 92 5
90 93 5
90 99 11
91 76 5
91 77 5
91 78 5
91 79 5
91 80 5
91 81 5
91 82 5
91 83 5
91 84 5
91 85 5
91 86 5
91 87 5
91 88 5
91 89 5
91 90 5
91 91 5
91 92 5
91 99 11
92 76 5
92 77 5
92 78 5
92 79 5
92 80 5
92 81 5
92 82 5
92 83 5
92 84 5
92 85 5
92 86 5
92 87 5
92 88 5
92 89 5
92 90 5
92 91 5
92 92 5
92 96 5
92 99 11
93 76 5
93 77 5
93 78 5
93 79 5
93 80 5
93 81 5
93 82 5
93 83 5
93 84 5
93 85 5
93 86 5
93 87 5
93 88 5
93 89 5
93 90 5
93 91 5
93 92 5
93 95 5
93 96 5
93 99 11
94 76 5
94 77 5
94 78 5
94 79 5
94 80 5
94 81 5
94 82 5
94 83 5
94 84 5
94 85 5
94 86 5
94 87 5
94 88 5
94 89 5
94 90 5
94 91 5
94 92 5
94 95 5
94 96 5
94 99 11
95 76 5
95 77 5
95 78 5
95 79 5
95 80 5
95 81 5
95 82 5
95 83 5
95 84 5
95 85 5
95 86 5
95 87 5
95 88 5
95 89 5
95 90 5
95 91 5
95 92 5
95 93 5
95 95 5
95 96 5
95 99 11
96 99 11
97 99 11
98 99 11
99 99 11
100 99 11
101 99 11
102 99 11
103 99 11
104 97 17
104 98 19
104 99 11
105 97 16
105 98 18
105 99 11
106 99 11
107 99 11
108 99 11
109 99 11
110 99 11
111 98 14
111 99 11
112 96 17
112 97 19
112 98 19
112 99 11
113 96 16
113 97 18
113 98 18
113 99 11
114 99 11
115 99 11
116 99 11
117 99 11
118 97 17
118 98 19
118 99 11
119 97 16
119 98 18
119 99 11
120 96 17
120 97 19
120 98 19
120 99 11
121 96 16
121 97 18
121 98 18
121 99 11
122 95 17
122 96 19
122 97 19
122 98 19
122 99 11
123 95 16
123 96 18
123 97 18
123 98 18
123 99 11
124 96 14
124 97 14
124 98 14
124 99 11
125 99 11
126 99 11
127 96 17
127 97 19
127 98 19
127 99 11
128 96 16
128 97 18
128 98 18
128 99 11
129 99 11
130 99 11
131 99 11
132 95 17
132 96 19
132 97 19
132 98 19
132 99 11
133 95 16
133 96 18
133 97 18
133 98 18
133 99 11
134 98 14
134 99 11
135 99 11
136 97 17
136 98 19
136 99 11
137 97 16
137 98 18
137 99 11
138 99 11
139 99 11
140 99 11
141 99 11
142 99 11
143 86 1
143 87 1
143 88 1
143 89 1
143 90 1
143 91 1
143 92 1
143 93 1
143 94 1
143 95 15
143 96 15
143 99 11
144 86 1
144 87 1
144 88 1
144 89 1
144 90 1
144 91 1
144 92 1
144 93 1
144 94 1
144 99 11
145 86 1
145 87 1
145 88 1
145 89 1
145 90 1
145 91 1
145 92 1
145 93 1
145 94 1
145 99 11
146 86 1
146 87 1
146 88 1
146 89 1
146 90 1
146 91 1
146 92 1
146 93 1
146 94 1
146 99 11
147 88 1
147 89 1
147 90 1
147 91 1
147 92 1
147 93 1
147 94 1
147 99 11
148 88 1
148 89 1
148 90 1
148 91 1
148 92 1
148 93 1
148 94 1
148 99 11
149 88 1
149 89 1
149 90 1
149 91 1
149 92 1
149 93 1
149 94 1
149 99 11
150 88 1
150 89 1
150 90 1
150 91 1
150 92 1
150 93 1
150 99 11
151 88 1
151 89 1
151 90 1
151 91 1
151 92 1
151 99 11
152 88 1
152 89 1
152 90 1
152 91 1
152 92 1
152 99 11
153 88 1
153 89 1
153 90 1
153 91 1
153 92 1
153 98 14
153 99 11
154 99 11
155 99 11
156 99 11
157 99 11
158 99 11
159 99 11
160 99 11
161 99 11
162 99 11
163 99 11
164 99 11
165 99 11
166 99 11
167 97 28
167 98 29
167 99 11
168 97 30
168 98 31
168 99 11
169 97 30
169 98 31
169 99 11
170 95 28
170 96 29
170 97 30
170 98 31
170 99 11
171 93 28
171 94 29
171 95 26
171 96 27
171 97 30
171 98 31
171 99 11
172 93 26
172 94 27
172 95 26
172 96 27
172 97 30
172 98 31
172 99 11
173 93 24
173 94 25
173 95 26
173 96 27
173 97 30
173 98 31
173 99 11
174 95 24
174 96 25
174 97 30
174 98 31
174 99 11
175 97 30
175 98 31
175 99 11
176 97 30
176 98 31
176 99 11
177 97 24
177 98 25
177 99 11
178 99 11
179 99 11
180 99 11
181 99 11
182 99 11
183 99 11
184 99 11
185 99 11
186 99 11
187 99 11
188 98 8
188 99 11
189 98 8
189 99 11
190 97 8
190 98 8
190 99 11
191 97 8
191 98 8
191 99 11
192 96 8
192 97 8
192 98 8
192 99 11
193 96 8
193 97 8
193 98 8
193 99 11
194 95 8
194 96 8
194 97 8
194 98 8
194 99 11
195 93 14
195 94 8
195 95 8
195 96 8
195 97 8
195 98 8
195 99 11
196 93 14
196 94 8
196 95 8
196 96 8
196 97 8
196 98 8
196 99 11
197 95 8
197 96 8
197 97 8
197 98 8
197 99 11
198 96 8
198 97 8
198 98 8
198 99 11
199 96 8
199 97 8
199 98 8
199 99 11
200 97 8
200 98 8
200 99 11
201 97 8
201 98 8
201 99 11
202 98 8
202 99 11
203 98 8
203 99 11
204 99 11
205 99 11
206 99 11
207 99 11
208 99 11
209 99 11
210 99 11
211 99 11
212 99 11
213 99 11
214 98 13
214 99 11
215 97 13
215 98 13
215 99 11
216 96 13
216 97 13
216 98 13
216 99 11
217 95 13
217 96 13
217 97 13
217 98 13
217 99 11
218 95 13
218 96 13
218 97 13
218 98 13
218 99 11
219 95 13
219 96 13
219 97 13
219 98 13
219 99 11
220 99 11
221 99 11
222 99 11
223 99 11
224 99 11
225 99 11
226 99 11
227 95 13
227 96 13
227 97 13
227 98 13
227 99 11
228 99 11
229 99 11
230 99 11
231 99 11
232 99 11
233 99 11
234 99 11
235 99 11
236 99 11
237 99 11
238 99 11
239 99 11
240 99 11
241 99 11
242 99 11
243 99 11
244 99 11
245 99 11
246 99 11
247 99 11
248 99 11
249 99 11
250 78 13
250 79 13
250 80 13
250 81 13
250 82 13
250 83 13
250 84 13
250 85 13
250 86 13
250 87 13
250 88 13
250 89 13
250 90 13
250 91 13
250 92 13
250 93 13
250 97 13
250 98 13
250 99 11
251 78 13
251 79 13
251 80 13
251 81 13
251 82 13
251 83 13
251 84 13
251 85 13
251 86 13
251 87 13
251 88 13
251 89 13
251 90 13
251 91 13
251 92 13
251 93 13
251 97 13
251 98 13
251 99 11
252 99 11
253 99 11
254 99 11
255 99 11
256 99 11
257 99 11
258 99 11
259 99 11
260 99 11
261 99 11
262 99 11
263 99 11
264 99 11
265 99 11
266 99 11
267 99 11
268 99 11
269 99 11
270 99 11
271 99 11
272 99 11
273 99 11
274 99 11
275 98 5
275 99 11
276 99 11
277 99 11
278 99 11
279 99 11
280 99 11
281 99 11
282 99 11
283 99 11
284 99 11
285 99 11
286 99 11
287 99 11
288 99 11
289 99 11
290 99 11
291 99 11
292 99 11
293 99 11
294 99 11
295 99 11
296 99 11
297 99 11
298 99 11
299 99 11
300 99 11
301 99 11
302 99 11
303 99 11
304 99 11
305 99 11
306 99 11
307 99 11
308 99 11
309 99 11
310 99 11
311 99 11
312 99 11
313 99 11
314 99 11
315 99 11
316 99 11
317 99 11
318 99 11
319 99 11
320 99 11
321 99 11
322 99 11
323 99 11
324 99 11
325 99 11
326 99 11
327 99 11
328 99 11
329 99 11
330 99 11
331 99 11
332 99 11
333 99 11
334 99 11
335 99 11
336 99 11
337 99 11
338 99 11
339 99 11
340 99 11
341 99 11
342 99 11
343 99 11
344 99 11
345 99 11
346 99 11
347 99 11
348 99 11
349 99 11
350 99 11
351 99 11
352 99 11
353 99 11
354 99 11
355 99 11
356 99 11
357 99 11
358 99 11
359 99 11
360 99 11
361 99 11
362 99 11
363 99 11
364 99 11
365 99 11
366 99 11
367 99 11
368 99 11
369 99 11
370 99 11
371 99 11
372 99 11
373 99 11
374 99 11
375 99 11
376 99 11
377 99 11
378 99 11
379 99 11
380 99 11
381 99 11
382 99 11
383 99 11
384 99 11
385 99 11
386 99 11
387 99 11
388 99 11
389 99 11
390 99 11
391 99 11
392 99 11
393 99 11
394 99 11
395 99 11
396 99 11
397 99 11
398 99 11
::TILES-> END
::BONUS-> BEGIN
1 83 1
1 84 1
1 85 1
1 86 1
1 87 1
1 88 1
1 89 1
1 90 1
1 91 1
1 92 1
1 93 1
1 94 1
1 95 1
1 96 1
1 97 1
1 98 1
2 83 1
2 89 1
2 95 2
3 83 1
3 89 1
4 83 1
4 89 1
5 83 1
5 89 1
6 83 1
6 89 1
7 83 1
7 86 1
7 87 1
7 88 1
7 89 1
8 83 1
8 86 16
8 89 1
8 90 1
8 91 1
8 92 1
8 93 1
8 94 1
8 95 1
9 83 1
9 86 1
9 89 1
9 92 1
9 95 1
10 83 1
10 86 1
10 89 1
10 92 1
10 95 1
11 83 1
11 86 1
11 89 1
11 92 1
11 95 1
12 83 1
12 86 1
12 89 1
12 92 1
12 95 1
13 83 1
13 86 1
13 89 1
13 92 1
13 95 1
14 83 1
14 86 1
14 89 1
14 92 1
14 95 1
14 96 1
14 97 1
14 98 1
15 83 1
15 86 1
15 87 1
15 88 1
15 89 1
15 92 1
15 98 1
16 83 1
16 86 1
16 87 1
16 88 1
16 89 1
16 92 1
16 98 1
17 83 1
17 86 1
17 87 1
17 88 1
17 89 1
17 92 1
17 93 1
17 94 1
17 95 1
17 96 1
17 97 1
17 98 1
18 83 1
18 86 1
18 87 1
18 88 1
18 89 1
18 90 1
18 91 1
18 92 1
18 95 1
19 83 1
19 87 1
19 90 1
19 95 1
20 83 1
20 90 1
20 95 1
21 83 1
21 90 1
21 95 1
22 83 1
22 87 1
22 90 1
22 91 1
22 92 1
22 93 1
22 94 1
22 95 1
23 83 1
23 84 1
23 85 1
23 86 1
23 87 1
23 93 16
24 83 1
24 87 1
24 88 1
24 89 1
24 90 1
24 93 1
24 94 1
24 95 1
24 96 1
24 97 1
24 98 1
25 83 1
25 87 1
25 90 1
25 94 1
26 83 1
26 87 1
26 90 1
26 94 1
27 83 1
27 87 1
27 90 1
27 94 1
28 83 1
28 84 1
28 85 1
28 86 1
28 87 1
28 88 1
28 89 1
28 90 1
28 91 1
28 92 1
28 93 1
28 94 1
28 95 1
28 96 1
28 97 1
28 98 1
29 83 1
29 84 1
29 85 1
29 86 1
29 87 1
30 83 1
30 84 1
30 85 1
30 86 1
31 83 1
31 84 1
31 85 1
39 82 16
40 82 16
41 82 16
61 96 2
90 96 1
91 96 1
167 97 1
167 98 1
168 97 1
168 98 1
169 97 1
169 98 1
170 95 1
170 96 1
170 97 1
170 98 1
171 94 1
171 95 1
171 96 1
171 97 1
171 98 1
172 89 2
172 94 1
172 95 1
172 96 1
172 97 1
172 98 1
173 94 1
173 95 1
173 96 1
173 97 1
173 98 1
174 95 1
174 96 1
174 97 1
174 98 1
175 97 1
175 98 1
176 97 1
176 98 1
177 97 1
177 98 1
195 88 16
196 88 16
249 93 2
268 62 15
268 63 15
268 64 15
268 65 15
268 66 15
268 67 15
268 68 15
268 69 15
269 61 15
269 69 15
270 61 15
270 69 15
271 61 15
271 69 15
272 61 15
272 69 15
273 61 15
273 69 15
274 61 15
274 69 15
275 61 15
275 69 15
276 61 15
276 69 15
277 61 15
277 69 15
277 70 15
277 71 15
277 72 15
277 73 15
277 74 15
277 75 15
277 76 15
277 77 15
277 78 15
277 79 15
277 80 15
277 81 15
277 82 15
277 83 15
277 84 15
277 85 15
277 86 15
277 87 15
277 88 15
277 89 15
277 90 15
278 61 15
279 61 15
280 61 15
281 61 15
282 61 15
283 61 15
284 61 15
285 61 15
286 61 15
287 61 15
288 61 15
289 61 15
290 61 15
291 61 15
292 61 15
293 61 15
294 61 15
295 61 15
296 61 15
297 61 15
298 61 15
299 62 15
300 63 15
300 64 15
300 65 15
300 66 15
300 67 15
300 68 15
300 69 15
300 70 15
300 71 15
300 72 15
300 73 15
300 74 15
300 75 15
300 76 15
300 77 15
300 78 15
300 79 15
300 80 15
300 81 15
300 82 15
300 83 15
300 84 15
300 85 15
300 86 15
300 87 15
300 88 15
300 89 15
300 90 15
300 91 15
300 92 15
300 93 15
300 94 15
300 95 15
300 96 15
300 97 15
300 98 15
::BONUS-> END
::COIN-> BEGIN
15 95
15 96
15 97
16 95
16 96
16 97
25 93
26 93
27 93
53 90
53 91
53 92
54 86
54 87
54 88
54 94
54 95
54 96
187 98
189 97
191 96
193 95
194 94
195 91
196 91
220 92
221 91
222 91
223 90
224 90
225 91
226 91
227 92
228 93
229 94
230 95
231 96
231 97
250 94
250 95
250 96
251 94
251 95
251 96
::COIN-> END
FIRECIRCLE 20 71 6
FIRECIRCLE 20 72 6
FIRECIRCLE 20 73 6
FIRECIRCLE 20 74 6
FIRECIRCLE 20 75 6
FIRECIRCLE 20 76 6
FIRECIRCLE 20 77 6
FIRECIRCLE 20 78 6
FIRECIRCLE 20 79 6
FIRECIRCLE 20 80 6
FIRECIRCLE 20 81 6
FIRECIRCLE 20 82 6
BRETT 960 3040
FIRECIRCLE 31 77 6
FIRECIRCLE 31 78 6
FIRECIRCLE 31 79 6
FIRECIRCLE 31 80 6
FIRECIRCLE 31 81 6
FIRECIRCLE 31 82 6
TURTLE 39 83
GOOMBA 41 84
GOOMBA 42 84
GOOMBA 43 84
GOOMBA 44 84
GOOMBA 45 84
TURTLE 47 83
TURTLE 108 97
CANNON 111 97
KILLERBLUME 112 95
GOOMBA 115 98
KILLERBLUME 118 96
KILLERBLUME 120 95
KILLERBLUME 122 94
CANNON 124 95
CANNON 124 96
CANNON 124 97
GOOMBA 130 98
KILLERBLUME 132 94
CANNON 134 97
CANNON 143 96
CANNON 145 98
TURTLE 149 97
CANNON 153 97
GOOMBA 180 97
GOOMBA 185 97
CANNON 195 92
CANNON 196 92
SPINY 220 98
SPINY 221 98
SPINY 222 98
SPINY 223 98
SPINY 224 98
SPINY 225 98
TURTLE 235 97
TURTLE 238 97
TURTLE 240 97
TURTLE 241 97
TURTLE 242 97
TURTLE 243 97
BRETT 10360 3600
RESTART data/levels/8/main
START 0 178 3804 4
EXIT 0 753 3967 NONE 0 -1
START 1 0 0 0
EXIT 1 0 0 NONE 0 3
START 2 0 0 0
EXIT 2 0 0 NONE 0 3
START 3 0 0 0
EXIT 3 0 0 NONE 0 -1
START 4 0 0 0
EXIT 4 0 0 NONE 0 -1
BGCOLOR 2000030

CASTLE 11000 3600 1 data/levels/9/main 0
#If you want Background music:
#MUSIC megamusic.mid
#if you want a big static background:
#BACKGROUND data/gfx/background/VH.jpg

