# Level for Mega Mario

TEXTURE data/gfx/tiles/ground/stone0.png
TEXTURE data/gfx/tiles/ground/stone1.png
TEXTURE data/gfx/tiles/ground/stone2.png
TEXTURE data/gfx/tiles/ground/stone3.png
TEXTURE data/gfx/tiles/ground/stone4.png
TEXTURE data/gfx/tiles/ground/stone5.png
TEXTURE data/gfx/tiles/ground/stone6.png
TEXTURE data/gfx/tiles/ground/bricks.png
TEXTURE data/gfx/tiles/ground/bricks2.png
TEXTURE data/gfx/tiles/ground/snowy.png
TEXTURE data/gfx/tiles/ground/sand.png
TEXTURE data/gfx/tiles/ground/metal.png
TEXTURE data/gfx/tiles/cannonset1.png
TEXTURE data/gfx/tiles/cannonset2.png
TEXTURE data/gfx/tiles/pipes/up/1.png
TEXTURE data/gfx/tiles/pipes/up/2.png
TEXTURE data/gfx/tiles/pipes/up/3.png
TEXTURE data/gfx/tiles/pipes/up/4.png
TEXTURE data/gfx/tiles/pipes/down/1.png
TEXTURE data/gfx/tiles/pipes/down/2.png
TEXTURE data/gfx/tiles/pipes/down/3.png
TEXTURE data/gfx/tiles/pipes/down/4.png
TEXTURE data/gfx/tiles/pipes/right/1.png
TEXTURE data/gfx/tiles/pipes/right/2.png
TEXTURE data/gfx/tiles/pipes/right/3.png
TEXTURE data/gfx/tiles/pipes/right/4.png
TEXTURE data/gfx/tiles/pipes/left/1.png
TEXTURE data/gfx/tiles/pipes/left/2.png
TEXTURE data/gfx/tiles/pipes/left/3.png
TEXTURE data/gfx/tiles/pipes/left/4.png
::TILES-> BEGIN
1 21 25
1 22 26
1 23 25
1 24 26
1 27 29
1 35 29
1 36 26
1 37 25
1 38 26
1 39 29
1 40 30
2 21 25
2 22 26
2 23 25
2 24 26
2 27 29
2 35 29
2 36 26
2 37 25
2 38 26
2 39 29
2 40 30
3 21 25
3 22 26
3 23 25
3 24 26
3 27 29
3 28 26
3 35 29
3 36 26
3 37 25
3 38 26
3 39 29
3 40 30
4 17 25
4 18 26
4 21 25
4 22 26
4 23 25
4 24 26
4 27 29
4 28 26
4 35 29
4 36 26
4 37 25
4 38 26
4 39 29
4 40 30
5 17 25
5 18 26
5 19 25
5 20 26
5 21 25
5 22 26
5 23 25
5 24 26
5 27 29
5 28 26
5 35 29
5 36 26
5 37 25
5 38 26
5 39 29
5 40 30
6 17 25
6 18 26
6 19 25
6 20 26
6 21 25
6 22 26
6 23 25
6 24 26
6 27 29
6 28 26
6 35 29
6 36 26
6 37 25
6 38 26
6 39 29
6 40 30
7 17 25
7 18 26
7 19 25
7 20 26
7 21 25
7 22 26
7 23 25
7 24 26
7 27 29
7 28 26
7 35 29
7 36 26
7 37 25
7 38 26
7 39 29
7 40 30
7 47 27
7 48 28
8 17 25
8 18 26
8 19 25
8 20 26
8 21 25
8 22 26
8 23 25
8 24 26
8 27 29
8 28 26
8 35 29
8 36 26
8 37 25
8 38 26
8 39 29
8 40 30
8 47 25
8 48 26
9 17 25
9 18 26
9 19 25
9 20 26
9 21 25
9 22 26
9 23 25
9 24 26
9 27 29
9 28 26
9 35 29
9 36 26
9 37 25
9 38 26
9 39 29
9 40 30
9 47 25
9 48 26
10 17 25
10 18 26
10 19 25
10 20 26
10 21 25
10 22 26
10 23 25
10 24 26
10 27 29
10 28 26
10 35 29
10 36 26
10 37 25
10 38 26
10 39 29
10 40 30
10 47 25
10 48 26
11 17 25
11 18 26
11 19 25
11 20 26
11 21 25
11 22 26
11 23 25
11 24 26
11 27 29
11 28 26
11 35 29
11 36 26
11 37 25
11 38 26
11 39 29
11 40 30
11 47 25
11 48 26
12 17 25
12 18 26
12 19 29
12 20 30
12 21 29
12 22 30
12 23 29
12 24 30
12 27 29
12 28 26
12 35 29
12 36 26
12 37 25
12 38 26
12 39 29
12 40 30
12 47 25
12 48 26
13 17 25
13 18 26
13 19 29
13 20 30
13 21 29
13 22 30
13 23 29
13 24 26
13 27 29
13 28 26
13 35 29
13 36 26
13 37 25
13 38 26
13 39 29
13 40 30
13 47 25
13 48 26
14 17 23
14 18 24
14 19 25
14 20 26
14 21 25
14 22 26
14 23 25
14 24 26
14 27 29
14 28 26
14 35 29
14 36 26
14 37 25
14 38 26
14 39 29
14 40 30
14 47 25
14 48 26
15 19 25
15 20 26
15 21 25
15 22 26
15 23 25
15 24 26
15 27 29
15 28 26
15 35 29
15 36 26
15 37 25
15 38 26
15 39 29
15 40 30
15 47 25
15 48 26
16 19 25
16 20 26
16 21 25
16 22 26
16 23 25
16 24 26
16 27 29
16 28 26
16 35 29
16 36 26
16 37 25
16 38 26
16 39 29
16 40 30
16 47 25
16 48 26
17 19 23
17 20 24
17 21 25
17 22 26
17 23 25
17 24 26
17 27 29
17 28 30
17 35 29
17 36 26
17 37 25
17 38 26
17 39 29
17 40 30
17 47 25
17 48 26
18 21 25
18 22 26
18 23 25
18 24 26
18 27 29
18 28 30
18 35 29
18 36 26
18 37 25
18 38 26
18 39 29
18 40 30
18 47 25
18 48 26
19 21 25
19 22 26
19 23 25
19 24 26
19 27 29
19 28 30
19 35 29
19 36 26
19 37 25
19 38 26
19 39 29
19 40 30
19 47 25
19 48 26
19 51 16
19 52 18
20 21 25
20 22 26
20 23 25
20 24 26
20 27 29
20 28 30
20 35 29
20 36 26
20 37 25
20 38 26
20 39 29
20 40 30
20 47 25
20 48 26
20 51 15
20 52 17
21 21 23
21 22 24
21 23 25
21 24 26
21 27 29
21 28 30
21 31 27
21 32 28
21 35 29
21 36 26
21 37 25
21 38 26
21 39 29
21 40 30
21 47 25
21 48 26
22 23 25
22 24 26
22 27 29
22 28 30
22 31 25
22 32 26
22 35 29
22 36 26
22 37 25
22 38 26
22 39 29
22 40 30
22 47 25
22 48 26
23 23 25
23 24 26
23 27 29
23 28 30
23 31 25
23 32 26
23 35 29
23 36 26
23 37 25
23 38 26
23 39 29
23 40 30
23 47 25
23 48 26
24 23 25
24 24 26
24 27 29
24 28 26
24 31 25
24 32 26
24 35 29
24 36 26
24 37 25
24 38 26
24 39 29
24 40 30
24 47 25
24 48 26
25 23 25
25 24 26
25 27 29
25 28 26
25 31 25
25 32 26
25 35 29
25 36 26
25 37 25
25 38 26
25 39 29
25 40 30
25 47 25
25 48 26
26 23 25
26 24 26
26 27 23
26 28 24
26 31 25
26 32 26
26 35 29
26 36 26
26 37 25
26 38 26
26 39 29
26 40 30
26 47 25
26 48 26
27 23 23
27 24 24
27 31 25
27 32 26
27 35 29
27 36 26
27 37 25
27 38 26
27 39 29
27 40 30
27 47 25
27 48 26
28 31 25
28 32 26
28 35 29
28 36 26
28 37 25
28 38 26
28 39 23
28 40 24
28 47 25
28 48 26
29 31 25
29 32 26
29 35 23
29 36 24
29 37 25
29 38 26
29 47 25
29 48 26
30 31 25
30 32 26
30 37 25
30 38 26
30 47 25
30 48 26
31 31 25
31 32 26
31 37 25
31 38 26
31 41 27
31 42 28
31 47 25
31 48 26
32 31 25
32 32 26
32 37 25
32 38 26
32 41 29
32 42 30
32 47 25
32 48 26
33 31 25
33 32 26
33 37 25
33 38 26
33 41 29
33 42 30
33 47 25
33 48 26
34 31 25
34 32 26
34 37 25
34 38 26
34 41 29
34 42 30
34 47 25
34 48 26
35 31 25
35 32 26
35 37 25
35 38 26
35 41 29
35 42 30
35 47 25
35 48 26
36 31 23
36 32 24
36 37 25
36 38 26
36 41 29
36 42 30
36 47 25
36 48 26
37 1 21
37 2 21
37 3 21
37 4 21
37 5 21
37 6 21
37 7 21
37 8 21
37 9 21
37 10 21
37 11 21
37 12 21
37 13 21
37 14 21
37 15 21
37 16 21
37 17 21
37 18 21
37 19 21
37 20 21
37 21 21
37 22 21
37 23 21
37 24 21
37 25 21
37 26 21
37 27 21
37 28 21
37 29 21
37 30 21
37 31 21
37 32 21
37 33 21
37 34 19
37 37 25
37 38 26
37 41 29
37 42 30
37 47 25
37 48 26
38 1 22
38 2 22
38 3 22
38 4 22
38 5 22
38 6 22
38 7 22
38 8 22
38 9 22
38 10 22
38 11 22
38 12 22
38 13 22
38 14 22
38 15 22
38 16 22
38 17 22
38 18 22
38 19 22
38 20 22
38 21 22
38 22 22
38 23 22
38 24 22
38 25 22
38 26 22
38 27 22
38 28 22
38 29 22
38 30 22
38 31 22
38 32 22
38 33 22
38 34 20
38 37 25
38 38 26
38 41 29
38 42 30
38 47 25
38 48 26
39 37 25
39 38 26
39 41 29
39 42 30
39 47 25
39 48 26
40 37 25
40 38 26
40 41 29
40 42 30
40 47 25
40 48 26
41 37 25
41 38 26
41 41 29
41 42 30
41 47 25
41 48 26
42 37 25
42 38 26
42 41 29
42 42 30
42 47 25
42 48 26
43 37 25
43 38 26
43 41 29
43 42 30
43 47 25
43 48 26
44 37 25
44 38 26
44 41 29
44 42 30
44 47 25
44 48 26
45 37 25
45 38 26
45 41 29
45 42 30
45 47 25
45 48 26
46 37 25
46 38 26
46 41 29
46 42 30
46 47 25
46 48 26
47 37 25
47 38 26
47 41 29
47 42 30
47 47 25
47 48 26
48 32 27
48 33 28
48 37 25
48 38 26
48 41 29
48 42 30
48 47 25
48 48 26
49 32 29
49 33 30
49 37 25
49 38 26
49 41 29
49 42 30
49 47 25
49 48 26
50 32 29
50 33 30
50 37 23
50 38 24
50 41 29
50 42 30
50 47 25
50 48 26
51 32 29
51 33 30
51 41 29
51 42 30
51 47 25
51 48 26
52 32 29
52 33 30
52 41 29
52 42 30
52 47 25
52 48 26
53 32 29
53 33 30
53 41 29
53 42 30
53 47 25
53 48 26
54 32 29
54 33 30
54 41 29
54 42 30
54 47 25
54 48 26
55 32 29
55 33 30
55 41 29
55 42 30
55 47 25
55 48 26
56 32 29
56 33 30
56 41 29
56 42 30
56 47 25
56 48 26
57 32 29
57 33 30
57 41 29
57 42 30
57 47 25
57 48 26
58 32 29
58 33 30
58 41 29
58 42 30
58 47 25
58 48 26
59 32 29
59 33 30
59 41 29
59 42 30
59 47 25
59 48 26
60 32 29
60 33 30
60 41 29
60 42 30
60 47 25
60 48 26
61 32 29
61 33 30
61 41 29
61 42 30
61 47 25
61 48 26
62 6 1
62 7 1
62 8 1
62 9 1
62 10 1
62 11 1
62 12 1
62 13 1
62 14 1
62 15 1
62 16 1
62 17 1
62 18 1
62 19 1
62 20 1
62 21 1
62 22 1
62 23 1
62 24 1
62 25 1
62 26 1
62 27 1
62 28 1
62 29 1
62 30 1
62 31 1
62 32 29
62 33 30
62 34 1
62 35 1
62 36 1
62 37 1
62 38 1
62 39 1
62 40 1
62 41 1
62 42 1
62 43 1
62 44 1
62 45 1
62 46 1
62 47 25
62 48 26
63 32 29
63 33 30
63 47 25
63 48 26
64 32 29
64 33 30
64 47 25
64 48 26
65 32 29
65 33 30
65 47 23
65 48 24
66 32 29
66 33 30
67 32 29
67 33 30
68 32 29
68 33 30
69 32 29
69 33 30
70 32 29
70 33 30
71 32 29
71 33 30
72 32 29
72 33 30
73 32 29
73 33 30
74 32 29
74 33 30
75 32 29
75 33 30
76 32 29
::TILES-> END
::BONUS-> BEGIN
1 25 1
1 26 1
1 27 14
1 28 14
1 29 14
1 30 14
1 31 14
1 32 14
1 33 14
1 34 14
1 35 14
1 36 14
1 39 14
1 40 14
1 41 14
1 42 14
1 43 14
1 44 14
1 45 14
1 46 14
1 47 14
1 48 14
1 49 14
1 50 14
1 51 14
1 52 1
1 53 1
1 54 1
1 55 1
1 56 1
1 57 1
1 58 14
1 59 14
1 60 14
1 61 14
1 62 14
1 63 14
1 64 14
1 65 14
1 66 14
1 67 14
1 68 14
1 69 14
1 70 14
1 71 14
1 72 14
1 73 14
1 74 14
1 75 14
1 76 14
1 77 14
1 78 14
1 79 14
1 80 14
1 81 14
1 82 14
1 83 14
1 84 14
1 85 14
1 86 14
1 87 14
1 88 14
1 89 14
1 90 14
1 91 14
1 92 14
1 93 14
1 94 14
1 95 14
1 96 14
1 97 14
1 98 14
1 99 14
2 8 14
2 23 14
2 25 1
2 26 1
2 27 1
2 28 14
2 29 14
2 30 14
2 31 14
2 32 14
2 33 14
2 34 14
2 35 14
2 36 14
2 39 14
2 40 14
2 41 14
2 42 14
2 43 14
2 44 14
2 45 14
2 46 14
2 47 14
2 48 14
2 49 14
2 50 14
2 51 14
2 52 1
2 53 1
2 54 1
2 55 1
2 56 1
2 57 1
2 58 14
2 59 14
2 60 14
2 61 14
2 62 14
2 63 14
2 64 14
2 65 14
2 66 14
2 67 14
2 68 14
2 69 14
2 70 14
2 71 14
2 72 14
2 73 14
2 74 14
2 75 14
2 76 14
2 77 14
2 78 14
2 79 14
2 80 14
2 81 14
2 82 14
2 83 14
2 84 14
2 85 14
2 86 14
2 88 14
2 89 14
2 90 14
2 91 14
2 92 14
2 93 14
2 94 14
2 95 14
2 96 14
2 97 14
2 98 14
2 99 14
3 7 14
3 8 14
3 15 14
3 16 14
3 18 14
3 19 14
3 20 14
3 21 14
3 22 14
3 23 14
3 24 14
3 25 1
3 26 1
3 27 1
3 28 14
3 29 14
3 30 14
3 31 14
3 32 14
3 33 14
3 34 14
3 35 14
3 36 14
3 37 14
3 39 14
3 40 14
3 41 14
3 42 14
3 43 14
3 44 14
3 45 14
3 46 14
3 47 14
3 48 14
3 49 14
3 50 14
3 51 14
3 52 14
3 53 1
3 54 1
3 55 1
3 56 1
3 57 1
3 58 14
3 59 14
3 60 14
3 61 14
3 62 14
3 63 14
3 64 14
3 65 14
3 66 14
3 67 14
3 68 14
3 69 14
3 70 14
3 71 14
3 72 14
3 73 14
3 74 14
3 75 14
3 76 14
3 77 14
3 78 14
3 79 14
3 80 14
3 81 14
3 82 14
3 83 14
3 84 14
3 85 14
3 86 14
3 87 14
3 88 14
3 89 14
3 90 14
3 91 14
3 92 14
3 93 14
3 94 14
3 95 14
3 96 14
3 97 14
3 98 14
3 99 14
4 4 14
4 5 14
4 12 14
4 13 14
4 14 14
4 16 14
4 17 1
4 18 14
4 19 14
4 20 14
4 21 14
4 22 14
4 23 14
4 24 14
4 25 1
4 26 1
4 27 14
4 29 14
4 30 14
4 31 14
4 32 14
4 33 14
4 34 14
4 39 14
4 40 14
4 41 14
4 42 14
4 43 14
4 44 14
4 45 14
4 46 14
4 47 14
4 48 14
4 49 14
4 50 14
4 51 14
4 52 14
4 53 1
4 54 1
4 55 1
4 56 1
4 57 1
4 58 14
4 59 14
4 60 14
4 61 14
4 62 14
4 63 14
4 64 14
4 65 14
4 66 14
4 67 14
4 68 14
4 69 14
4 70 14
4 71 14
4 72 14
4 73 14
4 74 14
4 75 14
4 76 14
4 77 14
4 78 14
4 79 14
4 80 14
4 81 14
4 82 14
4 83 14
4 84 14
4 85 14
4 86 14
4 87 14
4 88 14
4 89 14
4 90 14
4 91 14
4 92 14
4 93 14
4 94 14
4 95 14
4 96 14
4 97 14
4 98 14
4 99 14
5 4 14
5 5 14
5 6 14
5 7 14
5 17 14
5 19 14
5 20 14
5 23 14
5 24 14
5 25 1
5 26 1
5 27 14
5 29 14
5 30 14
5 32 14
5 33 14
5 34 14
5 36 14
5 37 14
5 53 1
5 54 1
5 55 1
5 56 1
5 57 1
5 70 14
5 71 14
5 72 14
6 8 14
6 9 14
6 10 14
6 11 14
6 12 14
6 14 14
6 15 14
6 16 14
6 17 14
6 18 14
6 19 14
6 20 14
6 22 14
6 24 14
6 25 1
6 26 1
6 29 1
6 30 1
6 32 1
6 33 1
6 34 1
6 53 1
6 54 1
6 55 1
6 56 1
6 57 1
7 5 14
7 12 14
7 13 14
7 14 14
7 15 14
7 16 14
7 17 14
7 19 14
7 20 14
7 21 14
7 22 14
7 23 14
7 24 14
7 25 1
7 26 1
7 29 1
7 33 1
7 34 1
7 35 1
7 53 1
7 54 1
7 55 1
7 56 1
7 57 1
8 10 14
8 11 14
8 12 14
8 13 14
8 14 14
8 16 14
8 17 14
8 18 14
8 19 14
8 20 14
8 22 1
8 23 14
8 25 1
8 26 1
8 29 1
8 33 1
8 34 1
8 53 1
8 54 1
8 55 1
8 56 1
8 57 1
9 4 14
9 6 14
9 8 14
9 9 14
9 11 14
9 12 14
9 13 14
9 15 14
9 16 14
9 17 14
9 18 14
9 19 14
9 20 14
9 21 1
9 22 1
9 34 1
9 53 1
9 54 1
9 55 1
9 56 1
9 57 1
10 4 14
10 5 14
10 6 14
10 8 14
10 9 14
10 10 14
10 11 14
10 13 14
10 14 14
10 15 14
10 16 14
10 17 14
10 19 14
10 20 14
10 21 1
10 53 1
10 54 1
10 55 1
10 56 1
10 57 1
11 2 14
11 3 14
11 8 14
11 9 14
11 10 14
11 12 14
11 13 14
11 14 14
11 15 14
11 16 14
11 18 14
11 19 14
11 20 14
11 53 1
11 54 1
11 55 1
11 56 1
11 57 1
12 2 14
12 4 14
12 5 14
12 6 14
12 7 14
12 10 14
12 11 14
12 12 14
12 13 14
12 14 14
12 15 1
12 16 1
12 17 14
12 18 14
12 53 1
12 54 1
12 55 1
12 56 1
12 57 1
13 5 14
13 6 14
13 7 14
13 8 14
13 10 14
13 11 14
13 12 14
13 13 14
13 14 1
13 15 1
13 16 1
13 17 14
13 18 14
13 53 1
13 54 1
13 55 1
13 56 1
13 57 1
14 4 14
14 5 14
14 7 14
14 8 14
14 9 14
14 10 14
14 11 14
14 12 14
14 13 1
14 14 1
14 15 1
14 16 1
14 17 14
14 53 1
14 54 1
14 55 1
14 56 1
14 57 1
15 1 14
15 2 14
15 4 14
15 6 14
15 7 14
15 8 14
15 10 14
15 11 14
15 12 1
15 13 1
15 14 1
15 15 1
15 53 1
15 54 1
15 55 1
15 56 1
15 57 1
16 2 14
16 5 14
16 6 14
16 7 14
16 8 14
16 9 14
16 10 14
16 11 14
16 12 1
16 13 1
16 14 1
16 15 1
16 53 1
16 54 1
16 55 1
16 56 1
16 57 1
17 1 14
17 2 14
17 4 14
17 5 14
17 6 14
17 7 14
17 8 14
17 9 14
17 10 14
17 11 1
17 12 1
17 13 1
17 14 14
17 53 1
17 54 1
17 55 1
17 56 1
17 57 1
18 3 14
18 4 14
18 6 14
18 7 14
18 8 14
18 9 14
18 10 14
18 12 1
18 13 1
18 53 1
18 54 1
18 55 1
18 56 1
18 57 1
19 1 14
19 2 14
19 3 14
19 5 14
19 6 14
19 7 14
19 8 14
19 9 14
19 11 1
19 12 1
19 53 1
19 54 1
19 55 1
19 56 1
19 57 1
20 1 14
20 2 14
20 3 14
20 4 14
20 5 14
20 6 14
20 8 14
20 9 14
20 10 14
20 11 14
20 53 1
20 54 1
20 55 1
20 56 1
20 57 1
21 1 14
21 3 14
21 4 14
21 5 14
21 6 14
21 7 14
21 8 14
21 9 14
21 10 14
21 53 1
21 54 1
21 55 1
21 56 1
21 57 1
22 2 14
22 3 14
22 4 14
22 6 14
22 7 14
22 8 14
22 9 14
22 53 1
22 54 1
22 55 1
22 56 1
22 57 1
23 1 14
23 2 14
23 3 14
23 4 14
23 5 14
23 6 14
23 7 14
23 8 14
23 53 1
23 54 1
23 55 1
23 56 1
23 57 1
24 1 14
24 2 14
24 4 14
24 5 14
24 7 14
24 53 1
24 54 1
24 55 1
24 56 1
24 57 1
25 1 14
25 2 14
25 3 14
25 4 14
25 5 14
25 6 14
25 53 1
25 54 1
25 55 1
25 56 1
25 57 1
26 1 14
26 2 14
26 3 14
26 4 14
26 5 14
26 53 1
26 54 1
26 55 1
26 56 1
26 57 1
27 2 14
27 3 14
27 4 14
27 53 1
27 54 1
27 55 1
27 56 1
27 57 1
28 1 14
28 2 14
28 3 14
28 52 1
28 53 1
28 54 1
28 55 1
28 56 1
28 57 1
29 1 14
29 2 14
29 51 1
29 52 1
29 53 1
29 54 1
29 55 1
29 56 1
29 57 1
30 1 14
30 48 1
30 49 1
30 50 1
30 51 1
30 52 1
30 53 1
30 54 1
30 55 1
30 56 1
30 57 1
31 49 1
31 50 1
31 51 1
31 52 1
31 53 1
31 54 1
31 55 1
31 56 1
31 57 1
31 58 1
32 49 1
32 50 1
32 51 1
32 52 1
32 53 1
32 54 1
32 55 1
32 56 1
33 49 1
33 50 1
33 51 1
33 52 1
33 53 1
33 54 1
33 55 1
33 56 1
34 49 1
39 6 1
39 7 1
39 9 1
39 10 1
39 11 1
39 12 1
39 13 1
39 14 1
39 15 1
39 16 1
39 17 1
39 18 1
39 19 1
39 20 1
39 21 1
39 22 1
39 23 1
39 24 1
39 25 1
39 26 1
39 27 1
39 28 1
39 29 1
39 30 1
40 8 1
40 9 1
40 10 1
40 11 1
40 12 1
40 13 1
40 14 1
40 15 1
40 16 1
40 17 1
40 18 1
40 19 1
40 20 1
40 21 1
40 22 1
40 23 1
40 24 1
40 25 1
40 26 1
40 27 1
40 28 1
40 29 1
40 30 1
41 8 1
41 9 1
41 10 1
41 11 1
41 12 1
41 13 1
41 14 1
41 15 1
41 16 1
41 17 1
41 18 1
41 19 1
41 20 1
41 21 1
41 22 1
41 23 1
41 24 1
41 25 1
41 26 1
41 27 1
41 28 1
41 29 1
41 30 1
42 8 1
42 9 1
42 10 1
42 11 1
42 12 1
42 13 1
42 14 1
42 15 1
42 16 1
42 17 1
42 18 1
42 19 1
42 20 1
42 21 1
42 22 1
42 23 1
42 24 1
42 25 1
42 26 1
42 27 1
42 28 1
42 29 1
42 30 1
43 8 1
43 9 1
43 10 1
43 11 1
43 12 1
43 13 1
43 14 1
43 15 1
43 16 1
43 17 1
43 18 1
43 19 1
43 20 1
43 21 1
43 22 1
43 23 1
43 24 1
43 25 1
43 26 1
43 27 1
43 28 1
43 29 1
43 30 1
::BONUS-> END
::COIN-> BEGIN
28 20
29 21
30 17
30 18
30 19
30 20
30 21
30 22
31 21
32 20
48 35
49 35
50 35
51 35
52 35
53 35
54 36
55 37
55 38
::COIN-> END
CANNON 1 21
GOOMBA 26 52
GOOMBA 35 30
GOOMBA 60 12
RESTART data/levels/2/main
START 0 722 766 2
EXIT 0 790 2024 data/levels/2/text 0 0
START 1 0 0 0
EXIT 1 0 0 NONE 0 0
START 2 0 0 0
EXIT 2 0 0 NONE 0 0
START 3 0 0 0
EXIT 3 0 0 NONE 0 0
START 4 0 0 0
EXIT 4 0 0 NONE 0 0
BGCOLOR 2000030

#If you want Background music:
MUSIC heaven.mid

#if you want a big static background:
#BACKGROUND data/gfx/background/VH.jpg
