# Level for Mega Mario

TEXTURE data/gfx/tiles/ground/stone0.png
TEXTURE data/gfx/tiles/ground/stone1.png
TEXTURE data/gfx/tiles/ground/stone2.png
TEXTURE data/gfx/tiles/ground/stone3.png
TEXTURE data/gfx/tiles/ground/stone4.png
TEXTURE data/gfx/tiles/ground/stone5.png
TEXTURE data/gfx/tiles/ground/stone6.png
TEXTURE data/gfx/tiles/ground/bricks.png
TEXTURE data/gfx/tiles/ground/bricks2.png
TEXTURE data/gfx/tiles/ground/snowy.png
TEXTURE data/gfx/tiles/ground/grass.png
TEXTURE data/gfx/tiles/ground/sand.png
TEXTURE data/gfx/tiles/ground/metal.png
TEXTURE data/gfx/tiles/cannonset1.png
TEXTURE data/gfx/tiles/cannonset2.png
TEXTURE data/gfx/tiles/pipes/up/1.png
TEXTURE data/gfx/tiles/pipes/up/2.png
TEXTURE data/gfx/tiles/pipes/up/3.png
TEXTURE data/gfx/tiles/pipes/up/4.png
TEXTURE data/gfx/tiles/pipes/down/1.png
TEXTURE data/gfx/tiles/pipes/down/2.png
TEXTURE data/gfx/tiles/pipes/down/3.png
TEXTURE data/gfx/tiles/pipes/down/4.png
TEXTURE data/gfx/tiles/pipes/right/1.png
TEXTURE data/gfx/tiles/pipes/right/2.png
TEXTURE data/gfx/tiles/pipes/right/3.png
TEXTURE data/gfx/tiles/pipes/right/4.png
TEXTURE data/gfx/tiles/pipes/left/1.png
TEXTURE data/gfx/tiles/pipes/left/2.png
TEXTURE data/gfx/tiles/pipes/left/3.png
TEXTURE data/gfx/tiles/pipes/left/4.png
TEXTURE data/gfx/tiles/conveyorL.png
TEXTURE data/gfx/tiles/conveyorR.png
TEXTURE data/gfx/tiles/ground/slidebar.PNG
::TILES-> BEGIN
1 68 8
1 69 8
1 70 8
1 71 8
1 72 8
1 73 8
1 74 8
1 75 8
1 76 8
1 77 8
1 78 8
1 79 8
1 80 8
1 81 8
1 82 8
1 83 8
1 84 8
1 85 8
1 86 8
1 87 8
1 88 8
1 89 8
1 90 8
1 91 8
1 92 8
1 93 8
1 94 8
1 95 8
1 96 8
1 97 8
1 98 8
1 99 8
2 68 8
2 69 8
2 70 8
2 71 8
2 72 8
2 73 8
2 74 8
2 75 8
2 76 8
2 77 8
2 78 8
2 79 8
2 80 8
2 81 8
2 82 8
2 83 8
2 84 8
2 85 8
2 86 8
2 87 8
2 88 8
2 89 8
2 90 8
2 91 8
2 92 8
2 93 8
2 94 8
2 95 8
2 96 8
2 97 8
2 98 8
2 99 8
3 68 8
3 69 8
3 70 8
3 71 8
3 72 8
3 73 8
3 74 8
3 75 8
3 76 8
3 77 8
3 78 8
3 79 8
3 80 8
3 81 8
3 82 8
3 83 8
3 84 8
3 85 8
3 86 8
3 87 8
3 88 8
3 89 8
3 90 8
3 91 8
3 93 26
3 94 27
3 95 8
3 96 8
3 97 8
3 98 8
3 99 8
4 68 8
4 69 8
4 70 8
4 71 8
4 72 8
4 73 8
4 74 8
4 75 8
4 76 8
4 77 8
4 78 8
4 79 8
4 80 8
4 81 8
4 82 8
4 83 8
4 84 8
4 85 8
4 86 8
4 87 8
4 88 8
4 89 8
4 90 8
4 93 26
4 94 27
4 96 8
4 97 8
4 98 8
4 99 8
5 68 8
5 69 8
5 70 8
5 71 8
5 72 8
5 73 8
5 74 8
5 75 8
5 76 8
5 77 8
5 78 8
5 79 8
5 80 8
5 81 8
5 82 8
5 83 8
5 84 8
5 85 8
5 86 8
5 87 8
5 88 8
5 89 8
5 93 26
5 94 27
5 97 8
5 98 8
5 99 8
6 68 8
6 69 8
6 70 8
6 71 8
6 72 8
6 73 8
6 74 8
6 75 8
6 76 8
6 77 8
6 78 8
6 79 8
6 80 8
6 81 8
6 82 8
6 83 8
6 84 8
6 85 8
6 86 8
6 87 8
6 88 8
6 89 8
6 93 24
6 94 25
6 98 8
6 99 8
7 68 8
7 69 8
7 70 8
7 71 8
7 72 8
7 73 8
7 74 8
7 75 8
7 76 8
7 77 8
7 78 8
7 79 8
7 80 8
7 81 8
7 82 8
7 83 8
7 84 8
7 85 8
7 86 8
7 87 8
7 88 8
7 89 8
7 97 17
7 98 19
7 99 8
8 68 8
8 69 8
8 70 8
8 71 8
8 72 8
8 73 8
8 74 8
8 75 8
8 76 8
8 77 8
8 78 8
8 79 8
8 80 8
8 81 8
8 82 8
8 83 8
8 84 8
8 85 8
8 86 8
8 87 8
8 88 8
8 97 16
8 98 18
8 99 8
9 68 8
9 69 8
9 70 8
9 71 8
9 72 8
9 73 8
9 74 8
9 75 8
9 76 8
9 77 8
9 78 8
9 79 8
9 80 8
9 81 8
9 82 8
9 83 8
9 84 8
9 85 8
9 86 8
9 87 8
9 88 8
9 97 17
9 98 19
9 99 8
10 68 8
10 69 8
10 70 8
10 71 8
10 72 8
10 73 8
10 74 8
10 75 8
10 76 8
10 77 8
10 78 8
10 79 8
10 80 8
10 81 8
10 82 8
10 83 8
10 84 8
10 85 8
10 86 8
10 87 8
10 88 8
10 97 16
10 98 18
10 99 8
11 68 8
11 69 8
11 70 8
11 71 8
11 72 8
11 73 8
11 74 8
11 75 8
11 76 8
11 77 8
11 78 8
11 79 8
11 80 8
11 81 8
11 82 8
11 83 8
11 84 8
11 85 8
11 86 8
11 87 8
11 88 8
11 97 17
11 98 19
11 99 8
12 68 8
12 69 8
12 70 8
12 71 8
12 72 8
12 73 8
12 74 8
12 75 8
12 76 8
12 77 8
12 78 8
12 79 8
12 80 8
12 81 8
12 82 8
12 83 8
12 84 8
12 85 8
12 86 8
12 87 8
12 88 8
12 97 16
12 98 18
12 99 8
13 68 8
13 69 8
13 70 8
13 71 8
13 72 8
13 73 8
13 74 8
13 75 8
13 76 8
13 77 8
13 78 8
13 79 8
13 80 8
13 81 8
13 82 8
13 83 8
13 84 8
13 85 8
13 86 8
13 87 8
13 88 8
13 97 17
13 98 19
13 99 8
14 68 8
14 69 8
14 70 8
14 71 8
14 72 8
14 73 8
14 74 8
14 75 8
14 76 8
14 77 8
14 78 8
14 79 8
14 80 8
14 81 8
14 82 8
14 83 8
14 84 8
14 85 8
14 86 8
14 87 8
14 97 16
14 98 18
14 99 8
15 68 8
15 69 8
15 70 8
15 71 8
15 72 8
15 73 8
15 74 8
15 75 8
15 76 8
15 77 8
15 78 8
15 79 8
15 80 8
15 81 8
15 82 8
15 83 8
15 84 8
15 85 8
15 86 8
15 87 8
15 97 17
15 98 19
15 99 8
16 68 8
16 69 8
16 70 8
16 71 8
16 72 8
16 73 8
16 74 8
16 75 8
16 76 8
16 77 8
16 78 8
16 79 8
16 80 8
16 81 8
16 82 8
16 83 8
16 84 8
16 85 8
16 86 8
16 97 16
16 98 18
16 99 8
17 68 8
17 69 8
17 70 8
17 71 8
17 72 8
17 73 8
17 74 8
17 75 8
17 76 8
17 77 8
17 78 8
17 79 8
17 80 8
17 81 8
17 82 8
17 83 8
17 84 8
17 85 8
17 86 8
17 97 17
17 98 19
17 99 8
18 68 8
18 69 8
18 70 8
18 71 8
18 72 8
18 73 8
18 74 8
18 75 8
18 76 8
18 77 8
18 78 8
18 79 8
18 80 8
18 81 8
18 82 8
18 83 8
18 84 8
18 85 8
18 86 8
18 97 16
18 98 18
18 99 8
19 68 8
19 69 8
19 70 8
19 71 8
19 72 8
19 73 8
19 74 8
19 75 8
19 76 8
19 77 8
19 78 8
19 79 8
19 80 8
19 81 8
19 82 8
19 83 8
19 84 8
19 85 8
19 97 17
19 98 19
19 99 8
20 68 8
20 69 8
20 70 8
20 71 8
20 72 8
20 73 8
20 74 8
20 75 8
20 76 8
20 77 8
20 78 8
20 79 8
20 80 8
20 81 8
20 82 8
20 83 8
20 84 8
20 85 8
20 97 16
20 98 18
20 99 8
21 68 8
21 69 8
21 70 8
21 71 8
21 72 8
21 73 8
21 74 8
21 75 8
21 76 8
21 77 8
21 78 8
21 79 8
21 80 8
21 81 8
21 82 8
21 83 8
21 84 8
21 97 17
21 98 19
21 99 8
22 68 8
22 69 8
22 70 8
22 71 8
22 72 8
22 73 8
22 74 8
22 75 8
22 76 8
22 77 8
22 78 8
22 79 8
22 80 8
22 81 8
22 82 8
22 83 8
22 97 16
22 98 18
22 99 8
23 68 8
23 69 8
23 70 8
23 71 8
23 72 8
23 73 8
23 74 8
23 75 8
23 76 8
23 77 8
23 78 8
23 79 8
23 80 8
23 81 8
23 82 8
23 83 8
23 99 8
24 68 8
24 69 8
24 70 8
24 71 8
24 72 8
24 73 8
24 74 8
24 75 8
24 76 8
24 77 8
24 78 8
24 79 8
24 80 8
24 81 8
24 82 8
24 83 8
24 99 8
25 68 8
25 69 8
25 70 8
25 71 8
25 72 8
25 73 8
25 74 8
25 75 8
25 76 8
25 77 8
25 78 8
25 79 8
25 80 8
25 81 8
25 82 8
25 99 8
26 68 8
26 69 8
26 70 8
26 71 8
26 72 8
26 73 8
26 74 8
26 75 8
26 76 8
26 77 8
26 78 8
26 79 8
26 80 8
26 81 8
26 82 8
26 99 8
27 68 8
27 69 8
27 70 8
27 71 8
27 72 8
27 73 8
27 74 8
27 75 8
27 76 8
27 77 8
27 78 8
27 79 8
27 80 8
27 81 8
27 82 8
27 99 8
28 68 8
28 69 8
28 70 8
28 71 8
28 72 8
28 73 8
28 74 8
28 75 8
28 76 8
28 77 8
28 78 8
28 79 8
28 80 8
28 81 8
28 82 8
28 99 8
29 68 8
29 69 8
29 70 8
29 71 8
29 72 8
29 73 8
29 74 8
29 75 8
29 76 8
29 77 8
29 78 8
29 79 8
29 80 8
29 81 8
29 82 8
29 99 8
30 68 8
30 69 8
30 70 8
30 71 8
30 72 8
30 73 8
30 74 8
30 75 8
30 76 8
30 77 8
30 78 8
30 79 8
30 80 8
30 81 8
30 82 8
30 99 8
31 68 8
31 69 8
31 70 8
31 71 8
31 72 8
31 73 8
31 74 8
31 75 8
31 76 8
31 77 8
31 78 8
31 79 8
31 80 8
31 81 8
31 82 8
31 99 8
32 68 8
32 69 8
32 70 8
32 71 8
32 72 8
32 73 8
32 74 8
32 75 8
32 76 8
32 77 8
32 78 8
32 79 8
32 80 8
32 81 8
32 82 8
32 99 8
33 68 8
33 69 8
33 70 8
33 71 8
33 72 8
33 73 8
33 74 8
33 75 8
33 76 8
33 77 8
33 78 8
33 79 8
33 80 8
33 81 8
33 82 8
33 99 8
34 68 8
34 69 8
34 70 8
34 71 8
34 72 8
34 73 8
34 74 8
34 75 8
34 76 8
34 77 8
34 78 8
34 79 8
34 80 8
34 81 8
34 82 8
34 99 8
35 68 8
35 69 8
35 70 8
35 71 8
35 72 8
35 73 8
35 74 8
35 75 8
35 76 8
35 77 8
35 78 8
35 79 8
35 80 8
35 81 8
35 82 8
35 96 13
35 97 13
35 98 13
35 99 13
36 68 8
36 69 8
36 70 8
36 71 8
36 72 8
36 73 8
36 74 8
36 75 8
36 76 8
36 77 8
36 78 8
36 79 8
36 80 8
36 81 8
36 82 8
37 68 8
37 69 8
37 70 8
37 71 8
37 72 8
37 73 8
37 74 8
37 75 8
37 76 8
37 77 8
37 78 8
37 79 8
37 80 8
37 81 8
37 82 8
38 68 8
38 69 8
38 70 8
38 71 8
38 72 8
38 73 8
38 74 8
38 75 8
38 76 8
38 77 8
38 78 8
38 79 8
38 80 8
38 81 8
38 82 8
39 68 8
39 69 8
39 70 8
39 71 8
39 72 8
39 73 8
39 74 8
39 75 8
39 76 8
39 77 8
39 78 8
39 79 8
39 80 8
39 81 8
39 82 8
40 68 8
40 69 8
40 70 8
40 71 8
40 72 8
40 73 8
40 74 8
40 75 8
40 76 8
40 77 8
40 78 8
40 79 8
40 80 8
40 81 8
40 82 8
41 68 8
41 69 8
41 70 8
41 71 8
41 72 8
41 73 8
41 74 8
41 75 8
41 76 8
41 77 8
41 78 8
41 79 8
41 80 8
41 81 8
41 82 8
41 96 14
41 97 15
41 98 15
41 99 15
42 68 8
42 69 8
42 70 8
42 71 8
42 72 8
42 73 8
42 74 8
42 75 8
42 76 8
42 77 8
42 78 8
42 79 8
42 80 8
42 81 8
42 82 8
42 99 11
43 68 8
43 69 8
43 70 8
43 71 8
43 72 8
43 73 8
43 74 8
43 75 8
43 76 8
43 77 8
43 78 8
43 79 8
43 80 8
43 81 8
43 82 8
43 99 11
44 68 8
44 69 8
44 70 8
44 71 8
44 72 8
44 73 8
44 74 8
44 75 8
44 76 8
44 77 8
44 78 8
44 79 8
44 80 8
44 81 8
44 82 8
44 99 11
45 68 8
45 69 8
45 70 8
45 71 8
45 72 8
45 73 8
45 74 8
45 75 8
45 76 8
45 77 8
45 78 8
45 79 8
45 80 8
45 81 8
45 82 8
45 99 11
46 68 8
46 69 8
46 70 8
46 71 8
46 72 8
46 73 8
46 74 8
46 75 8
46 76 8
46 77 8
46 78 8
46 79 8
46 80 8
46 81 8
46 82 8
46 99 11
47 99 11
48 99 11
49 99 11
50 99 11
51 99 11
52 99 11
53 99 11
54 99 11
55 99 11
56 99 11
57 99 11
58 99 11
59 99 11
60 99 11
61 99 11
62 99 11
63 99 11
64 99 11
65 99 11
66 99 11
67 99 11
68 99 11
69 99 11
70 99 11
71 99 11
72 99 11
73 90 34
73 99 11
74 90 34
74 99 11
75 90 34
75 99 11
76 90 34
76 99 11
77 90 34
77 99 11
78 90 34
78 99 5
82 91 34
83 91 34
84 91 34
85 91 34
89 90 34
90 90 34
91 90 34
93 99 34
94 99 34
95 93 34
95 99 34
96 93 34
97 93 34
98 98 34
99 98 34
100 98 34
101 98 34
102 98 34
103 98 34
104 98 34
105 97 34
105 98 34
106 96 34
106 97 34
106 98 34
107 95 34
107 96 34
107 97 34
107 98 34
108 94 34
108 95 34
108 96 34
108 97 34
108 98 34
109 93 34
109 94 34
109 95 34
109 96 34
109 97 34
109 98 34
110 92 34
110 93 34
110 94 34
110 95 34
110 96 34
110 97 34
110 98 34
111 91 34
111 92 34
111 93 34
111 94 34
111 95 34
111 96 34
111 97 34
112 90 34
112 91 34
112 92 34
112 93 34
112 94 34
112 95 34
112 96 34
113 90 34
113 91 34
113 92 34
113 93 34
113 94 34
113 95 34
114 90 34
114 91 34
114 92 34
114 93 34
114 94 34
115 90 34
115 91 34
115 92 34
115 93 34
116 90 34
116 91 34
116 92 34
117 90 34
117 91 34
118 90 34
124 72 34
124 92 17
124 93 19
124 94 19
124 95 19
124 96 19
124 97 19
124 98 19
124 99 19
125 72 34
125 92 16
125 93 18
125 94 18
125 95 18
125 96 18
125 97 18
125 98 18
125 99 18
126 72 34
127 72 34
131 93 14
131 94 15
131 95 15
131 96 15
131 97 15
131 98 15
131 99 15
132 94 14
132 95 15
132 96 15
132 97 15
132 98 15
132 99 15
133 95 14
133 96 15
133 97 15
133 98 15
133 99 15
134 79 34
134 96 14
134 97 15
134 98 15
134 99 15
135 79 34
135 97 14
135 98 15
135 99 15
136 79 34
136 98 14
136 99 15
137 76 34
137 99 14
138 76 34
139 74 34
140 74 34
141 74 34
142 74 34
143 74 34
144 74 34
144 90 34
145 74 34
145 90 34
146 90 34
147 90 34
149 77 34
150 77 34
150 93 34
151 77 34
151 93 34
152 77 34
152 86 34
152 93 34
153 86 34
153 93 34
154 86 34
155 86 34
156 79 34
156 86 34
157 83 34
157 91 34
157 96 34
158 83 34
158 91 34
158 96 34
159 83 34
159 91 34
160 83 34
160 96 34
161 83 34
161 96 34
162 83 34
162 88 34
163 88 34
164 88 34
165 88 34
165 98 34
166 88 34
166 98 34
167 98 34
168 85 34
168 98 34
169 85 34
169 98 34
170 85 34
171 85 34
176 89 34
177 90 34
178 90 34
179 90 34
180 90 34
181 90 34
182 90 34
183 90 34
184 90 34
185 90 34
186 90 34
187 90 34
188 89 34
189 90 34
190 91 34
191 92 34
192 93 34
193 94 34
194 94 34
195 95 34
196 95 34
197 96 34
198 96 34
199 97 34
200 97 34
201 97 34
202 98 34
203 98 34
204 98 34
205 98 34
206 98 34
207 98 34
208 98 34
209 98 34
210 97 34
211 97 34
212 97 34
213 96 34
214 96 34
215 96 34
216 95 34
217 95 34
218 94 34
219 94 34
220 93 34
221 92 34
223 95 34
224 95 34
225 95 34
226 95 34
232 95 34
233 95 34
234 95 34
235 95 34
236 95 34
237 95 34
238 95 34
239 95 34
240 95 34
241 95 34
242 95 34
243 95 34
244 95 34
245 95 34
246 95 34
247 95 34
248 95 34
249 95 34
250 95 34
251 95 34
252 95 34
253 95 34
254 95 34
255 95 34
256 95 34
297 80 13
297 81 13
297 82 13
297 83 13
297 84 13
297 85 13
297 86 13
297 87 13
297 88 13
297 89 13
297 90 13
297 91 13
297 92 13
297 93 13
297 94 13
297 95 13
298 93 13
320 74 13
320 75 13
320 76 13
320 77 13
320 78 13
320 79 13
320 80 13
320 81 13
320 82 13
320 83 13
320 84 13
320 85 13
320 86 13
320 87 13
320 88 13
320 89 13
320 90 13
320 91 13
320 92 13
320 93 13
320 94 13
320 95 13
320 96 13
321 99 11
322 99 11
323 99 11
324 99 11
325 99 11
326 99 11
327 99 11
328 99 11
329 99 11
330 99 11
331 99 11
332 99 11
333 99 11
334 99 11
335 99 11
336 98 8
336 99 11
337 99 11
338 99 11
339 99 11
340 99 11
341 99 11
342 99 11
343 97 2
343 98 2
343 99 2
344 99 2
345 99 2
346 97 2
346 98 2
346 99 2
347 99 2
348 99 2
349 97 2
349 98 2
349 99 2
350 99 2
351 99 2
352 97 2
352 98 2
352 99 2
353 99 2
354 99 2
355 97 2
355 98 2
355 99 2
356 99 11
357 99 11
358 99 11
359 99 11
360 99 11
361 99 11
362 99 11
363 99 11
364 99 11
365 99 11
366 99 11
367 99 11
368 97 28
368 98 29
368 99 11
369 97 30
369 98 31
369 99 11
370 97 30
370 98 31
370 99 11
371 97 30
371 98 31
371 99 11
372 97 30
372 98 31
372 99 11
373 97 30
373 98 31
373 99 11
374 71 13
374 72 13
374 73 13
374 74 13
374 75 13
374 76 13
374 77 13
374 78 13
374 79 13
374 80 13
374 81 13
374 82 13
374 83 13
374 84 13
374 85 13
374 86 13
374 87 13
374 88 13
374 89 13
374 90 13
374 91 13
374 92 13
374 93 13
374 94 13
374 95 13
374 96 13
374 97 30
374 98 31
374 99 11
375 97 30
375 98 31
375 99 11
376 97 30
376 98 31
376 99 11
377 97 30
377 98 31
377 99 11
378 97 30
378 98 31
378 99 11
379 97 30
379 98 31
379 99 11
380 97 30
380 98 31
380 99 11
381 97 30
381 98 31
381 99 11
382 97 30
382 98 31
382 99 11
383 97 30
383 98 31
383 99 11
384 97 30
384 98 31
384 99 11
385 98 31
385 99 11
386 98 31
386 99 11
387 98 31
387 99 11
388 99 11
389 99 11
390 99 11
::TILES-> END
::BONUS-> BEGIN
42 98 2
46 82 1
47 81 1
47 82 1
48 81 1
48 82 1
49 81 1
49 82 1
50 81 1
50 82 1
51 81 1
51 82 1
52 81 1
52 82 1
52 83 1
52 84 1
52 85 1
52 86 1
52 87 1
52 88 1
52 89 1
52 90 1
52 91 1
52 92 1
52 93 1
52 94 1
52 95 1
52 96 1
52 97 1
52 98 1
53 81 1
53 82 1
53 83 1
53 84 1
53 85 1
53 86 1
53 87 1
53 88 1
53 89 1
53 90 1
53 91 1
53 92 1
53 93 1
53 94 1
53 95 1
53 96 1
53 97 1
53 98 1
68 98 16
73 98 16
125 68 2
126 68 16
275 98 4
275 99 1
276 99 1
277 99 1
278 99 1
279 99 1
280 99 1
281 98 2
281 99 1
282 99 1
283 99 1
284 99 1
285 99 1
286 99 1
287 99 1
288 99 1
289 99 1
290 99 1
291 98 1
291 99 1
292 99 1
293 99 1
294 99 1
295 99 1
296 99 1
297 98 1
297 99 1
298 98 1
298 99 1
299 97 1
299 98 1
299 99 1
300 96 1
300 97 1
300 99 1
301 92 1
301 93 1
301 94 1
301 95 1
301 96 1
301 97 1
301 98 1
301 99 1
302 95 4
302 96 1
302 97 1
302 99 1
303 96 1
303 97 1
303 98 1
303 99 1
304 96 1
304 97 1
304 99 1
305 96 1
305 97 1
305 98 1
305 99 1
306 96 1
306 97 1
306 99 1
307 96 1
307 97 1
307 98 1
307 99 1
308 95 2
308 96 1
308 97 1
308 99 1
309 95 1
309 96 1
309 97 1
309 98 1
309 99 1
310 96 1
310 97 1
310 99 1
311 96 1
311 97 1
311 98 1
311 99 1
312 96 1
312 97 1
312 99 1
313 96 1
313 97 1
313 98 1
313 99 1
314 96 1
314 97 1
314 99 1
315 95 16
315 96 1
315 97 1
315 99 1
316 92 1
316 93 1
316 94 1
316 95 1
316 96 1
316 97 1
316 99 1
317 96 1
317 97 1
317 99 1
318 98 1
318 99 1
319 99 1
320 99 1
::BONUS-> END
::COIN-> BEGIN
93 93
93 95
93 97
94 94
94 96
94 98
124 73
124 75
124 77
124 79
124 81
124 83
124 85
124 87
124 89
124 91
125 74
125 76
125 78
125 80
125 82
125 84
125 86
125 88
125 90
149 76
150 76
151 76
152 76
247 94
249 94
251 94
253 94
255 94
256 94
257 93
259 91
261 89
263 88
265 87
267 87
269 88
271 89
273 91
275 93
276 95
::COIN-> END
GOOMBA 6 92
KILLERBLUME 21 96
CANNON 41 95
TURTLE 46 96
SPINY 57 98
SPINY 59 98
SPINY 62 98
SPINY 64 98
SPINY 66 98
BRETT 2760 3600
TURTLEFLY 118 86
BRETT 5160 2840
CANNON 131 92
CANNON 132 93
CANNON 133 94
CANNON 134 95
CANNON 135 96
CANNON 136 97
CANNON 137 98
BRETT 5600 3560
BRETT 6880 3560
GOOMBA 178 89
GOOMBA 181 89
GOOMBA 184 89
GOOMBA 186 89
TURTLEFLY 200 2
TURTLEFLY 201 5
TURTLEFLY 201 11
TURTLE 203 96
TURTLE 207 96
TURTLEFLY 210 12
GOOMBA 284 98
TURTLE 286 97
SPINY 292 98
SPINY 293 98
SPINY 294 98
SPINY 295 98
TURTLEFLY 304 94
SPINY 322 98
SPINY 323 98
SPINY 324 98
SPINY 325 98
FIRECIRCLE 343 98 6
SPINY 345 98
SPINY 347 98
FIRECIRCLE 349 98 6
SPINY 351 98
SPINY 353 98
FIRECIRCLE 355 98 6
RESTART data/levels/edit2//main
START 0 455 3801 4
EXIT 0 14708 3910 data/levels/4/main 0 1
START 1 0 0 0
EXIT 1 0 0 NONE 0 0
START 2 0 0 0
EXIT 2 0 0 NONE 0 0
START 3 0 0 0
EXIT 3 0 0 NONE 0 0
START 4 0 0 0
EXIT 4 0 0 NONE 0 0
BGCOLOR 0

MUSIC orig.mid
#if you want a big static background:
#BACKGROUND data/gfx/background/VH.jpg

