# Level for Mega Mario

TEXTURE data/gfx/tiles/ground/grass/grassTL.png
TEXTURE data/gfx/tiles/ground/grass/grassTM.png
TEXTURE data/gfx/tiles/ground/grass/grassTR.png
TEXTURE data/gfx/tiles/ground/grass/grassML.png
TEXTURE data/gfx/tiles/ground/grass/grassMM.png
TEXTURE data/gfx/tiles/ground/grass/grassMR.png
TEXTURE data/gfx/tiles/ground/grass/grassBL.png
TEXTURE data/gfx/tiles/ground/grass/grassBM.png
TEXTURE data/gfx/tiles/ground/grass/grassBR.png
TEXTURE data/gfx/tiles/ground/bridge/bridgeTL.png
TEXTURE data/gfx/tiles/ground/bridge/bridgeTM.png
TEXTURE data/gfx/tiles/ground/bridge/bridgeTR.png
TEXTURE data/gfx/tiles/ground/bridge/bridgeML.png
TEXTURE data/gfx/tiles/ground/bridge/bridgeMR.png
TEXTURE data/gfx/tiles/pipes/up/1.png
TEXTURE data/gfx/tiles/pipes/up/2.png
TEXTURE data/gfx/tiles/pipes/up/3.png
TEXTURE data/gfx/tiles/pipes/up/4.png
TEXTURE data/gfx/tiles/ground/grass/grassTL2.png
TEXTURE data/gfx/tiles/ground/grass/grassTR2.png
TEXTURE data/gfx/tiles/ground/stone4.png
::TILES-> BEGIN
1 16 2
1 17 5
1 18 5
1 19 5
1 20 5
1 21 5
1 22 5
1 23 5
1 24 5
1 25 5
1 26 5
1 27 5
1 28 2
1 29 5
1 30 5
1 31 5
1 32 5
1 33 5
1 34 5
1 35 5
1 36 5
1 37 5
1 38 5
1 39 5
1 40 8
1 41 5
1 42 5
1 43 5
1 44 5
1 45 5
1 46 5
1 47 5
1 48 2
1 49 8
1 50 5
1 51 5
1 52 5
1 53 5
1 54 5
1 55 5
1 56 5
1 57 5
1 58 5
1 59 5
1 60 5
1 61 5
1 62 5
1 63 5
1 64 5
1 65 5
1 66 5
1 67 5
1 68 5
1 69 5
1 70 5
1 71 5
1 72 5
1 73 5
1 74 5
1 75 5
1 76 5
1 77 5
1 78 5
1 79 5
1 80 5
1 81 5
1 82 5
1 83 5
1 84 2
1 85 8
1 86 5
1 87 5
1 88 5
1 89 5
1 90 5
1 91 5
1 92 5
1 93 5
1 94 5
1 95 5
1 96 5
1 97 5
1 98 5
1 99 5
2 16 3
2 17 6
2 18 6
2 19 6
2 20 6
2 21 6
2 22 6
2 23 6
2 24 6
2 25 6
2 26 6
2 27 6
2 28 2
2 29 5
2 30 5
2 31 5
2 32 5
2 33 5
2 34 5
2 35 5
2 36 5
2 37 5
2 38 5
2 39 5
2 40 8
2 41 5
2 42 5
2 43 5
2 44 5
2 45 5
2 46 5
2 47 5
2 48 2
2 49 8
2 50 6
2 51 6
2 52 6
2 53 6
2 54 6
2 55 6
2 56 6
2 57 6
2 58 6
2 59 6
2 60 6
2 61 6
2 62 6
2 63 6
2 64 6
2 65 6
2 66 6
2 67 6
2 68 6
2 69 6
2 70 6
2 71 6
2 72 6
2 73 6
2 74 6
2 75 6
2 76 6
2 77 6
2 78 6
2 79 6
2 80 6
2 81 6
2 82 6
2 83 6
2 84 2
2 85 8
2 86 6
2 87 6
2 88 6
2 89 6
2 90 6
2 91 6
2 92 6
2 93 6
2 94 6
2 95 6
2 96 6
2 97 6
2 98 6
2 99 6
3 25 16
3 26 18
3 27 18
3 28 2
3 29 5
3 30 5
3 31 5
3 32 5
3 33 5
3 34 5
3 35 5
3 36 5
3 37 5
3 38 5
3 39 5
3 40 8
3 41 5
3 42 6
3 43 6
3 44 6
3 45 6
3 46 6
3 47 6
3 48 2
3 49 8
3 84 2
3 85 8
4 25 15
4 26 17
4 27 17
4 28 2
4 29 5
4 30 5
4 31 5
4 32 5
4 33 5
4 34 5
4 35 5
4 36 5
4 37 5
4 38 5
4 39 5
4 40 8
4 41 8
4 48 2
4 49 8
4 73 1
4 74 4
4 75 4
4 76 4
4 77 7
4 84 3
4 85 9
5 28 2
5 29 5
5 30 5
5 31 5
5 32 5
5 33 5
5 34 5
5 35 5
5 36 5
5 37 5
5 38 5
5 39 5
5 40 8
5 41 8
5 48 2
5 49 8
5 73 2
5 74 5
5 75 5
5 76 5
5 77 5
5 78 7
6 28 2
6 29 5
6 30 5
6 31 5
6 32 5
6 33 5
6 34 5
6 35 5
6 36 5
6 37 5
6 38 5
6 39 5
6 40 8
6 41 8
6 48 2
6 49 8
6 63 1
6 64 4
6 65 4
6 66 4
6 67 4
6 68 7
6 72 16
6 73 2
6 74 5
6 75 5
6 76 5
6 77 5
6 78 5
6 79 7
6 93 1
6 94 7
7 28 3
7 29 6
7 30 6
7 31 6
7 32 6
7 33 6
7 34 6
7 35 6
7 36 6
7 37 6
7 38 6
7 39 6
7 40 9
7 41 8
7 48 2
7 49 8
7 63 3
7 64 6
7 65 6
7 66 6
7 67 6
7 68 9
7 72 15
7 73 2
7 74 5
7 75 5
7 76 5
7 77 5
7 78 19
7 79 7
7 86 1
7 87 7
7 93 2
7 94 8
8 31 2
8 32 5
8 33 5
8 34 2
8 35 5
8 36 5
8 37 5
8 38 5
8 39 5
8 40 8
8 41 8
8 48 2
8 49 5
8 50 7
8 65 3
8 66 6
8 67 9
8 68 8
8 73 2
8 74 5
8 75 5
8 76 5
8 77 5
8 78 2
8 79 8
8 86 2
8 87 8
8 93 2
8 94 8
9 31 2
9 32 5
9 33 5
9 34 2
9 35 5
9 36 5
9 37 5
9 38 5
9 39 5
9 40 8
9 41 8
9 47 1
9 48 20
9 49 6
9 50 19
9 51 4
9 52 7
9 67 2
9 68 8
9 73 2
9 74 5
9 75 5
9 76 5
9 77 5
9 78 2
9 79 8
9 86 2
9 87 8
9 93 3
9 94 9
10 31 3
10 32 6
10 33 6
10 34 2
10 35 5
10 36 5
10 37 5
10 38 5
10 39 19
10 40 7
10 41 8
10 47 3
10 48 6
10 49 6
10 50 2
10 51 5
10 52 19
10 53 7
10 67 2
10 68 8
10 73 3
10 74 6
10 75 6
10 76 6
10 77 6
10 78 2
10 79 8
10 86 3
10 87 9
10 93 11
11 34 2
11 35 5
11 36 5
11 37 5
11 38 5
11 39 2
11 40 8
11 41 9
11 50 3
11 51 6
11 52 2
11 53 19
11 54 7
11 67 2
11 68 8
11 78 2
11 79 8
11 93 11
12 34 2
12 35 5
12 36 5
12 37 5
12 38 5
12 39 2
12 40 8
12 52 3
12 53 2
12 54 8
12 67 2
12 68 8
12 78 3
12 79 9
12 93 11
13 34 2
13 35 5
13 36 5
13 37 5
13 38 5
13 39 2
13 40 8
13 53 3
13 54 19
13 55 7
13 67 2
13 68 8
13 90 1
13 91 4
13 92 4
13 93 4
13 94 4
13 95 4
13 96 4
13 97 4
13 98 4
13 99 4
14 34 2
14 35 5
14 36 5
14 37 5
14 38 5
14 39 2
14 40 8
14 54 2
14 55 19
14 56 7
14 66 1
14 67 7
14 68 9
14 90 2
14 91 5
14 92 5
14 93 5
14 94 5
14 95 5
14 96 5
14 97 5
14 98 5
14 99 5
15 34 2
15 35 5
15 36 5
15 37 5
15 38 5
15 39 20
15 40 9
15 53 16
15 54 20
15 55 2
15 56 8
15 66 2
15 67 8
15 90 2
15 91 5
15 92 5
15 93 5
15 94 5
15 95 5
15 96 5
15 97 5
15 98 5
15 99 5
16 33 16
16 34 2
16 35 5
16 36 5
16 37 5
16 38 5
16 39 8
16 53 15
16 54 17
16 55 2
16 56 8
16 65 1
16 66 7
16 67 8
16 74 1
16 75 4
16 76 4
16 77 4
16 78 4
16 79 4
16 80 4
16 81 4
16 82 4
16 83 4
16 84 7
16 90 2
16 91 5
16 92 5
16 93 5
16 94 5
16 95 5
16 96 5
16 97 5
16 98 5
16 99 5
17 33 15
17 34 2
17 35 5
17 36 5
17 37 5
17 38 5
17 39 9
17 55 2
17 56 8
17 65 2
17 66 8
17 67 8
17 74 3
17 75 6
17 76 19
17 77 7
17 78 6
17 79 6
17 80 6
17 81 6
17 82 6
17 83 6
17 84 9
17 87 1
17 88 4
17 89 4
17 90 20
17 91 6
17 92 6
17 93 6
17 94 6
17 95 6
17 96 6
17 97 6
17 98 6
17 99 6
18 34 3
18 35 6
18 36 6
18 37 6
18 38 9
18 55 3
18 56 19
18 57 7
18 63 1
18 64 4
18 65 20
18 66 9
18 67 8
18 76 2
18 77 8
18 87 3
18 88 6
18 89 6
18 90 6
18 91 6
18 92 6
18 93 6
18 94 6
18 95 6
18 96 6
18 97 6
18 98 6
18 99 6
19 56 3
19 57 9
19 63 3
19 64 6
19 65 9
19 66 6
19 67 9
19 76 2
19 77 8
19 90 11
20 43 1
20 44 4
20 45 4
20 46 4
20 47 4
20 48 4
20 49 4
20 50 7
20 76 2
20 77 8
20 90 11
21 43 3
21 44 6
21 45 6
21 46 6
21 47 6
21 48 6
21 49 19
21 50 7
21 76 2
21 77 8
21 90 11
22 46 11
22 49 2
22 50 8
22 76 2
22 77 8
22 84 1
22 85 4
22 86 7
22 90 11
23 46 11
23 49 2
23 50 8
23 76 2
23 77 8
23 84 2
23 85 5
23 86 8
23 90 11
24 34 1
24 35 4
24 36 7
24 46 12
24 47 14
24 48 14
24 49 2
24 50 8
24 76 2
24 77 8
24 84 2
24 85 5
24 86 8
24 90 11
25 33 16
25 34 3
25 35 6
25 36 9
25 37 4
25 38 7
25 49 2
25 50 8
25 76 2
25 77 8
25 84 2
25 85 5
25 86 8
25 90 12
25 91 1
25 92 4
25 93 4
25 94 4
25 95 4
25 96 4
25 97 4
25 98 4
25 99 4
26 33 15
26 34 1
26 35 7
26 36 5
26 37 5
26 38 8
26 49 3
26 50 19
26 51 4
26 52 4
26 53 4
26 54 4
26 55 4
26 56 4
26 57 4
26 58 4
26 59 4
26 60 4
26 61 4
26 62 4
26 63 4
26 64 7
26 76 2
26 77 8
26 84 2
26 85 5
26 86 8
26 91 2
26 92 5
26 93 5
26 94 5
26 95 5
26 96 5
26 97 5
26 98 5
26 99 5
27 34 2
27 35 8
27 36 5
27 37 5
27 38 8
27 50 3
27 51 6
27 52 6
27 53 6
27 54 6
27 55 6
27 56 6
27 57 6
27 58 6
27 59 6
27 60 6
27 61 6
27 62 6
27 63 6
27 64 9
27 76 2
27 77 8
27 84 2
27 85 5
27 86 8
27 91 2
27 92 5
27 93 5
27 94 5
27 95 5
27 96 5
27 97 5
27 98 5
27 99 5
28 34 2
28 35 8
28 36 5
28 37 5
28 38 8
28 52 21
28 76 2
28 77 8
28 84 2
28 85 5
28 86 8
28 91 2
28 92 5
28 93 5
28 94 5
28 95 5
28 96 5
28 97 5
28 98 5
28 99 5
29 34 2
29 35 8
29 36 5
29 37 5
29 38 8
29 49 21
29 76 2
29 77 8
29 84 2
29 85 5
29 86 8
29 91 2
29 92 5
29 93 5
29 94 5
29 95 5
29 96 5
29 97 5
29 98 5
29 99 5
30 34 2
30 35 5
30 36 7
30 37 5
30 38 5
30 39 4
30 40 4
30 41 4
30 42 4
30 43 4
30 44 7
30 52 21
30 62 16
30 63 18
30 64 1
30 65 4
30 66 7
30 71 1
30 72 4
30 73 4
30 74 4
30 75 4
30 76 2
30 77 5
30 78 4
30 79 7
30 84 2
30 85 5
30 86 8
30 87 4
30 88 4
30 89 4
30 90 4
30 91 20
30 92 6
30 93 6
30 94 6
30 95 6
30 96 6
30 97 6
30 98 6
30 99 6
31 34 2
31 35 5
31 36 5
31 37 7
31 38 5
31 39 5
31 40 5
31 41 5
31 42 5
31 43 5
31 44 8
31 49 21
31 62 15
31 63 17
31 64 2
31 65 5
31 66 8
31 71 2
31 72 5
31 73 5
31 74 5
31 75 5
31 76 2
31 77 5
31 78 5
31 79 8
31 84 2
31 85 5
31 86 8
31 87 5
31 88 5
31 89 5
31 90 5
31 91 5
31 92 5
31 93 5
31 94 5
31 95 5
31 96 5
31 97 5
31 98 5
31 99 5
32 34 2
32 35 5
32 36 5
32 37 8
32 38 7
32 39 5
32 40 5
32 41 5
32 42 5
32 43 5
32 44 8
32 45 4
32 46 4
32 47 4
32 48 4
32 49 4
32 50 4
32 51 7
32 52 21
32 64 2
32 65 5
32 66 8
32 71 3
32 72 6
32 73 6
32 74 6
32 75 6
32 76 2
32 77 5
32 78 5
32 79 8
32 82 10
32 83 13
32 84 3
32 85 6
32 86 9
32 87 6
32 88 6
32 89 6
32 90 6
32 91 6
32 92 6
32 93 6
32 94 6
32 95 6
32 96 6
32 97 6
32 98 6
32 99 6
33 34 2
33 35 5
33 36 5
33 37 8
33 38 9
33 39 5
33 40 5
33 41 5
33 42 5
33 43 5
33 44 8
33 45 5
33 46 5
33 47 19
33 48 7
33 49 5
33 50 5
33 51 8
33 64 2
33 65 5
33 66 8
33 76 3
33 77 6
33 78 6
33 79 9
33 82 11
34 32 10
34 33 13
34 34 2
34 35 5
34 36 5
34 37 5
34 38 5
34 39 5
34 40 5
34 41 5
34 42 5
34 43 5
34 44 8
34 45 5
34 46 5
34 47 2
34 48 8
34 49 5
34 50 5
34 51 8
34 52 4
34 53 4
34 54 4
34 55 4
34 56 4
34 57 7
34 64 2
34 65 5
34 66 8
34 82 11
35 32 11
35 34 3
35 35 6
35 36 6
35 37 6
35 38 6
35 39 6
35 40 6
35 41 6
35 42 6
35 43 6
35 44 9
35 45 6
35 46 6
35 47 2
35 48 8
35 49 5
35 50 5
35 51 8
35 52 5
35 53 5
35 54 5
35 55 5
35 56 5
35 57 8
35 64 2
35 65 5
35 66 8
35 82 11
36 32 11
36 47 2
36 48 8
36 49 5
36 50 5
36 51 8
36 52 5
36 53 5
36 54 5
36 55 5
36 56 5
36 57 8
36 64 2
36 65 5
36 66 8
36 82 11
37 32 11
37 47 2
37 48 8
37 49 5
37 50 5
37 51 8
37 52 5
37 53 5
37 54 19
37 55 7
37 56 5
37 57 8
37 64 2
37 65 5
37 66 8
37 73 1
37 74 4
37 75 7
37 80 1
37 81 4
37 82 4
37 83 4
37 84 4
37 85 4
37 86 7
37 87 4
37 88 4
37 89 4
37 90 4
37 91 4
37 92 4
37 93 4
37 94 4
37 95 4
37 96 4
37 97 4
37 98 4
37 99 4
38 32 11
38 47 3
38 48 9
38 49 6
38 50 6
38 51 9
38 52 5
38 53 5
38 54 2
38 55 8
38 56 5
38 57 8
38 64 2
38 65 5
38 66 5
38 67 4
38 68 4
38 69 4
38 70 4
38 71 7
38 72 4
38 73 20
38 74 6
38 75 9
38 76 4
38 77 4
38 78 4
38 79 4
38 80 2
38 81 5
38 82 5
38 83 5
38 84 5
38 85 5
38 86 8
38 87 5
38 88 5
38 89 5
38 90 5
38 91 5
38 92 5
38 93 5
38 94 5
38 95 5
38 96 5
38 97 5
38 98 5
38 99 5
39 32 11
39 51 2
39 52 5
39 53 5
39 54 20
39 55 9
39 56 6
39 57 9
39 64 2
39 65 5
39 66 5
39 67 5
39 68 5
39 69 5
39 70 5
39 71 8
39 72 5
39 73 5
39 74 5
39 75 5
39 76 5
39 77 5
39 78 5
39 79 5
39 80 2
39 81 5
39 82 5
39 83 5
39 84 5
39 85 5
39 86 8
39 87 5
39 88 5
39 89 5
39 90 5
39 91 5
39 92 5
39 93 5
39 94 5
39 95 5
39 96 5
39 97 5
39 98 5
39 99 5
40 21 16
40 22 18
40 23 18
40 24 1
40 25 7
40 32 12
40 33 1
40 34 7
40 42 21
40 43 1
40 44 7
40 51 2
40 52 5
40 53 5
40 54 5
40 55 8
40 61 1
40 62 4
40 63 4
40 64 20
40 65 6
40 66 6
40 67 6
40 68 6
40 69 6
40 70 6
40 71 9
40 72 5
40 73 5
40 74 5
40 75 5
40 76 5
40 77 5
40 78 5
40 79 5
40 80 2
40 81 5
40 82 5
40 83 5
40 84 5
40 85 5
40 86 8
40 87 5
40 88 5
40 89 5
40 90 5
40 91 5
40 92 5
40 93 5
40 94 5
40 95 5
40 96 5
40 97 5
40 98 5
40 99 5
41 21 15
41 22 17
41 23 17
41 24 2
41 25 8
41 26 7
41 33 3
41 34 9
41 43 2
41 44 8
41 51 3
41 52 6
41 53 6
41 54 6
41 55 9
41 61 3
41 62 6
41 63 6
41 64 6
41 65 6
41 66 6
41 67 6
41 68 6
41 69 6
41 70 6
41 71 6
41 72 6
41 73 6
41 74 6
41 75 6
41 76 6
41 77 6
41 78 6
41 79 6
41 80 2
41 81 5
41 82 5
41 83 5
41 84 5
41 85 5
41 86 8
41 87 6
41 88 6
41 89 6
41 90 6
41 91 6
41 92 6
41 93 6
41 94 6
41 95 6
41 96 6
41 97 6
41 98 6
41 99 6
42 24 2
42 25 8
42 26 8
42 38 21
42 39 1
42 40 7
42 43 2
42 44 8
42 66 2
42 67 5
42 68 5
42 69 5
42 70 5
42 71 5
42 72 5
42 73 5
42 74 5
42 75 5
42 76 5
42 77 5
42 78 5
42 79 5
42 80 2
42 81 5
42 82 5
42 83 5
42 84 5
42 85 5
42 86 8
42 87 5
42 88 5
42 89 5
42 90 5
42 91 5
42 92 5
42 93 5
42 94 5
42 95 5
42 96 5
42 97 5
42 98 5
42 99 5
43 24 2
43 25 8
43 26 8
43 39 2
43 40 8
43 43 2
43 44 8
43 66 2
43 67 5
43 68 5
43 69 5
43 70 5
43 71 5
43 72 5
43 73 5
43 74 5
43 75 5
43 76 5
43 77 5
43 78 5
43 79 5
43 80 2
43 81 5
43 82 5
43 83 5
43 84 5
43 85 5
43 86 8
43 87 5
43 88 5
43 89 5
43 90 5
43 91 5
43 92 5
43 93 5
43 94 5
43 95 5
43 96 5
43 97 5
43 98 5
43 99 5
44 24 3
44 25 9
44 26 8
44 27 7
44 39 2
44 40 8
44 43 2
44 44 8
44 66 2
44 67 5
44 68 5
44 69 5
44 70 5
44 71 5
44 72 5
44 73 5
44 74 5
44 75 5
44 76 5
44 77 5
44 78 5
44 79 5
44 80 20
44 81 6
44 82 6
44 83 6
44 84 6
44 85 6
44 86 9
44 87 5
44 88 5
44 89 5
44 90 5
44 91 5
44 92 5
44 93 5
44 94 5
44 95 5
44 96 5
44 97 5
44 98 5
44 99 5
45 24 1
45 25 2
45 26 8
45 27 8
45 36 1
45 37 7
45 39 2
45 40 8
45 43 2
45 44 8
45 66 2
45 67 5
45 68 5
45 69 5
45 70 5
45 71 5
45 72 5
45 73 5
45 74 5
45 75 5
45 76 5
45 77 5
45 78 5
45 79 5
45 80 5
45 81 5
45 82 5
45 83 5
45 84 5
45 85 5
45 86 5
45 87 5
45 88 5
45 89 5
45 90 5
45 91 5
45 92 5
45 93 5
45 94 5
45 95 5
45 96 5
45 97 5
45 98 5
45 99 5
46 24 2
46 25 20
46 26 9
46 27 8
46 36 2
46 37 8
46 39 2
46 40 8
46 43 2
46 44 8
46 66 2
46 67 5
46 68 5
46 69 5
46 70 5
46 71 5
46 72 5
46 73 5
46 74 5
46 75 5
46 76 5
46 77 5
46 78 5
46 79 5
46 80 5
46 81 5
46 82 5
46 83 5
46 84 5
46 85 5
46 86 5
46 87 5
46 88 5
46 89 5
46 90 5
46 91 5
46 92 5
46 93 5
46 94 5
46 95 5
46 96 5
46 97 5
46 98 5
46 99 5
47 24 2
47 25 5
47 26 5
47 27 8
47 28 4
47 29 4
47 30 4
47 31 4
47 32 4
47 33 4
47 34 4
47 35 4
47 36 20
47 37 9
47 38 4
47 39 2
47 40 8
47 41 4
47 42 4
47 43 2
47 44 8
47 45 4
47 46 4
47 47 4
47 48 4
47 49 4
47 50 4
47 51 4
47 52 4
47 53 4
47 54 4
47 55 4
47 56 4
47 57 4
47 58 4
47 59 4
47 60 4
47 61 4
47 62 4
47 63 4
47 64 4
47 65 4
47 66 2
47 67 5
47 68 5
47 69 5
47 70 5
47 71 5
47 72 5
47 73 5
47 74 5
47 75 5
47 76 5
47 77 5
47 78 5
47 79 5
47 80 5
47 81 5
47 82 5
47 83 5
47 84 5
47 85 5
47 86 5
47 87 5
47 88 5
47 89 5
47 90 5
47 91 5
47 92 5
47 93 5
47 94 5
47 95 5
47 96 5
47 97 5
47 98 5
47 99 5
48 24 2
48 25 5
48 26 5
48 27 8
48 28 5
48 29 5
48 30 5
48 31 5
48 32 5
48 33 5
48 34 5
48 35 5
48 36 5
48 37 5
48 38 5
48 39 20
48 40 9
48 41 5
48 42 5
48 43 2
48 44 8
48 45 5
48 46 5
48 47 5
48 48 5
48 49 5
48 50 5
48 51 5
48 52 5
48 53 5
48 54 5
48 55 5
48 56 5
48 57 5
48 58 5
48 59 5
48 60 5
48 61 5
48 62 5
48 63 5
48 64 5
48 65 5
48 66 2
48 67 5
48 68 5
48 69 5
48 70 5
48 71 5
48 72 5
48 73 5
48 74 5
48 75 5
48 76 5
48 77 5
48 78 5
48 79 5
48 80 5
48 81 5
48 82 5
48 83 5
48 84 5
48 85 5
48 86 5
48 87 5
48 88 5
48 89 5
48 90 5
48 91 5
48 92 5
48 93 5
48 94 5
48 95 5
48 96 5
48 97 5
48 98 5
48 99 5
49 24 3
49 25 6
49 26 6
49 27 9
49 28 6
49 29 6
49 30 6
49 31 6
49 32 6
49 33 6
49 34 6
49 35 6
49 36 6
49 37 6
49 38 6
49 39 6
49 40 6
49 41 6
49 42 6
49 43 2
49 44 8
49 45 6
49 46 6
49 47 6
49 48 6
49 49 6
49 50 6
49 51 6
49 52 6
49 53 6
49 54 6
49 55 6
49 56 6
49 57 6
49 58 6
49 59 6
49 60 6
49 61 6
49 62 6
49 63 6
49 64 6
49 65 6
49 66 2
49 67 5
49 68 5
49 69 5
49 70 5
49 71 5
49 72 5
49 73 5
49 74 5
49 75 5
49 76 5
49 77 5
49 78 5
49 79 5
49 80 5
49 81 5
49 82 5
49 83 5
49 84 5
49 85 5
49 86 5
49 87 5
49 88 5
49 89 5
49 90 5
49 91 5
49 92 5
49 93 5
49 94 5
49 95 5
49 96 5
49 97 5
49 98 5
49 99 5
50 43 3
50 44 9
50 66 2
50 67 5
50 68 5
50 69 5
50 70 5
50 71 5
50 72 5
50 73 5
50 74 5
50 75 5
50 76 5
50 77 5
50 78 5
50 79 5
50 80 5
50 81 5
50 82 5
50 83 5
50 84 5
50 85 5
50 86 5
50 87 5
50 88 5
50 89 5
50 90 5
50 91 5
50 92 5
50 93 5
50 94 5
50 95 5
50 96 5
50 97 5
50 98 5
50 99 5
51 66 3
51 67 6
51 68 6
51 69 6
51 70 6
51 71 6
51 72 6
51 73 6
51 74 6
51 75 6
51 76 6
51 77 6
51 78 6
51 79 6
51 80 6
51 81 6
51 82 6
51 83 6
51 84 6
51 85 6
51 86 6
51 87 6
51 88 6
51 89 6
51 90 6
51 91 6
51 92 6
51 93 6
51 94 6
51 95 6
51 96 6
51 97 6
51 98 6
51 99 6
::TILES-> END
::BONUS-> BEGIN
2 81 2
3 81 2
5 43 16
6 43 16
6 52 15
6 58 16
7 43 2
7 58 16
8 43 16
9 43 16
10 25 1
10 26 1
10 27 1
10 28 1
11 25 1
11 28 16
12 25 1
12 28 16
13 25 1
13 28 16
14 25 1
14 28 16
15 25 1
15 28 16
16 25 1
16 26 1
16 27 1
16 28 1
18 84 1
19 79 16
19 84 1
20 79 16
20 84 1
21 79 16
21 84 1
22 79 16
23 79 16
28 88 15
36 36 2
38 25 15
42 33 1
43 33 1
44 33 1
45 33 1
46 33 1
::BONUS-> END
::COIN-> BEGIN
7 83
7 84
8 83
8 84
9 83
9 84
10 83
10 84
11 26
11 27
11 77
12 26
12 27
13 26
13 27
14 26
14 27
15 26
15 27
17 31
18 30
19 29
20 29
21 29
22 29
22 70
23 29
23 70
24 30
24 70
25 31
25 42
25 70
26 43
26 70
27 39
27 40
27 41
27 42
27 43
27 44
27 70
28 43
29 42
35 59
35 68
35 70
35 72
35 74
35 76
35 78
35 80
36 59
37 59
38 59
46 34
46 35
46 38
46 41
46 42
46 45
46 46
46 47
::COIN-> END
BRETT 80 2520
FIRE 3 98
FIRE 4 98
FIRE 5 98
SPINY 6 47
KILLERBLUME 6 71
FIRE 6 98
GOOMBA 7 27
FIRE 7 98
FIRE 8 98
FIRE 9 98
TURTLE 10 84
FIRE 10 98
FIRE 11 98
SPINY 12 27
GOOMBA 12 66
FIRE 12 98
SPINY 14 27
SPINY 15 24
KILLERBLUME 15 52
GOOMBA 15 89
KILLERBLUME 16 32
BRETT 640 1600
GOOMBA 18 86
SPINY 19 62
FIRE 19 98
FIRE 20 98
BRETT 840 2240
FIRE 21 98
SPINY 22 83
GOOMBA 22 89
FIRE 22 98
FIRE 23 98
FIRE 24 98
KILLERBLUME 25 32
SPINY 25 83
KILLERBLUME 30 61
FIRE 33 98
GOOMBA 34 63
FIRE 34 98
FIRE 35 98
GOOMBA 36 63
FIRE 36 98
GOOMBA 38 63
KILLERBLUME 40 20
FIRE 42 64
BRETT 1720 2080
FIRE 43 64
GOOMBA 44 42
FIRE 44 64
SPINY 45 32
GOOMBA 45 38
FIRE 45 64
FIRE 46 64
RESTART data/levels/grasslevels/grassland
START 0 267 3643 0
EXIT 0 149 983 data/levels/grasslevels/green1 0 0
START 1 0 0 0
EXIT 1 0 0 NONE 0 0
START 2 0 0 0
EXIT 2 0 0 NONE 0 0
START 3 0 0 0
EXIT 3 0 0 NONE 0 0
START 4 0 0 0
EXIT 4 0 0 NONE 0 0
BGCOLOR 2000030

MUSIC Overworld6.mid
BACKGROUND data/gfx/background/Canyon.jpg
