# Level for Mega Mario

TEXTURE data/gfx/tiles/ground/stone1.png
TEXTURE data/gfx/tiles/ground/bridge/bridgeTL.png
TEXTURE data/gfx/tiles/ground/bridge/bridgeTM.png
TEXTURE data/gfx/tiles/ground/bridge/bridgeTR.png
TEXTURE data/gfx/tiles/ground/bridge/bridgeML.png
TEXTURE data/gfx/tiles/ground/bridge/bridgeMR.png
TEXTURE data/gfx/tiles/ground/grass/grassTL.png
TEXTURE data/gfx/tiles/ground/grass/grassTL2.png
TEXTURE data/gfx/tiles/ground/grass/grassTM.png
TEXTURE data/gfx/tiles/ground/grass/grassTR.png
TEXTURE data/gfx/tiles/ground/grass/grassTR2.png
TEXTURE data/gfx/tiles/ground/grass/grassML.png
TEXTURE data/gfx/tiles/ground/grass/grassMM.png
TEXTURE data/gfx/tiles/ground/grass/grassMR.png
TEXTURE data/gfx/tiles/ground/grass/grassBL.png
TEXTURE data/gfx/tiles/ground/grass/grassBM.png
TEXTURE data/gfx/tiles/ground/grass/grassBR.png
TEXTURE data/gfx/tiles/ground/ice/iceTL.png
TEXTURE data/gfx/tiles/ground/ice/iceTM.png
TEXTURE data/gfx/tiles/ground/ice/iceTR.png
TEXTURE data/gfx/tiles/ground/ice/iceML.png
TEXTURE data/gfx/tiles/ground/ice/iceMM.png
TEXTURE data/gfx/tiles/ground/ice/iceGoomba.png
TEXTURE data/gfx/tiles/ground/ice/iceKoopa.png
TEXTURE data/gfx/tiles/ground/ice/iceMR.png
TEXTURE data/gfx/tiles/ground/ice/iceBL.png
TEXTURE data/gfx/tiles/ground/ice/iceBM.png
TEXTURE data/gfx/tiles/ground/ice/iceBR.png
TEXTURE data/gfx/tiles/ground/mush/mushgreenTL.png
TEXTURE data/gfx/tiles/ground/mush/mushgreenTL2.png
TEXTURE data/gfx/tiles/ground/mush/mushgreenTM.png
TEXTURE data/gfx/tiles/ground/mush/mushgreenTM2.png
TEXTURE data/gfx/tiles/ground/mush/mushgreenTR.png
TEXTURE data/gfx/tiles/ground/mush/mushgreenTR2.png
TEXTURE data/gfx/tiles/ground/mush/mushgreenML.png
TEXTURE data/gfx/tiles/ground/mush/mushgreenMM.png
TEXTURE data/gfx/tiles/ground/mush/mushgreenMLR.png
TEXTURE data/gfx/tiles/ground/mush/mushgreenMR.png
TEXTURE data/gfx/tiles/ground/mush/mushredTL.png
TEXTURE data/gfx/tiles/ground/mush/mushredTL2.png
TEXTURE data/gfx/tiles/ground/mush/mushredTM.png
TEXTURE data/gfx/tiles/ground/mush/mushredTM2.png
TEXTURE data/gfx/tiles/ground/mush/mushredTR.png
TEXTURE data/gfx/tiles/ground/mush/mushredTR2.png
TEXTURE data/gfx/tiles/ground/mush/mushredML.png
TEXTURE data/gfx/tiles/ground/mush/mushredMM.png
TEXTURE data/gfx/tiles/ground/mush/mushredMLR.png
TEXTURE data/gfx/tiles/ground/mush/mushredMR.png
TEXTURE data/gfx/tiles/ground/snow/snowTL.png
TEXTURE data/gfx/tiles/ground/snow/snowTM.png
TEXTURE data/gfx/tiles/ground/snow/snowTR.png
TEXTURE data/gfx/tiles/ground/snow/snowML.png
TEXTURE data/gfx/tiles/ground/snow/snowMM.png
TEXTURE data/gfx/tiles/ground/snow/snowMR.png
TEXTURE data/gfx/tiles/ground/snow/snowBL.png
TEXTURE data/gfx/tiles/ground/snow/snowBM.png
TEXTURE data/gfx/tiles/ground/snow/snowBR.png
TEXTURE data/gfx/tiles/pipes/up/1.png
TEXTURE data/gfx/tiles/pipes/up/2.png
TEXTURE data/gfx/tiles/pipes/up/3.png
TEXTURE data/gfx/tiles/pipes/up/4.png
TEXTURE data/gfx/tiles/pipes/down/1.png
TEXTURE data/gfx/tiles/pipes/down/2.png
TEXTURE data/gfx/tiles/pipes/down/3.png
TEXTURE data/gfx/tiles/pipes/down/4.png
TEXTURE data/gfx/tiles/pipes/right/1.png
TEXTURE data/gfx/tiles/pipes/right/2.png
TEXTURE data/gfx/tiles/pipes/right/3.png
TEXTURE data/gfx/tiles/pipes/right/4.png
TEXTURE data/gfx/tiles/pipes/left/1.png
TEXTURE data/gfx/tiles/pipes/left/2.png
TEXTURE data/gfx/tiles/pipes/left/3.png
TEXTURE data/gfx/tiles/pipes/left/4.png
::TILES-> BEGIN
1 88 9
1 89 13
1 90 13
1 91 13
1 92 13
1 93 13
1 94 13
1 95 13
1 96 13
1 97 13
1 98 13
1 99 13
2 88 9
2 89 13
2 90 13
2 91 13
2 92 13
2 93 13
2 94 13
2 95 13
2 96 13
2 97 13
2 98 13
2 99 13
3 88 10
3 89 14
3 90 14
3 91 14
3 92 14
3 93 14
3 94 14
3 95 14
3 96 13
3 97 13
3 98 13
3 99 13
4 94 66
4 95 67
4 96 9
4 97 13
4 98 13
4 99 13
5 96 9
5 97 13
5 98 13
5 99 13
6 96 9
6 97 13
6 98 13
6 99 13
7 96 9
7 97 13
7 98 13
7 99 13
8 96 9
8 97 13
8 98 13
8 99 13
9 95 2
9 96 10
9 97 14
9 98 14
9 99 14
10 95 3
11 95 3
12 95 3
13 95 3
14 95 4
14 96 7
14 97 12
14 98 12
14 99 12
15 96 9
15 97 13
15 98 13
15 99 13
16 96 9
16 97 13
16 98 13
16 99 13
17 96 9
17 97 13
17 98 13
17 99 13
18 96 9
18 97 13
18 98 13
18 99 13
19 96 9
19 97 13
19 98 13
19 99 13
20 96 9
20 97 13
20 98 13
20 99 13
21 96 9
21 97 13
21 98 13
21 99 13
22 91 7
22 92 12
22 93 12
22 94 12
22 95 12
22 96 13
22 97 13
22 98 13
22 99 13
23 91 9
23 92 13
23 93 13
23 94 13
23 95 13
23 96 13
23 97 13
23 98 13
23 99 13
24 91 9
24 92 13
24 93 13
24 94 13
24 95 13
24 96 13
24 97 13
24 98 13
24 99 13
25 91 9
25 92 13
25 93 13
25 94 13
25 95 13
25 96 13
25 97 13
25 98 13
25 99 13
26 91 9
26 92 13
26 93 13
26 94 13
26 95 13
26 96 13
26 97 13
26 98 13
26 99 13
27 91 10
27 92 14
27 93 14
27 94 14
27 95 14
27 96 14
27 97 14
27 98 14
27 99 14
30 91 7
30 92 12
30 93 12
30 94 12
30 95 12
30 96 12
30 97 12
30 98 12
30 99 12
31 91 9
31 92 13
31 93 13
31 94 13
31 95 13
31 96 13
31 97 13
31 98 13
31 99 13
32 91 9
32 92 13
32 93 13
32 94 13
32 95 13
32 96 13
32 97 13
32 98 13
32 99 13
33 91 9
33 92 13
33 93 13
33 94 13
33 95 13
33 96 13
33 97 13
33 98 13
33 99 13
34 91 10
34 92 14
34 93 14
34 94 14
34 95 14
34 96 13
34 97 13
34 98 13
34 99 13
35 96 9
35 97 13
35 98 13
35 99 13
36 93 1
36 96 9
36 97 13
36 98 13
36 99 13
37 96 9
37 97 13
37 98 13
37 99 13
38 96 9
38 97 13
38 98 13
38 99 13
39 96 9
39 97 13
39 98 13
39 99 13
40 96 9
40 97 13
40 98 13
40 99 13
41 96 9
41 97 13
41 98 13
41 99 13
42 94 7
42 95 12
42 96 13
42 97 13
42 98 13
42 99 13
43 94 9
43 95 13
43 96 13
43 97 13
43 98 13
43 99 13
44 94 9
44 95 13
44 96 13
44 97 13
44 98 13
44 99 13
45 91 7
45 92 12
45 93 12
45 94 14
45 95 14
45 96 14
45 97 14
45 98 13
45 99 13
46 91 9
46 92 13
46 93 16
46 98 9
46 99 13
47 91 9
47 92 13
47 93 16
47 98 9
47 99 13
48 91 10
48 92 14
48 93 17
48 98 9
48 99 13
49 91 1
49 98 9
49 99 13
50 98 9
50 99 13
51 98 9
51 99 13
52 93 1
52 98 9
52 99 13
53 98 9
53 99 13
54 98 9
54 99 13
55 95 1
55 98 9
55 99 13
56 98 9
56 99 13
57 91 7
57 92 12
57 93 15
57 98 9
57 99 13
58 91 9
58 92 13
58 93 16
58 98 9
58 99 13
59 91 9
59 92 13
59 93 16
59 98 9
59 99 13
60 91 9
60 92 13
60 93 13
60 94 12
60 95 12
60 96 12
60 97 12
60 98 13
60 99 13
61 91 9
61 92 13
61 93 13
61 94 13
61 95 13
61 96 13
61 97 13
61 98 13
61 99 13
62 91 9
62 92 13
62 93 13
62 94 13
62 95 13
62 96 13
62 97 13
62 98 13
62 99 13
63 91 9
63 92 13
63 93 13
63 94 13
63 95 13
63 96 13
63 97 13
63 98 13
63 99 13
64 91 10
64 92 14
64 93 14
64 94 14
64 95 14
64 96 14
64 97 14
64 98 14
64 99 14
66 87 7
66 88 12
66 89 12
66 90 12
66 91 12
66 92 12
66 93 12
66 94 12
66 95 12
66 96 12
66 97 12
66 98 12
66 99 12
67 87 9
67 88 13
67 89 13
67 90 13
67 91 13
67 92 13
67 93 13
67 94 13
67 95 13
67 96 13
67 97 13
67 98 13
67 99 13
68 85 59
68 86 61
68 87 9
68 88 13
68 89 13
68 90 13
68 91 13
68 92 13
68 93 13
68 94 13
68 95 13
68 96 13
68 97 13
68 98 13
68 99 13
69 85 58
69 86 60
69 87 9
69 88 13
69 89 13
69 90 13
69 91 13
69 92 13
69 93 13
69 94 13
69 95 13
69 96 13
69 97 13
69 98 13
69 99 13
70 87 9
70 88 13
70 89 13
70 90 13
70 91 13
70 92 13
70 93 13
70 94 13
70 95 13
70 96 13
70 97 13
70 98 13
70 99 13
71 85 59
71 86 61
71 87 9
71 88 13
71 89 13
71 90 13
71 91 13
71 92 13
71 93 13
71 94 13
71 95 13
71 96 13
71 97 13
71 98 13
71 99 13
72 85 58
72 86 60
72 87 9
72 88 13
72 89 13
72 90 13
72 91 13
72 92 13
72 93 13
72 94 13
72 95 13
72 96 13
72 97 13
72 98 13
72 99 13
73 87 10
73 88 14
73 89 14
73 90 14
73 91 14
73 92 14
73 93 14
73 94 14
73 95 13
73 96 13
73 97 13
73 98 13
73 99 13
74 95 9
74 96 13
74 97 13
74 98 13
74 99 13
75 95 9
75 96 13
75 97 13
75 98 13
75 99 13
76 87 7
76 88 12
76 89 12
76 90 12
76 91 12
76 92 12
76 93 12
76 94 12
76 95 13
76 96 13
76 97 13
76 98 13
76 99 13
77 87 10
77 88 14
77 89 14
77 90 13
77 91 13
77 92 13
77 93 13
77 94 13
77 95 13
77 96 13
77 97 13
77 98 13
77 99 13
78 90 9
78 91 13
78 92 13
78 93 13
78 94 13
78 95 13
78 96 13
78 97 13
78 98 13
78 99 13
79 90 9
79 91 13
79 92 13
79 93 13
79 94 13
79 95 13
79 96 13
79 97 13
79 98 13
79 99 13
80 90 9
80 91 13
80 92 13
80 93 13
80 94 13
80 95 13
80 96 13
80 97 13
80 98 13
80 99 13
81 84 1
81 85 1
81 86 1
81 87 1
81 90 9
81 91 13
81 92 13
81 93 13
81 94 13
81 95 13
81 96 13
81 97 13
81 98 13
81 99 13
82 84 1
82 90 9
82 91 13
82 92 13
82 93 13
82 94 13
82 95 13
82 96 13
82 97 13
82 98 13
82 99 13
83 84 1
83 90 9
83 91 13
83 92 13
83 93 13
83 94 13
83 95 13
83 96 13
83 97 13
83 98 13
83 99 13
84 84 7
84 85 12
84 86 12
84 87 12
84 88 12
84 89 12
84 90 13
84 91 13
84 92 13
84 93 13
84 94 13
84 95 13
84 96 13
84 97 13
84 98 13
84 99 13
85 82 2
85 83 5
85 84 10
85 85 14
85 86 14
85 87 14
85 88 14
85 89 14
85 90 14
85 91 14
85 92 14
85 93 14
85 94 14
85 95 14
85 96 14
85 97 14
85 98 14
85 99 14
86 82 3
87 82 3
88 82 3
89 82 3
90 82 3
91 82 3
92 82 3
93 82 3
94 82 3
95 82 4
95 83 6
95 84 7
95 85 12
95 86 12
95 87 12
95 88 12
95 89 12
95 90 12
95 91 12
95 92 12
95 93 12
95 94 12
95 95 12
95 96 12
95 97 12
95 98 12
95 99 12
96 84 9
96 85 13
96 86 13
96 87 13
96 88 13
96 89 13
96 90 13
96 91 13
96 92 13
96 93 13
96 94 13
96 95 13
96 96 13
96 97 13
96 98 13
96 99 13
97 84 9
97 85 13
97 86 13
97 87 13
97 88 13
97 89 13
97 90 13
97 91 13
97 92 13
97 93 13
97 94 13
97 95 13
97 96 13
97 97 13
97 98 13
97 99 13
98 84 9
98 85 13
98 86 13
98 87 13
98 88 13
98 89 13
98 90 13
98 91 13
98 92 13
98 93 13
98 94 13
98 95 13
98 96 13
98 97 13
98 98 13
98 99 13
99 84 9
99 85 13
99 86 13
99 87 13
99 88 13
99 89 13
99 90 13
99 91 13
99 92 13
99 93 13
99 94 13
99 95 13
99 96 13
99 97 13
99 98 13
99 99 13
100 84 9
100 85 13
100 86 13
100 87 13
100 88 13
100 89 13
100 90 13
100 91 13
100 92 13
100 93 13
100 94 13
100 95 13
100 96 13
100 97 13
100 98 13
100 99 13
101 84 10
101 85 14
101 86 14
101 87 13
101 88 13
101 89 13
101 90 13
101 91 13
101 92 13
101 93 13
101 94 13
101 95 13
101 96 13
101 97 13
101 98 13
101 99 13
102 87 9
102 88 13
102 89 13
102 90 13
102 91 13
102 92 13
102 93 13
102 94 13
102 95 13
102 96 13
102 97 13
102 98 13
102 99 13
103 87 9
103 88 13
103 89 13
103 90 13
103 91 13
103 92 13
103 93 13
103 94 13
103 95 13
103 96 13
103 97 13
103 98 13
103 99 13
104 87 10
104 88 14
104 89 14
104 90 13
104 91 13
104 92 13
104 93 13
104 94 13
104 95 13
104 96 13
104 97 13
104 98 13
104 99 13
105 90 9
105 91 13
105 92 13
105 93 13
105 94 13
105 95 13
105 96 13
105 97 13
105 98 13
105 99 13
106 90 9
106 91 13
106 92 13
106 93 13
106 94 13
106 95 13
106 96 13
106 97 13
106 98 13
106 99 13
107 90 10
107 91 14
107 92 14
107 93 13
107 94 13
107 95 13
107 96 13
107 97 13
107 98 13
107 99 13
108 93 9
108 94 13
108 95 13
108 96 13
108 97 13
108 98 13
108 99 13
109 93 9
109 94 13
109 95 13
109 96 13
109 97 13
109 98 13
109 99 13
110 93 10
110 94 14
110 95 14
110 96 13
110 97 13
110 98 13
110 99 13
111 96 9
111 97 13
111 98 13
111 99 13
112 96 9
112 97 13
112 98 13
112 99 13
113 96 9
113 97 13
113 98 13
113 99 13
114 96 9
114 97 13
114 98 13
114 99 13
115 96 9
115 97 13
115 98 13
115 99 13
116 96 9
116 97 13
116 98 13
116 99 13
117 96 9
117 97 13
117 98 13
117 99 13
118 96 9
118 97 13
118 98 13
118 99 13
119 75 7
119 76 12
119 77 12
119 78 12
119 79 12
119 80 12
119 81 12
119 82 12
119 83 12
119 84 12
119 85 12
119 86 12
119 87 12
119 88 12
119 89 12
119 90 12
119 91 12
119 92 12
119 93 15
119 94 70
119 95 71
119 96 9
119 97 13
119 98 13
119 99 13
120 75 9
120 76 13
120 77 13
120 78 13
120 79 13
120 80 13
120 81 13
120 82 13
120 83 13
120 84 13
120 85 13
120 86 13
120 87 13
120 88 13
120 89 13
120 90 13
120 91 13
120 92 13
120 93 13
120 94 12
120 95 12
120 96 13
120 97 13
120 98 13
120 99 13
121 75 9
121 76 13
121 77 13
121 78 13
121 79 13
121 80 13
121 81 13
121 82 13
121 83 13
121 84 13
121 85 13
121 86 13
121 87 13
121 88 13
121 89 13
121 90 13
121 91 13
121 92 13
121 93 13
121 94 13
121 95 13
121 96 13
121 97 13
121 98 13
121 99 13
122 75 9
122 76 13
122 77 13
122 78 13
122 79 13
122 80 13
122 81 13
122 82 13
122 83 13
122 84 13
122 85 13
122 86 13
122 87 13
122 88 13
122 89 13
122 90 13
122 91 13
122 92 13
122 93 13
122 94 13
122 95 13
122 96 13
122 97 13
122 98 13
122 99 13
123 75 9
123 76 13
123 77 13
123 78 13
123 79 13
123 80 13
123 81 13
123 82 13
123 83 13
123 84 13
123 85 13
123 86 13
123 87 13
123 88 13
123 89 13
123 90 13
123 91 13
123 92 13
123 93 13
123 94 13
123 95 13
123 96 13
123 97 13
123 98 13
123 99 13
124 75 9
124 76 13
124 77 13
124 78 13
124 79 13
124 80 13
124 81 13
124 82 13
124 83 13
124 84 13
124 85 13
124 86 13
124 87 13
124 88 13
124 89 13
124 90 13
124 91 13
124 92 13
124 93 13
124 94 13
124 95 13
124 96 13
124 97 13
124 98 13
124 99 13
125 75 9
125 76 13
125 77 13
125 78 13
125 79 13
125 80 13
125 81 13
125 82 13
125 83 13
125 84 13
125 85 13
125 86 13
125 87 13
125 88 13
125 89 13
125 90 13
125 91 13
125 92 13
125 93 13
125 94 13
125 95 13
125 96 13
125 97 13
125 98 13
125 99 13
126 75 9
126 76 13
126 77 13
126 78 13
126 79 13
126 80 13
126 81 13
126 82 13
126 83 13
126 84 13
126 85 13
126 86 13
126 87 13
126 88 13
126 89 13
126 90 13
126 91 13
126 92 13
126 93 13
126 94 13
126 95 13
126 96 13
126 97 13
126 98 13
126 99 13
127 75 9
127 76 13
127 77 13
127 78 13
127 79 13
127 80 13
127 81 13
127 82 13
127 83 13
127 84 13
127 85 13
127 86 13
127 87 13
127 88 13
127 89 13
127 90 13
127 91 13
127 92 13
127 93 13
127 94 13
127 95 13
127 96 13
127 97 13
127 98 13
127 99 13
128 75 9
128 76 13
128 77 13
128 78 13
128 79 13
128 80 13
128 81 13
128 82 13
128 83 13
128 84 13
128 85 13
128 86 13
128 87 13
128 88 13
128 89 13
128 90 13
128 91 13
128 92 13
128 93 13
128 94 13
128 95 13
128 96 13
128 97 13
128 98 13
128 99 13
129 75 9
129 76 13
129 77 13
129 78 13
129 79 13
129 80 13
129 81 13
129 82 13
129 83 13
129 84 13
129 85 13
129 86 13
129 87 13
129 88 13
129 89 13
129 90 13
129 91 13
129 92 13
129 93 13
129 94 13
129 95 13
129 96 13
129 97 13
129 98 13
129 99 13
130 75 9
130 76 13
130 77 13
130 78 13
130 79 13
130 80 13
130 81 13
130 82 13
130 83 13
130 84 13
130 85 13
130 86 13
130 87 13
130 88 13
130 89 13
130 90 13
130 91 13
130 92 13
130 93 13
130 94 13
130 95 13
130 96 13
130 97 13
130 98 13
130 99 13
131 75 9
131 76 13
131 77 13
131 78 13
131 79 13
131 80 13
131 81 13
131 82 13
131 83 13
131 84 13
131 85 13
131 86 13
131 87 13
131 88 13
131 89 13
131 90 13
131 91 13
131 92 13
131 93 13
131 94 13
131 95 13
131 96 13
131 97 13
131 98 13
131 99 13
132 75 9
132 76 13
132 77 13
132 78 13
132 79 13
132 80 13
132 81 13
132 82 13
132 83 13
132 84 13
132 85 13
132 86 13
132 87 13
132 88 13
132 89 13
132 90 13
132 91 13
132 92 13
132 93 13
132 94 13
132 95 13
132 96 13
132 97 13
132 98 13
132 99 13
133 75 10
133 76 14
133 77 14
133 78 14
133 79 14
133 80 14
133 81 14
133 82 14
133 83 14
133 84 14
133 85 14
133 86 14
133 87 14
133 88 14
133 89 14
133 90 14
133 91 14
133 92 14
133 93 14
133 94 14
133 95 14
133 96 14
133 97 14
133 98 14
133 99 14
::TILES-> END
::BONUS-> BEGIN
19 93 2
47 95 2
59 87 16
60 87 16
61 87 16
62 87 16
75 91 15
82 87 1
83 87 1
90 78 15
104 84 16
107 87 16
110 90 16
::BONUS-> END
::COIN-> BEGIN
27 88
28 87
29 87
30 88
82 85
82 86
83 85
83 86
89 78
90 77
90 79
91 78
112 94
113 94
114 94
115 93
115 94
115 95
116 94
::COIN-> END
GOOMBA 39 95
TURTLE 52 96
KILLERBLUME 71 84
GOOMBA 82 89
SPINY 103 86
RESTART data/levels/grasslevels/green2
START 0 203 3764 0
EXIT 0 4750 3795 data/levels/8/main 0 1
START 1 0 0 0
EXIT 1 0 0 NONE 0 0
START 2 0 0 0
EXIT 2 0 0 NONE 0 0
START 3 0 0 0
EXIT 3 0 0 NONE 0 0
START 4 0 0 0
EXIT 4 0 0 NONE 0 0
BGCOLOR 1

MUSIC Overworld1.mid

