# Level for Mega Mario

TEXTURE data/gfx/tiles/ground/stone1.png
TEXTURE data/gfx/tiles/ground/bridge/bridgeTL.png
TEXTURE data/gfx/tiles/ground/bridge/bridgeTM.png
TEXTURE data/gfx/tiles/ground/bridge/bridgeTR.png
TEXTURE data/gfx/tiles/ground/bridge/bridgeML.png
TEXTURE data/gfx/tiles/ground/bridge/bridgeMR.png
TEXTURE data/gfx/tiles/ground/grass/grassTL.png
TEXTURE data/gfx/tiles/ground/grass/grassTL2.png
TEXTURE data/gfx/tiles/ground/grass/grassTM.png
TEXTURE data/gfx/tiles/ground/grass/grassTR.png
TEXTURE data/gfx/tiles/ground/grass/grassTR2.png
TEXTURE data/gfx/tiles/ground/grass/grassML.png
TEXTURE data/gfx/tiles/ground/grass/grassMM.png
TEXTURE data/gfx/tiles/ground/grass/grassMR.png
TEXTURE data/gfx/tiles/ground/grass/grassBL.png
TEXTURE data/gfx/tiles/ground/grass/grassBM.png
TEXTURE data/gfx/tiles/ground/grass/grassBR.png
TEXTURE data/gfx/tiles/ground/ice/iceTL.png
TEXTURE data/gfx/tiles/ground/ice/iceTM.png
TEXTURE data/gfx/tiles/ground/ice/iceTR.png
TEXTURE data/gfx/tiles/ground/ice/iceML.png
TEXTURE data/gfx/tiles/ground/ice/iceMM.png
TEXTURE data/gfx/tiles/ground/ice/iceGoomba.png
TEXTURE data/gfx/tiles/ground/ice/iceKoopa.png
TEXTURE data/gfx/tiles/ground/ice/iceMR.png
TEXTURE data/gfx/tiles/ground/ice/iceBL.png
TEXTURE data/gfx/tiles/ground/ice/iceBM.png
TEXTURE data/gfx/tiles/ground/ice/iceBR.png
TEXTURE data/gfx/tiles/ground/mush/mushgreenTL.png
TEXTURE data/gfx/tiles/ground/mush/mushgreenTL2.png
TEXTURE data/gfx/tiles/ground/mush/mushgreenTM.png
TEXTURE data/gfx/tiles/ground/mush/mushgreenTM2.png
TEXTURE data/gfx/tiles/ground/mush/mushgreenTR.png
TEXTURE data/gfx/tiles/ground/mush/mushgreenTR2.png
TEXTURE data/gfx/tiles/ground/mush/mushgreenML.png
TEXTURE data/gfx/tiles/ground/mush/mushgreenMM.png
TEXTURE data/gfx/tiles/ground/mush/mushgreenMLR.png
TEXTURE data/gfx/tiles/ground/mush/mushgreenMR.png
TEXTURE data/gfx/tiles/ground/mush/mushredTL.png
TEXTURE data/gfx/tiles/ground/mush/mushredTL2.png
TEXTURE data/gfx/tiles/ground/mush/mushredTM.png
TEXTURE data/gfx/tiles/ground/mush/mushredTM2.png
TEXTURE data/gfx/tiles/ground/mush/mushredTR.png
TEXTURE data/gfx/tiles/ground/mush/mushredTR2.png
TEXTURE data/gfx/tiles/ground/mush/mushredML.png
TEXTURE data/gfx/tiles/ground/mush/mushredMM.png
TEXTURE data/gfx/tiles/ground/mush/mushredMLR.png
TEXTURE data/gfx/tiles/ground/mush/mushredMR.png
TEXTURE data/gfx/tiles/ground/snow/snowTL.png
TEXTURE data/gfx/tiles/ground/snow/snowTM.png
TEXTURE data/gfx/tiles/ground/snow/snowTR.png
TEXTURE data/gfx/tiles/ground/snow/snowML.png
TEXTURE data/gfx/tiles/ground/snow/snowMM.png
TEXTURE data/gfx/tiles/ground/snow/snowMR.png
TEXTURE data/gfx/tiles/ground/snow/snowBL.png
TEXTURE data/gfx/tiles/ground/snow/snowBM.png
TEXTURE data/gfx/tiles/ground/snow/snowBR.png
TEXTURE data/gfx/tiles/pipes/up/1.png
TEXTURE data/gfx/tiles/pipes/up/2.png
TEXTURE data/gfx/tiles/pipes/up/3.png
TEXTURE data/gfx/tiles/pipes/up/4.png
TEXTURE data/gfx/tiles/pipes/down/1.png
TEXTURE data/gfx/tiles/pipes/down/2.png
TEXTURE data/gfx/tiles/pipes/down/3.png
TEXTURE data/gfx/tiles/pipes/down/4.png
TEXTURE data/gfx/tiles/pipes/right/1.png
TEXTURE data/gfx/tiles/pipes/right/2.png
TEXTURE data/gfx/tiles/pipes/right/3.png
TEXTURE data/gfx/tiles/pipes/right/4.png
TEXTURE data/gfx/tiles/pipes/left/1.png
TEXTURE data/gfx/tiles/pipes/left/2.png
TEXTURE data/gfx/tiles/pipes/left/3.png
TEXTURE data/gfx/tiles/pipes/left/4.png
::TILES-> BEGIN
1 75 9
1 76 13
1 77 13
1 78 13
1 79 13
1 80 13
1 81 13
1 82 13
1 83 13
1 84 13
1 85 13
1 86 9
1 87 13
1 88 13
1 89 13
1 90 13
1 91 13
1 92 13
1 93 13
1 94 13
1 95 13
1 96 13
1 97 13
1 98 13
1 99 13
2 75 10
2 76 14
2 77 14
2 78 14
2 79 14
2 80 14
2 81 14
2 82 14
2 83 14
2 84 14
2 85 14
2 86 9
2 87 13
2 88 13
2 89 13
2 90 13
2 91 13
2 92 13
2 93 13
2 94 13
2 95 13
2 96 13
2 97 13
2 98 13
2 99 13
3 86 9
3 87 13
3 88 13
3 89 13
3 90 13
3 91 13
3 92 13
3 93 13
3 94 13
3 95 13
3 96 13
3 97 13
3 98 13
3 99 13
4 86 9
4 87 13
4 88 13
4 89 13
4 90 13
4 91 13
4 92 13
4 93 13
4 94 13
4 95 13
4 96 13
4 97 13
4 98 13
4 99 13
5 86 9
5 87 13
5 88 13
5 89 13
5 90 13
5 91 13
5 92 13
5 93 13
5 94 13
5 95 13
5 96 13
5 97 13
5 98 13
5 99 13
6 86 9
6 87 13
6 88 13
6 89 13
6 90 13
6 91 13
6 92 13
6 93 13
6 94 13
6 95 13
6 96 14
6 97 14
6 98 13
6 99 13
7 84 1
7 85 1
7 86 10
7 87 14
7 88 14
7 89 14
7 90 14
7 91 14
7 92 14
7 93 14
7 94 14
7 95 17
7 96 66
7 97 67
7 98 9
7 99 13
8 98 9
8 99 13
9 98 9
9 99 13
10 98 9
10 99 13
11 98 9
11 99 13
12 98 9
12 99 13
13 94 7
13 95 12
13 96 12
13 97 12
13 98 13
13 99 13
14 94 9
14 95 13
14 96 13
14 97 13
14 98 13
14 99 13
15 94 9
15 95 13
15 96 13
15 97 13
15 98 13
15 99 13
16 94 9
16 95 13
16 96 13
16 97 13
16 98 13
16 99 13
17 94 9
17 95 13
17 96 13
17 97 13
17 98 13
17 99 13
18 92 7
18 93 12
18 94 13
18 95 13
18 96 13
18 97 13
18 98 13
18 99 13
19 92 10
19 93 14
19 94 14
19 95 14
19 96 14
19 97 14
19 98 14
19 99 13
20 99 9
21 84 59
21 85 61
21 86 7
21 87 15
21 99 9
22 84 58
22 85 60
22 86 9
22 87 16
22 93 7
22 94 15
22 99 9
23 86 9
23 87 16
23 93 9
23 94 16
23 99 9
24 86 9
24 87 16
24 93 9
24 94 16
24 99 9
25 86 9
25 87 16
25 93 9
25 94 16
25 99 9
26 86 9
26 87 13
26 88 12
26 89 12
26 90 12
26 91 12
26 92 12
26 93 13
26 94 16
26 99 9
27 86 9
27 87 13
27 88 13
27 89 13
27 90 13
27 91 13
27 92 13
27 93 13
27 94 16
27 99 9
28 86 9
28 87 13
28 88 13
28 89 13
28 90 13
28 91 13
28 92 13
28 93 13
28 94 16
28 99 9
29 85 2
29 86 10
29 87 14
29 88 14
29 89 14
29 90 14
29 91 14
29 92 14
29 93 14
29 94 17
29 99 9
30 85 3
30 99 10
31 85 3
32 85 3
33 85 3
33 95 7
33 96 12
33 97 12
33 98 12
33 99 12
34 85 3
34 95 9
34 96 13
34 97 13
34 98 13
34 99 13
35 85 3
35 95 9
35 96 13
35 97 13
35 98 13
35 99 13
36 85 3
36 95 9
36 96 13
36 97 13
36 98 13
36 99 13
37 85 3
37 93 1
37 94 1
37 95 9
37 96 13
37 97 13
37 98 13
37 99 13
38 85 4
38 86 6
38 87 6
38 88 7
38 89 15
38 95 9
38 96 13
38 97 13
38 98 13
38 99 13
39 88 9
39 89 16
39 95 9
39 96 13
39 97 13
39 98 13
39 99 13
40 88 9
40 89 16
40 95 9
40 96 13
40 97 13
40 98 13
40 99 13
41 88 9
41 89 16
41 95 9
41 96 13
41 97 13
41 98 13
41 99 13
42 88 10
42 89 17
42 95 9
42 96 13
42 97 13
42 98 13
42 99 13
43 95 9
43 96 13
43 97 13
43 98 13
43 99 13
44 94 7
44 95 13
44 96 13
44 97 13
44 98 13
44 99 13
45 93 7
45 94 13
45 95 13
45 96 13
45 97 13
45 98 13
45 99 13
46 92 7
46 93 13
46 94 13
46 95 13
46 96 13
46 97 13
46 98 13
46 99 13
47 91 7
47 92 13
47 93 13
47 94 13
47 95 13
47 96 13
47 97 13
47 98 13
47 99 13
48 90 7
48 91 13
48 92 13
48 93 13
48 94 13
48 95 13
48 96 13
48 97 13
48 98 13
48 99 13
49 90 9
49 91 13
49 92 13
49 93 13
49 94 13
49 95 13
49 96 13
49 97 13
49 98 13
49 99 13
50 90 9
50 91 13
50 92 13
50 93 13
50 94 13
50 95 13
50 96 13
50 97 13
50 98 13
50 99 13
51 90 9
51 91 13
51 92 13
51 93 13
51 94 13
51 95 13
51 96 13
51 97 13
51 98 13
51 99 13
52 88 59
52 89 61
52 90 9
52 91 13
52 92 13
52 93 13
52 94 13
52 95 13
52 96 13
52 97 13
52 98 13
52 99 13
53 88 58
53 89 60
53 90 9
53 91 13
53 92 13
53 93 13
53 94 13
53 95 13
53 96 13
53 97 13
53 98 13
53 99 13
54 89 2
54 90 10
54 91 14
54 92 14
54 93 14
54 94 14
54 95 14
54 96 14
54 97 14
54 98 14
54 99 14
55 89 3
56 89 3
57 89 3
58 89 3
59 89 4
59 90 6
59 91 6
59 92 6
59 93 6
59 94 6
59 95 6
59 96 6
59 97 6
59 98 6
59 99 6
62 91 2
62 92 5
62 93 5
62 94 5
62 95 5
62 96 5
62 97 5
62 98 5
62 99 5
63 91 3
64 91 3
65 91 3
66 91 3
67 91 3
68 91 4
68 92 6
68 93 6
68 94 6
68 95 6
68 96 6
68 97 6
68 98 6
68 99 6
71 87 2
71 88 5
71 89 5
71 90 5
71 91 5
71 92 5
71 93 5
71 94 5
71 95 5
71 96 5
71 97 5
71 98 5
71 99 5
72 87 3
73 87 3
74 87 3
75 87 3
76 87 3
77 86 7
77 87 12
77 88 12
77 89 12
77 90 12
77 91 12
77 92 12
77 93 12
77 94 12
77 95 12
77 96 12
77 97 12
77 98 12
77 99 12
78 86 9
78 87 13
78 88 13
78 89 13
78 90 13
78 91 13
78 92 13
78 93 13
78 94 13
78 95 13
78 96 13
78 97 13
78 98 13
78 99 13
79 86 9
79 87 13
79 88 13
79 89 13
79 90 13
79 91 13
79 92 13
79 93 13
79 94 13
79 95 13
79 96 13
79 97 13
79 98 13
79 99 13
80 86 9
80 87 13
80 88 13
80 89 13
80 90 13
80 91 13
80 92 13
80 93 13
80 94 13
80 95 13
80 96 13
80 97 13
80 98 13
80 99 13
81 86 9
81 87 13
81 88 13
81 89 13
81 90 13
81 91 13
81 92 13
81 93 13
81 94 13
81 95 13
81 96 13
81 97 13
81 98 13
81 99 13
82 86 10
82 87 14
82 88 14
82 89 13
82 90 13
82 91 13
82 92 13
82 93 13
82 94 13
82 95 13
82 96 13
82 97 13
82 98 13
82 99 13
83 89 9
83 90 13
83 91 13
83 92 13
83 93 13
83 94 13
83 95 13
83 96 13
83 97 13
83 98 13
83 99 13
84 89 9
84 90 13
84 91 13
84 92 13
84 93 13
84 94 13
84 95 13
84 96 13
84 97 13
84 98 13
84 99 13
85 89 9
85 90 13
85 91 13
85 92 13
85 93 13
85 94 13
85 95 13
85 96 13
85 97 13
85 98 13
85 99 13
86 89 9
86 90 13
86 91 13
86 92 13
86 93 13
86 94 13
86 95 13
86 96 13
86 97 13
86 98 13
86 99 13
87 89 9
87 90 13
87 91 13
87 92 13
87 93 13
87 94 13
87 95 13
87 96 13
87 97 13
87 98 13
87 99 13
88 88 1
88 89 10
88 90 14
88 91 14
88 92 14
88 93 14
88 94 14
88 95 14
88 96 14
88 97 13
88 98 13
88 99 13
89 97 9
89 98 13
89 99 13
90 97 9
90 98 13
90 99 13
91 89 1
91 90 7
91 91 12
91 92 15
91 97 9
91 98 13
91 99 13
92 90 9
92 91 13
92 92 16
92 97 9
92 98 13
92 99 13
93 90 9
93 91 13
93 92 16
93 97 9
93 98 13
93 99 13
94 90 9
94 91 13
94 92 16
94 96 59
94 97 9
94 98 13
94 99 13
95 90 9
95 91 13
95 92 16
95 96 58
95 97 9
95 98 13
95 99 13
96 71 7
96 72 12
96 73 12
96 74 12
96 75 12
96 76 12
96 77 12
96 78 12
96 79 12
96 80 12
96 81 12
96 82 12
96 83 12
96 84 12
96 85 15
96 90 9
96 91 13
96 92 16
96 97 9
96 98 13
96 99 13
97 71 9
97 72 13
97 73 13
97 74 13
97 75 13
97 76 13
97 77 13
97 78 13
97 79 13
97 80 13
97 81 13
97 82 13
97 83 13
97 84 13
97 85 16
97 90 9
97 91 13
97 92 16
97 96 59
97 97 9
97 98 13
97 99 13
98 71 10
98 72 14
98 73 14
98 74 14
98 75 14
98 76 14
98 77 14
98 78 13
98 79 13
98 80 13
98 81 13
98 82 13
98 83 14
98 84 14
98 85 17
98 90 9
98 91 13
98 92 16
98 96 58
98 97 9
98 98 13
98 99 13
99 78 9
99 79 13
99 80 13
99 81 13
99 82 16
99 90 9
99 91 13
99 92 16
99 97 9
99 98 13
99 99 13
100 75 59
100 76 61
100 77 61
100 78 9
100 79 13
100 80 13
100 81 13
100 82 16
100 90 9
100 91 13
100 92 16
100 96 59
100 97 9
100 98 13
100 99 13
101 75 58
101 76 60
101 77 60
101 78 9
101 79 13
101 80 13
101 81 13
101 82 16
101 87 7
101 88 12
101 89 12
101 90 13
101 91 13
101 92 16
101 96 58
101 97 9
101 98 13
101 99 13
102 78 9
102 79 13
102 80 13
102 81 13
102 82 16
102 87 9
102 88 13
102 89 13
102 90 13
102 91 13
102 92 16
102 97 9
102 98 13
102 99 13
103 78 9
103 79 13
103 80 13
103 81 13
103 82 16
103 86 1
103 87 9
103 88 13
103 89 13
103 90 14
103 91 14
103 92 17
103 97 9
103 98 13
103 99 13
104 78 9
104 79 13
104 80 13
104 81 13
104 82 16
104 87 9
104 88 13
104 89 16
104 96 1
104 97 9
104 98 13
104 99 13
105 78 9
105 79 13
105 80 13
105 81 13
105 82 16
105 87 9
105 88 13
105 89 16
105 96 1
105 97 9
105 98 13
105 99 13
106 78 9
106 79 13
106 80 13
106 81 13
106 82 16
106 87 9
106 88 13
106 89 16
106 95 1
106 96 1
106 97 9
106 98 13
106 99 13
107 78 9
107 79 13
107 80 13
107 81 13
107 82 16
107 87 9
107 88 13
107 89 16
107 94 1
107 95 1
107 96 1
107 97 9
107 98 13
107 99 13
108 78 9
108 79 13
108 80 13
108 81 13
108 82 16
108 87 9
108 88 13
108 89 16
108 92 1
108 93 1
108 94 1
108 95 1
108 96 1
108 97 9
108 98 13
108 99 13
109 77 1
109 78 10
109 79 14
109 80 14
109 81 14
109 82 17
109 87 9
109 88 13
109 89 16
109 93 7
109 94 12
109 95 12
109 96 12
109 97 13
109 98 13
109 99 13
110 87 9
110 88 13
110 89 16
110 93 9
110 94 13
110 95 13
110 96 13
110 97 13
110 98 13
110 99 13
111 87 9
111 88 13
111 89 16
111 93 9
111 94 13
111 95 13
111 96 13
111 97 13
111 98 13
111 99 13
112 86 1
112 87 10
112 88 14
112 89 17
112 93 9
112 94 13
112 95 13
112 96 13
112 97 13
112 98 13
112 99 13
113 93 9
113 94 13
113 95 13
113 96 13
113 97 13
113 98 13
113 99 13
114 93 9
114 94 13
114 95 13
114 96 13
114 97 13
114 98 13
114 99 13
115 93 9
115 94 13
115 95 13
115 96 13
115 97 13
115 98 13
115 99 13
116 86 1
116 87 7
116 88 12
116 89 15
116 93 9
116 94 13
116 95 13
116 96 13
116 97 13
116 98 13
116 99 13
117 87 9
117 88 13
117 89 16
117 93 9
117 94 13
117 95 13
117 96 13
117 97 13
117 98 13
117 99 13
118 87 9
118 88 13
118 89 16
118 93 9
118 94 13
118 95 13
118 96 13
118 97 13
118 98 13
118 99 13
119 77 1
119 78 7
119 79 12
119 80 12
119 81 12
119 82 15
119 87 9
119 88 13
119 89 16
119 93 9
119 94 13
119 95 13
119 96 13
119 97 13
119 98 13
119 99 13
120 78 9
120 79 13
120 80 13
120 81 13
120 82 16
120 87 9
120 88 13
120 89 16
120 93 9
120 94 13
120 95 13
120 96 13
120 97 13
120 98 13
120 99 13
121 68 7
121 69 12
121 70 15
121 78 9
121 79 13
121 80 13
121 81 13
121 82 16
121 87 10
121 88 14
121 89 17
121 92 1
121 93 9
121 94 13
121 95 13
121 96 13
121 97 13
121 98 13
121 99 13
122 68 9
122 69 13
122 70 16
122 78 9
122 79 13
122 80 13
122 81 13
122 82 16
122 92 1
122 93 9
122 94 13
122 95 13
122 96 13
122 97 13
122 98 13
122 99 13
123 68 9
123 69 13
123 70 16
123 78 9
123 79 13
123 80 13
123 81 13
123 82 16
123 91 1
123 92 1
123 93 9
123 94 13
123 95 13
123 96 13
123 97 13
123 98 13
123 99 13
124 68 9
124 69 13
124 70 16
124 78 10
124 79 14
124 80 14
124 81 14
124 82 17
124 89 1
124 90 1
124 91 1
124 92 1
124 93 9
124 94 13
124 95 13
124 96 13
124 97 13
124 98 13
124 99 13
125 68 9
125 69 13
125 70 16
125 87 7
125 88 12
125 89 12
125 90 12
125 91 12
125 92 12
125 93 13
125 94 13
125 95 13
125 96 13
125 97 13
125 98 13
125 99 13
126 68 9
126 69 13
126 70 16
126 87 9
126 88 13
126 89 13
126 90 13
126 91 13
126 92 13
126 93 13
126 94 13
126 95 13
126 96 13
126 97 13
126 98 13
126 99 13
127 68 9
127 69 13
127 70 16
127 87 9
127 88 13
127 89 13
127 90 13
127 91 13
127 92 13
127 93 13
127 94 13
127 95 13
127 96 13
127 97 13
127 98 13
127 99 13
128 68 9
128 69 13
128 70 13
128 71 12
128 72 15
128 87 9
128 88 13
128 89 13
128 90 13
128 91 13
128 92 13
128 93 13
128 94 13
128 95 13
128 96 13
128 97 13
128 98 13
128 99 13
129 68 9
129 69 13
129 70 13
129 71 13
129 72 16
129 78 7
129 79 12
129 80 12
129 81 12
129 82 12
129 83 12
129 84 12
129 85 12
129 86 12
129 87 13
129 88 13
129 89 13
129 90 13
129 91 13
129 92 13
129 93 13
129 94 13
129 95 13
129 96 13
129 97 13
129 98 13
129 99 13
130 68 9
130 69 13
130 70 13
130 71 13
130 72 16
130 78 9
130 79 13
130 80 13
130 81 13
130 82 13
130 83 13
130 84 13
130 85 13
130 86 13
130 87 13
130 88 13
130 89 13
130 90 13
130 91 13
130 92 13
130 93 13
130 94 13
130 95 13
130 96 13
130 97 13
130 98 13
130 99 13
131 68 9
131 69 13
131 70 13
131 71 13
131 72 16
131 78 9
131 79 13
131 80 13
131 81 13
131 82 13
131 83 13
131 84 13
131 85 13
131 86 13
131 87 13
131 88 13
131 89 13
131 90 13
131 91 13
131 92 13
131 93 13
131 94 13
131 95 13
131 96 13
131 97 13
131 98 13
131 99 13
132 68 9
132 69 13
132 70 13
132 71 13
132 72 16
132 76 59
132 77 61
132 78 9
132 79 13
132 80 13
132 81 13
132 82 13
132 83 13
132 84 13
132 85 13
132 86 13
132 87 13
132 88 13
132 89 13
132 90 13
132 91 13
132 92 13
132 93 13
132 94 13
132 95 13
132 96 13
132 97 13
132 98 13
132 99 13
133 68 9
133 69 13
133 70 13
133 71 13
133 72 16
133 76 58
133 77 60
133 78 9
133 79 13
133 80 13
133 81 13
133 82 13
133 83 13
133 84 13
133 85 13
133 86 13
133 87 13
133 88 13
133 89 13
133 90 13
133 91 13
133 92 13
133 93 13
133 94 13
133 95 13
133 96 13
133 97 13
133 98 13
133 99 13
134 68 9
134 69 13
134 70 13
134 71 13
134 72 16
134 78 9
134 79 13
134 80 13
134 81 13
134 82 13
134 83 13
134 84 13
134 85 13
134 86 13
134 87 13
134 88 13
134 89 13
134 90 13
134 91 13
134 92 13
134 93 13
134 94 13
134 95 13
134 96 13
134 97 13
134 98 13
134 99 13
135 68 9
135 69 13
135 70 13
135 71 13
135 72 13
135 73 12
135 74 12
135 75 12
135 76 12
135 77 12
135 78 13
135 79 13
135 80 13
135 81 13
135 82 13
135 83 13
135 84 13
135 85 13
135 86 13
135 87 13
135 88 13
135 89 13
135 90 13
135 91 13
135 92 13
135 93 13
135 94 13
135 95 13
135 96 13
135 97 13
135 98 13
135 99 13
136 68 9
136 69 13
136 70 13
136 71 13
136 72 13
136 73 13
136 74 13
136 75 13
136 76 13
136 77 13
136 78 13
136 79 13
136 80 13
136 81 13
136 82 13
136 83 13
136 84 13
136 85 13
136 86 13
136 87 13
136 88 13
136 89 13
136 90 13
136 91 13
136 92 13
136 93 13
136 94 13
136 95 13
136 96 13
136 97 13
136 98 13
136 99 13
137 68 9
137 69 13
137 70 13
137 71 13
137 72 13
137 73 13
137 74 13
137 75 13
137 76 13
137 77 13
137 78 13
137 79 13
137 80 13
137 81 13
137 82 13
137 83 13
137 84 13
137 85 13
137 86 13
137 87 13
137 88 13
137 89 13
137 90 13
137 91 13
137 92 13
137 93 13
137 94 13
137 95 13
137 96 13
137 97 13
137 98 13
137 99 13
138 68 9
138 69 13
138 70 13
138 71 13
138 72 13
138 73 13
138 74 13
138 75 13
138 76 13
138 77 13
138 78 13
138 79 13
138 80 13
138 81 13
138 82 13
138 83 13
138 84 13
138 85 13
138 86 13
138 87 13
138 88 13
138 89 13
138 90 13
138 91 13
138 92 13
138 93 13
138 94 13
138 95 13
138 96 13
138 97 13
138 98 13
138 99 13
139 68 10
139 69 14
139 70 14
139 71 14
139 72 14
139 73 14
139 74 14
139 75 14
139 76 14
139 77 14
139 78 14
139 79 14
139 80 14
139 81 14
139 82 14
139 83 14
139 84 14
139 85 14
139 86 14
139 87 14
139 88 14
139 89 14
139 90 14
139 91 14
139 92 14
139 93 14
139 94 14
139 95 14
139 96 14
139 97 14
139 98 14
139 99 14
149 81 68
149 82 69
149 87 31
150 81 68
150 82 69
150 87 31
151 81 68
151 82 69
151 87 31
152 81 68
152 82 69
152 87 31
153 81 68
153 82 69
153 87 31
154 81 68
154 82 69
154 87 31
155 81 68
155 82 69
155 87 31
156 81 68
156 82 69
156 87 31
157 81 68
157 82 69
157 87 31
158 81 68
158 82 69
158 87 31
159 81 68
159 82 69
159 87 31
160 81 68
160 82 69
160 87 31
161 81 68
161 82 69
161 87 31
162 81 68
162 82 69
162 87 31
163 81 68
163 82 69
163 87 31
164 81 68
164 82 69
164 87 31
165 81 66
165 82 67
165 87 31
166 87 31
167 87 31
168 87 31
169 87 31
170 87 31
171 86 1
171 87 31
172 87 31
173 87 31
174 87 31
175 87 31
176 87 31
177 87 31
178 87 31
179 87 31
180 87 31
181 87 31
182 87 31
183 87 31
184 87 31
185 87 31
186 87 31
187 87 31
188 87 31
189 87 33
::TILES-> END
::BONUS-> BEGIN
3 81 15
20 92 1
21 92 1
25 90 2
30 87 15
65 86 2
79 82 16
80 82 3
81 82 16
100 71 16
101 71 16
163 56 15
163 57 15
163 58 15
163 59 15
163 60 15
163 61 15
163 62 15
163 63 15
163 64 15
163 65 15
163 66 15
163 67 15
163 68 15
163 69 15
163 70 15
163 71 15
163 72 15
163 73 15
163 74 15
163 75 15
163 76 15
163 77 15
163 78 15
163 79 15
163 80 15
163 83 15
163 84 15
163 85 15
163 86 15
166 83 1
167 83 1
::BONUS-> END
::COIN-> BEGIN
21 76
21 77
21 78
21 79
21 80
21 96
21 97
22 76
22 77
22 78
22 79
22 80
22 96
22 97
40 85
40 86
41 85
41 86
42 85
42 86
63 88
64 87
65 88
66 87
67 88
91 94
92 94
93 94
94 94
95 94
96 66
96 94
97 67
97 94
98 66
98 94
99 94
100 94
101 94
102 94
103 94
112 73
112 83
113 73
113 82
114 73
114 82
115 73
115 82
116 73
116 83
134 73
134 74
134 75
134 76
134 77
::COIN-> END
SPINY 5 85
GOOMBA 19 91
KILLERBLUME 21 83
TURTLE 23 91
KILLERBLUME 52 87
GOOMBA 53 86
GOOMBA 83 34
GOOMBA 85 88
KILLERBLUME 94 95
KILLERBLUME 97 95
TURTLE 98 88
KILLERBLUME 100 95
GOOMBA 105 77
TURTLE 109 85
GOOMBA 113 92
SPINY 115 92
GOOMBA 117 92
BRETT 5000 3120
KILLERBLUME 132 75
RESTART data/levels/grasslevels/green1
START 0 319 3843 2
EXIT 0 4031 2980 data/levels/grasslevels/green1 4 0
START 1 308 3842 2
EXIT 1 0 0 NONE 0 0
START 2 308 3841 2
EXIT 2 0 0 NONE 0 0
START 3 309 3842 2
EXIT 3 0 0 NONE 0 0
START 4 6640 3240 2
EXIT 4 0 0 NONE 0 0
BGCOLOR 1

CASTLE 6837 3120 0 data/levels/grasslevels/iceland 0
MUSIC groove6.mid
#if you want a big static background:
#BACKGROUND data/gfx/background/VH.jpg

