# Level for Mega Mario

TEXTURE data/gfx/tiles/ground/ice/iceTL.png
TEXTURE data/gfx/tiles/ground/ice/iceTM.png
TEXTURE data/gfx/tiles/ground/ice/iceTR.png
TEXTURE data/gfx/tiles/ground/ice/iceML.png
TEXTURE data/gfx/tiles/ground/ice/iceMM.png
TEXTURE data/gfx/tiles/ground/ice/iceMR.png
TEXTURE data/gfx/tiles/ground/ice/iceBL.png
TEXTURE data/gfx/tiles/ground/ice/iceBM.png
TEXTURE data/gfx/tiles/ground/ice/iceBR.png
TEXTURE data/gfx/tiles/ground/ice/icegoomba.png
TEXTURE data/gfx/tiles/ground/snow/snowTL.png
TEXTURE data/gfx/tiles/ground/snow/snowTM.png
TEXTURE data/gfx/tiles/ground/snow/snowTR.png
TEXTURE data/gfx/tiles/ground/snow/snowML.png
TEXTURE data/gfx/tiles/ground/snow/snowMM.png
TEXTURE data/gfx/tiles/ground/ice/iceKoopa.png
TEXTURE data/gfx/tiles/ground/snow/snowMR.png
TEXTURE data/gfx/tiles/ground/snow/snowBL.png
TEXTURE data/gfx/tiles/ground/snow/snowBM.png
TEXTURE data/gfx/tiles/ground/snow/snowBR.png
TEXTURE data/gfx/tiles/pipes/up/1.png
TEXTURE data/gfx/tiles/pipes/up/2.png
TEXTURE data/gfx/tiles/pipes/up/3.png
TEXTURE data/gfx/tiles/pipes/up/4.png
TEXTURE data/gfx/tiles/ground/bridge/bridgeTL.png
TEXTURE data/gfx/tiles/ground/bridge/bridgeTM.png
TEXTURE data/gfx/tiles/ground/bridge/bridgeTR.png
TEXTURE data/gfx/tiles/ground/bridge/bridgeML.png
TEXTURE data/gfx/tiles/ground/bridge/bridgeMR.png
TEXTURE data/gfx/background/cloud1.png
TEXTURE data/gfx/tiles/pipes/down/1.png
TEXTURE data/gfx/tiles/pipes/down/2.png
TEXTURE data/gfx/tiles/pipes/down/3.png
TEXTURE data/gfx/tiles/pipes/down/4.png
::TILES-> BEGIN
21 49 5
21 50 5
21 51 5
21 52 5
21 53 5
21 54 5
21 55 5
21 56 5
21 57 5
21 58 5
21 59 5
21 60 5
21 61 5
21 62 5
21 63 5
21 64 5
21 65 5
21 66 5
21 67 5
21 68 5
22 49 5
22 50 5
22 51 5
22 52 5
22 53 5
22 54 5
22 55 5
22 56 5
22 57 5
22 58 5
22 59 5
22 60 5
22 61 5
22 62 5
22 63 5
22 64 5
22 65 5
22 66 5
22 67 5
22 68 5
23 29 5
23 30 5
23 31 5
23 32 5
23 33 5
23 34 5
23 35 5
23 36 5
23 37 5
23 38 5
23 39 5
23 40 5
23 41 5
23 42 5
23 43 5
23 44 5
23 45 5
23 46 5
23 47 5
23 48 5
23 49 5
23 50 5
23 51 5
23 52 5
23 53 5
23 54 5
23 55 5
23 56 5
23 57 5
23 58 5
23 59 5
23 60 5
23 61 5
23 62 5
23 63 5
23 64 5
23 65 5
23 66 5
23 67 5
23 68 5
24 29 5
24 30 5
24 31 5
24 32 5
24 33 5
24 34 5
24 35 5
24 36 5
24 37 5
24 38 5
24 39 5
24 40 5
24 41 5
24 42 5
24 43 5
24 44 5
24 45 5
24 46 5
24 47 5
24 48 5
24 49 5
24 50 5
24 51 5
24 52 5
24 53 5
24 54 5
24 55 5
24 56 5
24 57 5
24 58 5
24 59 5
24 60 5
24 61 5
24 62 5
24 63 5
24 64 5
24 65 5
24 66 5
24 67 5
24 68 5
25 29 5
25 30 5
25 31 5
25 32 5
25 33 5
25 34 5
25 35 5
25 36 5
25 37 5
25 38 5
25 39 5
25 40 5
25 41 5
25 42 5
25 43 5
25 44 5
25 45 5
25 46 5
25 47 5
25 48 5
25 49 5
25 50 5
25 51 5
25 52 5
25 53 5
25 54 5
25 55 5
25 56 5
25 57 5
25 58 5
25 59 5
25 60 5
25 61 5
25 62 5
25 63 5
25 64 5
25 65 5
25 66 5
25 67 5
25 68 5
26 29 5
26 30 5
26 31 5
26 32 5
26 33 5
26 34 5
26 35 5
26 36 5
26 37 5
26 38 5
26 39 5
26 40 5
26 41 5
26 42 5
26 43 5
26 44 5
26 45 5
26 46 5
26 47 5
26 48 5
26 49 5
26 50 5
26 51 5
26 52 5
26 53 5
26 54 5
26 55 5
26 56 5
26 57 5
26 58 5
26 59 5
26 60 5
26 61 5
26 62 5
26 63 5
26 64 5
26 65 5
26 66 5
26 67 5
26 68 5
27 29 5
27 30 5
27 31 5
27 32 5
27 33 5
27 34 5
27 35 5
27 36 5
27 37 5
27 38 5
27 39 5
27 40 5
27 41 5
27 42 5
27 43 5
27 44 5
27 45 5
27 46 5
27 47 5
27 48 5
27 49 5
27 50 5
27 51 5
27 52 5
27 53 5
27 54 5
27 55 5
27 56 5
27 57 5
27 58 5
27 59 5
27 60 5
27 61 5
27 62 5
27 63 5
27 64 5
27 65 5
27 66 5
27 67 5
27 68 5
28 29 5
28 30 5
28 31 5
28 32 5
28 33 5
28 34 5
28 35 5
28 36 5
28 37 5
28 38 5
28 39 5
28 40 5
28 41 5
28 42 5
28 43 5
28 44 5
28 45 5
28 46 5
28 47 5
28 48 5
28 49 5
28 50 5
28 51 5
28 52 5
28 53 5
28 54 5
28 55 5
28 56 5
28 57 5
28 58 5
28 59 5
28 60 5
28 61 5
28 62 5
28 63 5
28 64 5
28 65 5
28 66 5
28 67 5
28 68 5
29 29 5
29 30 5
29 31 5
29 32 5
29 33 5
29 34 5
29 35 5
29 36 5
29 37 5
29 38 5
29 39 5
29 40 5
29 41 5
29 42 5
29 43 5
29 44 5
29 45 5
29 46 5
29 47 5
29 48 5
29 49 5
29 50 5
29 51 5
29 52 5
29 53 5
29 54 5
29 55 5
29 56 5
29 57 5
29 58 5
29 59 5
29 60 5
29 61 5
29 62 5
29 63 5
29 64 5
29 65 5
29 66 5
29 67 5
29 68 5
30 29 5
30 30 5
30 31 5
30 32 5
30 33 5
30 34 5
30 35 5
30 36 5
30 37 5
30 38 5
30 39 5
30 40 5
30 41 5
30 42 5
30 43 5
30 44 5
30 45 5
30 46 5
30 47 5
30 48 5
30 49 5
30 50 5
30 51 5
30 52 5
30 53 5
30 54 5
30 55 5
30 56 5
30 57 5
30 58 5
30 59 5
30 60 5
30 61 5
30 62 5
30 63 5
30 64 5
30 65 5
30 66 5
30 67 5
30 68 5
31 29 5
31 30 5
31 31 5
31 32 5
31 33 5
31 34 5
31 35 5
31 36 5
31 37 5
31 38 5
31 39 5
31 40 5
31 41 5
31 42 5
31 43 5
31 44 5
31 45 5
31 46 5
31 47 5
31 48 5
31 49 5
31 50 5
31 51 5
31 52 5
31 53 5
31 54 5
31 55 5
31 56 5
31 57 5
31 58 5
31 59 5
31 60 5
31 61 5
31 62 5
31 63 5
31 64 5
31 65 5
31 66 5
31 67 5
31 68 5
32 24 5
32 25 5
32 26 5
32 27 5
32 28 5
32 29 5
32 30 5
32 31 5
32 32 5
32 33 5
32 34 5
32 35 5
32 36 5
32 37 5
32 38 5
32 39 5
32 40 5
32 41 5
32 42 5
32 43 5
32 44 5
32 45 5
32 46 5
32 47 5
32 48 5
32 49 5
32 50 5
32 51 5
32 52 5
32 53 5
32 54 5
32 55 5
32 56 5
32 57 5
32 58 5
32 59 5
32 60 5
32 61 5
32 62 5
32 63 5
32 64 5
32 65 5
32 66 5
32 67 5
32 68 5
33 24 5
33 25 5
33 26 5
33 27 5
33 28 5
33 29 5
33 30 5
33 31 5
33 32 5
33 33 5
33 34 5
33 35 5
33 36 5
33 37 5
33 38 5
33 39 5
33 40 5
33 41 5
33 42 5
33 43 5
33 44 5
33 45 5
33 46 5
33 47 5
33 48 5
33 49 5
33 50 5
33 51 5
33 52 5
33 53 5
33 54 5
33 55 5
33 56 5
33 57 5
33 58 5
33 59 5
33 60 5
33 61 5
33 62 5
33 63 5
33 64 5
33 65 5
33 66 5
33 67 5
33 68 5
34 24 5
34 25 5
34 26 5
34 27 5
34 28 5
34 29 5
34 30 5
34 31 5
34 32 5
34 33 5
34 34 5
34 35 5
34 36 5
34 37 5
34 38 5
34 39 5
34 40 5
34 41 5
34 42 5
34 43 5
34 44 5
34 45 5
34 46 5
34 47 5
34 48 5
34 49 5
34 50 5
34 51 5
34 52 5
34 53 5
34 54 5
34 55 5
34 56 5
34 57 5
34 58 5
34 59 5
34 60 5
34 61 5
34 62 5
34 63 5
34 64 5
34 65 5
34 66 5
34 67 5
34 68 5
35 24 5
35 25 5
35 26 5
35 27 5
35 28 5
35 29 5
35 30 5
35 31 5
35 32 5
35 33 5
35 34 5
35 35 5
35 36 5
35 37 5
35 38 5
35 39 5
35 40 5
35 41 5
35 42 5
35 43 5
35 44 5
35 45 5
35 46 5
35 47 5
35 48 5
35 49 5
35 50 5
35 51 5
35 52 5
35 53 5
35 54 5
35 55 5
35 56 5
35 57 5
35 58 5
35 59 5
35 60 5
35 61 5
35 62 5
35 63 5
35 64 5
35 65 5
35 66 5
35 67 5
35 68 5
36 24 5
36 25 5
36 26 5
36 27 5
36 28 5
36 29 5
36 30 5
36 31 5
36 32 5
36 33 5
36 34 5
36 35 5
36 36 5
36 37 5
36 38 5
36 39 5
36 40 5
36 41 5
36 42 5
36 43 5
36 44 5
36 45 5
36 46 5
36 47 5
36 48 5
36 49 5
36 50 5
36 51 5
36 52 5
36 53 5
36 54 5
36 55 5
36 56 5
36 57 5
36 58 5
36 59 5
36 60 5
36 61 5
36 62 5
36 63 5
36 64 5
36 65 5
36 66 5
36 67 5
36 68 5
37 24 5
37 25 5
37 26 5
37 27 5
37 28 5
37 29 5
37 30 5
37 31 5
37 32 5
37 33 5
37 34 5
37 35 5
37 36 5
37 37 5
37 38 5
37 39 5
37 40 5
37 41 5
37 42 5
37 43 5
37 44 5
37 45 5
37 46 5
37 47 5
37 48 5
37 49 5
37 50 5
37 51 5
37 52 5
37 53 5
37 54 5
37 55 5
37 56 5
37 57 5
37 58 5
37 59 5
37 60 5
37 61 5
37 62 5
37 63 5
37 64 5
37 65 5
37 66 5
37 67 5
37 68 5
38 24 5
38 25 5
38 26 5
38 27 5
38 28 5
38 29 5
38 30 5
38 31 5
38 32 5
38 33 5
38 34 5
38 35 5
38 36 5
38 37 5
38 38 5
38 39 5
38 40 5
38 41 5
38 42 5
38 43 5
38 44 5
38 45 5
38 46 5
38 47 5
38 48 5
38 49 5
38 50 5
38 51 5
38 52 5
38 53 5
38 54 5
38 55 5
38 56 5
38 57 5
38 58 5
38 59 5
38 60 5
38 61 5
38 62 5
38 63 5
38 64 5
38 65 5
38 66 5
38 67 5
38 68 5
39 24 5
39 25 5
39 26 5
39 27 5
39 28 5
39 29 5
39 30 5
39 31 5
39 32 5
39 33 5
39 34 5
39 35 5
39 36 5
39 37 5
39 38 5
39 39 5
39 40 5
39 41 5
39 42 5
39 43 5
39 44 5
39 45 5
39 46 5
39 47 5
39 48 5
39 49 5
39 50 5
39 51 5
39 52 5
39 53 5
39 54 5
39 55 5
39 56 5
39 57 5
39 58 5
39 59 5
39 60 5
39 61 5
39 62 5
39 63 5
39 64 5
39 65 5
39 66 5
39 67 5
39 68 5
39 69 5
39 70 5
39 71 5
39 72 5
39 73 5
39 74 5
39 75 5
39 76 5
40 24 5
40 25 5
40 26 5
40 27 5
40 28 5
40 29 5
40 30 5
40 31 5
40 32 5
40 33 5
40 34 5
40 35 5
40 36 5
40 37 5
40 38 5
40 39 5
40 40 5
40 41 5
40 42 5
40 43 5
40 44 5
40 45 5
40 46 5
40 47 5
40 48 5
40 49 5
40 50 5
40 51 5
40 52 5
40 53 5
40 54 5
40 55 5
40 56 5
40 57 5
40 58 5
40 59 5
40 60 5
40 61 5
40 62 5
40 63 5
40 64 5
40 65 5
40 66 5
40 67 5
40 68 5
40 69 5
40 70 5
40 71 5
40 72 5
40 73 5
40 74 5
40 75 5
40 76 5
41 24 5
41 25 5
41 26 5
41 27 5
41 28 5
41 29 5
41 30 5
41 31 5
41 32 5
41 33 5
41 34 5
41 35 5
41 36 5
41 37 5
41 38 5
41 39 5
41 40 5
41 41 5
41 42 5
41 43 5
41 44 5
41 45 5
41 46 5
41 47 5
41 48 5
41 49 5
41 50 6
41 51 6
41 52 6
41 53 6
41 54 6
41 55 5
41 56 5
41 57 5
41 58 5
41 59 5
41 60 5
41 61 5
41 62 5
41 63 5
41 64 5
41 65 5
41 66 5
41 67 5
41 68 5
41 69 5
41 70 5
41 71 5
41 72 5
41 73 5
41 74 5
41 75 5
41 76 5
42 24 5
42 25 5
42 26 5
42 27 5
42 28 5
42 29 5
42 30 5
42 31 5
42 32 5
42 33 5
42 34 5
42 35 5
42 36 5
42 37 5
42 38 5
42 39 5
42 40 5
42 41 5
42 42 5
42 43 5
42 44 5
42 45 5
42 46 5
42 47 5
42 48 5
42 49 8
42 55 2
42 56 5
42 57 5
42 58 5
42 59 5
42 60 5
42 61 5
42 62 5
42 63 5
42 64 5
42 65 5
42 66 5
42 67 5
42 68 5
42 69 5
42 70 5
42 71 5
42 72 5
42 73 5
42 74 5
42 75 5
43 24 5
43 25 5
43 26 5
43 27 5
43 28 5
43 29 5
43 30 5
43 31 5
43 32 5
43 33 5
43 34 5
43 35 5
43 36 5
43 37 5
43 38 5
43 39 5
43 40 5
43 41 5
43 42 5
43 43 5
43 44 5
43 45 5
43 46 5
43 47 5
43 48 5
43 49 8
43 54 22
43 55 24
43 56 24
43 57 24
43 58 24
43 59 24
43 60 24
43 61 24
43 62 24
43 63 24
43 64 24
43 65 24
43 66 24
43 67 24
44 24 5
44 25 5
44 26 5
44 27 5
44 28 5
44 29 5
44 30 5
44 31 5
44 32 5
44 33 5
44 34 5
44 35 5
44 36 5
44 37 5
44 38 5
44 39 5
44 40 5
44 41 5
44 42 5
44 43 5
44 44 5
44 45 5
44 46 5
44 47 5
44 48 5
44 49 8
44 54 21
44 55 23
44 56 23
44 57 23
44 58 23
44 59 23
44 60 23
44 61 23
44 62 23
44 63 23
44 64 23
44 65 23
44 66 23
44 67 23
44 68 23
45 20 5
45 21 5
45 22 5
45 23 5
45 24 5
45 25 5
45 26 5
45 27 5
45 28 5
45 29 5
45 30 5
45 31 5
45 32 5
45 33 5
45 34 5
45 35 5
45 36 5
45 37 5
45 38 5
45 39 5
45 40 5
45 41 5
45 42 5
45 43 5
45 44 5
45 45 5
45 46 5
45 47 5
45 48 5
45 49 8
45 55 2
45 56 5
45 57 5
45 58 5
45 59 5
45 60 5
45 61 5
45 62 5
45 63 5
45 64 5
45 65 5
45 66 5
45 67 5
45 68 5
45 69 5
45 70 5
45 71 5
45 72 5
45 73 5
45 74 5
46 26 5
46 27 5
46 28 5
46 29 5
46 30 5
46 31 5
46 32 5
46 33 5
46 34 5
46 35 5
46 36 5
46 37 5
46 38 5
46 39 5
46 40 5
46 41 5
46 42 5
46 43 5
46 44 5
46 45 5
46 46 5
46 47 5
46 48 5
46 49 8
46 54 22
46 55 24
46 56 24
46 57 24
46 58 24
46 59 24
46 60 24
46 61 24
46 62 24
46 63 24
46 64 24
46 65 24
46 66 24
47 29 5
47 30 5
47 31 5
47 32 5
47 33 5
47 34 5
47 35 5
47 36 5
47 37 5
47 38 5
47 39 5
47 40 5
47 41 5
47 42 5
47 43 5
47 44 5
47 45 5
47 46 5
47 47 5
47 48 5
47 49 8
47 54 21
47 55 23
47 56 23
47 57 23
47 58 23
47 59 23
47 60 23
47 61 23
47 62 23
47 63 23
47 64 23
47 65 23
47 66 23
47 67 23
48 29 5
48 30 5
48 31 5
48 32 5
48 33 5
48 34 5
48 35 5
48 36 5
48 37 5
48 38 5
48 39 5
48 40 5
48 41 5
48 42 5
48 43 5
48 44 5
48 45 5
48 46 5
48 47 5
48 48 5
48 49 8
48 55 2
48 56 5
48 57 5
48 58 5
48 59 5
48 60 5
48 61 5
48 62 5
48 63 5
48 64 5
48 65 5
48 66 5
48 67 5
48 68 5
48 69 5
48 70 5
48 71 5
48 72 5
48 73 5
48 74 5
49 33 6
49 34 6
49 35 6
49 36 6
49 37 6
49 38 6
49 39 6
49 40 6
49 41 6
49 42 6
49 43 6
49 44 6
49 45 6
49 46 6
49 47 6
49 48 6
49 49 9
49 54 22
49 55 24
49 56 24
49 57 24
49 58 24
49 59 24
49 60 24
49 61 24
49 62 24
49 63 24
49 64 24
49 65 24
49 66 24
49 67 24
50 54 21
50 55 23
50 56 23
50 57 23
50 58 23
50 59 23
50 60 23
50 61 23
50 62 23
50 63 23
50 64 23
50 65 23
50 66 23
51 33 33
51 34 33
51 35 33
51 36 33
51 37 33
51 38 33
51 39 33
51 40 33
51 41 33
51 42 33
51 43 33
51 44 33
51 45 33
51 46 33
51 47 33
51 48 33
51 49 31
51 55 2
51 56 5
51 57 5
51 58 5
51 59 5
51 60 5
51 61 5
51 62 5
51 63 5
51 64 5
51 65 5
51 66 5
51 67 5
51 68 5
51 69 5
51 70 5
51 71 5
51 72 5
51 73 5
51 74 5
52 36 34
52 37 34
52 38 34
52 39 34
52 40 34
52 41 34
52 42 34
52 43 34
52 44 34
52 45 34
52 46 34
52 47 34
52 48 34
52 49 32
52 54 22
52 55 24
52 56 24
52 57 24
52 58 24
52 59 24
52 60 24
52 61 24
52 62 24
52 63 24
52 64 24
52 65 24
52 66 24
52 67 24
53 54 21
53 55 23
53 56 23
53 57 23
53 58 23
53 59 23
53 60 23
53 61 23
53 62 23
53 63 23
53 64 23
53 65 23
53 66 23
53 67 23
54 27 4
54 28 4
54 29 4
54 30 4
54 31 4
54 32 4
54 33 4
54 34 4
54 35 4
54 36 4
54 37 4
54 38 4
54 39 4
54 40 4
54 41 4
54 42 4
54 43 4
54 44 4
54 45 4
54 46 4
54 47 4
54 48 4
54 49 7
54 55 2
54 56 5
54 57 5
54 58 5
54 59 5
54 60 5
54 61 5
54 62 5
54 63 5
54 64 5
54 65 5
54 66 5
54 67 5
54 68 5
54 69 5
54 70 5
54 71 5
54 72 5
54 73 5
54 74 5
55 28 5
55 29 5
55 30 5
55 31 5
55 32 5
55 33 5
55 34 5
55 35 5
55 36 5
55 37 5
55 38 5
55 39 5
55 40 5
55 41 5
55 42 5
55 43 5
55 44 5
55 45 5
55 46 5
55 47 5
55 48 5
55 49 8
55 54 22
55 55 24
55 56 24
55 57 24
55 58 24
55 59 24
55 60 24
55 61 24
55 62 24
55 63 24
55 64 24
55 65 24
55 66 24
55 67 24
55 68 24
56 28 5
56 29 5
56 30 5
56 31 5
56 32 5
56 33 5
56 34 5
56 35 5
56 36 5
56 37 5
56 38 5
56 39 5
56 40 5
56 41 5
56 42 5
56 43 5
56 44 5
56 45 5
56 46 5
56 47 5
56 48 5
56 49 8
56 54 21
56 55 23
56 56 23
56 57 23
56 58 23
56 59 23
56 60 23
56 61 23
56 62 23
56 63 23
56 64 23
56 65 23
56 66 23
57 28 5
57 29 5
57 30 5
57 31 5
57 32 5
57 33 5
57 34 5
57 35 5
57 36 5
57 37 5
57 38 5
57 39 5
57 40 5
57 41 5
57 42 5
57 43 5
57 44 5
57 45 5
57 46 5
57 47 5
57 48 5
57 49 8
57 55 2
57 56 5
57 57 5
57 58 5
57 59 5
57 60 5
57 61 5
57 62 5
57 63 5
57 64 5
57 65 5
57 66 5
57 67 5
57 68 5
57 69 5
57 70 5
57 71 5
57 72 5
57 73 5
57 74 5
58 24 5
58 25 5
58 26 5
58 27 5
58 28 5
58 29 5
58 30 5
58 31 5
58 32 5
58 33 5
58 34 5
58 35 5
58 36 5
58 37 5
58 38 5
58 39 5
58 40 5
58 41 5
58 42 5
58 43 5
58 44 5
58 45 5
58 46 5
58 47 5
58 48 5
58 49 8
58 54 22
58 55 24
58 56 24
58 57 24
58 58 24
58 59 24
58 60 24
58 61 24
58 62 24
58 63 24
58 64 24
58 65 24
58 66 24
58 67 24
58 68 24
59 24 5
59 25 5
59 26 5
59 27 5
59 28 5
59 29 5
59 30 5
59 31 5
59 32 5
59 33 5
59 34 5
59 35 5
59 36 5
59 37 5
59 38 5
59 39 5
59 40 5
59 41 5
59 42 5
59 43 5
59 44 5
59 45 5
59 46 5
59 47 5
59 48 5
59 49 8
59 54 21
59 55 23
59 56 23
59 57 23
59 58 23
59 59 23
59 60 23
59 61 23
59 62 23
59 63 23
59 64 23
59 65 23
59 66 23
59 67 23
60 24 5
60 25 5
60 26 5
60 27 5
60 28 5
60 29 5
60 30 5
60 31 5
60 32 5
60 33 5
60 34 5
60 35 5
60 36 5
60 37 5
60 38 5
60 39 5
60 40 5
60 41 5
60 42 5
60 43 5
60 44 5
60 45 5
60 46 5
60 47 5
60 48 5
60 49 8
60 55 2
60 56 5
60 57 5
60 58 5
60 59 5
60 60 5
60 61 5
60 62 5
60 63 5
60 64 5
60 65 5
60 66 5
60 67 5
60 68 5
60 69 5
60 70 5
60 71 5
60 72 5
60 73 5
60 74 5
61 24 5
61 25 5
61 26 5
61 27 5
61 28 5
61 29 5
61 30 5
61 31 5
61 32 5
61 33 5
61 34 5
61 35 5
61 36 5
61 37 5
61 38 5
61 39 5
61 40 5
61 41 5
61 42 5
61 43 5
61 44 5
61 45 5
61 46 5
61 47 5
61 48 5
61 49 8
61 54 22
61 55 24
61 56 24
61 57 24
61 58 24
61 59 24
61 60 24
61 61 24
61 62 24
61 63 24
61 64 24
61 65 24
61 66 24
61 67 24
61 68 24
61 69 24
62 24 5
62 25 5
62 26 5
62 27 5
62 28 5
62 29 5
62 30 5
62 31 5
62 32 5
62 33 5
62 34 5
62 35 5
62 36 5
62 37 5
62 38 5
62 39 5
62 40 5
62 41 5
62 42 5
62 43 5
62 44 5
62 45 5
62 46 5
62 47 5
62 48 5
62 49 8
62 54 21
62 55 23
62 56 23
62 57 23
62 58 23
62 59 23
62 60 23
62 61 23
62 62 23
62 63 23
62 64 23
62 65 23
62 66 23
62 67 23
62 68 23
63 24 5
63 25 5
63 26 5
63 27 5
63 28 5
63 29 5
63 30 5
63 31 5
63 32 5
63 33 5
63 34 5
63 35 5
63 36 5
63 37 5
63 38 5
63 39 5
63 40 5
63 41 5
63 42 5
63 43 5
63 44 5
63 45 5
63 46 5
63 47 5
63 48 5
63 49 8
63 55 2
63 56 5
63 57 5
63 58 5
63 59 5
63 60 5
63 61 5
63 62 5
63 63 5
63 64 5
63 65 5
63 66 5
63 67 5
63 68 5
63 69 5
63 70 5
63 71 5
63 72 5
63 73 5
63 74 5
64 24 5
64 25 5
64 26 5
64 27 5
64 28 5
64 29 5
64 30 5
64 31 5
64 32 5
64 33 5
64 34 5
64 35 5
64 36 5
64 37 5
64 38 5
64 39 5
64 40 5
64 41 5
64 42 5
64 43 5
64 44 5
64 45 5
64 46 5
64 47 5
64 48 5
64 49 8
64 55 2
64 56 5
64 57 5
64 58 5
64 59 5
64 60 5
64 61 5
64 62 5
64 63 5
64 64 5
64 65 5
64 66 5
64 67 5
64 68 5
64 69 5
64 70 5
64 71 5
64 72 5
64 73 5
64 74 5
65 24 5
65 25 5
65 26 5
65 27 5
65 28 5
65 29 5
65 30 5
65 31 5
65 32 5
65 33 5
65 34 5
65 35 5
65 36 5
65 37 5
65 38 5
65 39 5
65 40 5
65 41 5
65 42 5
65 43 5
65 44 5
65 45 5
65 46 5
65 47 5
65 48 5
65 49 5
65 50 4
65 51 4
65 52 4
65 53 4
65 54 4
65 55 5
65 56 5
65 57 5
65 58 5
65 59 5
65 60 5
65 61 5
65 62 5
65 63 5
65 64 5
65 65 5
65 66 5
65 67 5
65 68 5
65 69 5
65 70 5
65 71 5
65 72 5
65 73 5
65 74 5
66 24 5
66 25 5
66 26 5
66 27 5
66 28 5
66 29 5
66 30 5
66 31 5
66 32 5
66 33 5
66 34 5
66 35 5
66 36 5
66 37 5
66 38 5
66 39 5
66 40 5
66 41 5
66 42 5
66 43 5
66 44 5
66 45 5
66 46 5
66 47 5
66 48 5
66 49 5
66 50 5
66 51 5
66 52 5
66 53 5
66 54 5
66 55 5
66 56 5
66 57 5
66 58 5
66 59 5
66 60 5
66 61 5
66 62 5
66 63 5
66 64 5
66 65 5
66 66 5
66 67 5
66 68 5
66 69 5
66 70 5
66 71 5
66 72 5
66 73 5
66 74 5
67 24 5
67 25 5
67 26 5
67 27 5
67 28 5
67 29 5
67 30 5
67 31 5
67 32 5
67 33 5
67 34 5
67 35 5
67 36 5
67 37 5
67 38 5
67 39 5
67 40 5
67 41 5
67 42 5
67 43 5
67 44 5
67 45 5
67 46 5
67 47 5
67 48 5
67 49 5
67 50 5
67 51 5
67 52 5
67 53 5
67 54 5
67 55 5
67 56 5
67 57 5
67 58 5
67 59 5
67 60 5
67 61 5
67 62 5
67 63 5
67 64 5
67 65 5
67 66 5
67 67 5
67 68 5
67 69 5
67 70 5
67 71 5
67 72 5
67 73 5
67 74 5
68 24 5
68 25 5
68 26 5
68 27 5
68 28 5
68 29 5
68 30 5
68 31 5
68 32 5
68 33 5
68 34 5
68 35 5
68 36 5
68 37 5
68 38 5
68 39 5
68 40 5
68 41 5
68 42 5
68 43 5
68 44 5
68 45 5
68 46 5
68 47 5
68 48 5
68 49 5
68 50 5
68 51 5
68 52 5
68 53 5
68 54 5
68 55 5
68 56 5
68 57 5
68 58 5
68 59 5
68 60 5
68 61 5
68 62 5
68 63 5
68 64 5
68 65 5
68 66 5
68 67 5
68 68 5
68 69 5
68 70 5
68 71 5
68 72 5
68 73 5
68 74 5
69 24 5
69 25 5
69 26 5
69 27 5
69 28 5
69 29 5
69 30 5
69 31 5
69 32 5
69 33 5
69 34 5
69 35 5
69 36 5
69 37 5
69 38 5
69 39 5
69 40 5
69 41 5
69 42 5
69 43 5
69 44 5
69 45 5
69 46 5
69 47 5
69 48 5
69 49 5
69 50 5
69 51 5
69 52 5
69 53 5
69 54 5
69 55 5
69 56 5
69 57 5
69 58 5
69 59 5
69 60 5
69 61 5
69 62 5
69 63 5
69 64 5
69 65 5
69 66 5
70 24 5
70 25 5
70 26 5
70 27 5
70 28 5
70 29 5
70 30 5
70 31 5
70 32 5
70 33 5
70 34 5
70 35 5
70 36 5
70 37 5
70 38 5
70 39 5
70 40 5
70 41 5
70 42 5
70 43 5
70 44 5
70 45 5
70 46 5
70 47 5
70 48 5
70 49 5
70 50 5
70 51 5
70 52 5
70 53 5
70 54 5
70 55 5
70 56 5
70 57 5
70 58 5
70 59 5
70 60 5
70 61 5
70 62 5
70 63 5
70 64 5
70 65 5
70 66 5
71 24 5
71 25 5
71 26 5
71 27 5
71 28 5
71 29 5
71 30 5
71 31 5
71 32 5
71 33 5
71 34 5
71 35 5
71 36 5
71 37 5
71 38 5
71 39 5
71 40 5
71 41 5
71 42 5
71 43 5
71 44 5
71 45 5
71 46 5
71 47 5
71 48 5
71 49 5
71 50 5
71 51 5
71 52 5
71 53 5
71 54 5
71 55 5
71 56 5
71 57 5
71 58 5
71 59 5
71 60 5
71 61 5
71 62 5
71 63 5
71 64 5
71 65 5
71 66 5
72 24 5
72 25 5
72 26 5
72 27 5
72 28 5
72 29 5
72 30 5
72 31 5
72 32 5
72 33 5
72 34 5
72 35 5
72 36 5
72 37 5
72 38 5
72 39 5
72 40 5
72 41 5
72 42 5
72 43 5
72 44 5
72 45 5
72 46 5
72 47 5
72 48 5
72 49 5
72 50 5
72 51 5
72 52 5
72 53 5
72 54 5
72 55 5
72 56 5
72 57 5
72 58 5
72 59 5
72 60 5
72 61 5
72 62 5
72 63 5
72 64 5
72 65 5
72 66 5
73 24 5
73 25 5
73 26 5
73 27 5
73 28 5
73 29 5
73 30 5
73 31 5
73 32 5
73 33 5
73 34 5
73 35 5
73 36 5
73 37 5
73 38 5
73 39 5
73 40 5
73 41 5
73 42 5
73 43 5
73 44 5
73 45 5
73 46 5
73 47 5
73 48 5
73 49 5
73 50 5
73 51 5
73 52 5
73 53 5
73 54 5
73 55 5
73 56 5
73 57 5
73 58 5
73 59 5
73 60 5
73 61 5
73 62 5
73 63 5
73 64 5
73 65 5
73 66 5
74 24 5
74 25 5
74 26 5
74 27 5
74 28 5
74 29 5
74 30 5
74 31 5
74 32 5
74 33 5
74 34 5
74 35 5
74 36 5
74 37 5
74 38 5
74 39 5
74 40 5
74 41 5
74 42 5
74 43 5
74 44 5
74 45 5
74 46 5
74 47 5
74 48 5
74 49 5
74 50 5
74 51 5
74 52 5
74 53 5
74 54 5
74 55 5
74 56 5
74 57 5
74 58 5
74 59 5
74 60 5
74 61 5
74 62 5
74 63 5
74 64 5
74 65 5
74 66 5
75 24 5
75 25 5
75 26 5
75 27 5
75 28 5
75 29 5
75 30 5
75 31 5
75 32 5
75 33 5
75 34 5
75 35 5
75 36 5
75 37 5
75 38 5
75 39 5
75 40 5
75 41 5
75 42 5
75 43 5
75 44 5
75 45 5
75 46 5
75 47 5
75 48 5
75 49 5
75 50 5
75 51 5
75 52 5
75 53 5
75 54 5
75 55 5
75 56 5
75 57 5
75 58 5
75 59 5
75 60 5
75 61 5
75 62 5
75 63 5
75 64 5
75 65 5
75 66 5
76 24 5
76 25 5
76 26 5
76 27 5
76 28 5
76 29 5
76 30 5
76 31 5
76 32 5
76 33 5
76 34 5
76 35 5
76 36 5
76 37 5
76 38 5
76 39 5
76 40 5
76 41 5
76 42 5
76 43 5
76 44 5
76 45 5
76 46 5
76 47 5
76 48 5
76 49 5
76 50 5
76 51 5
76 52 5
76 53 5
76 54 5
76 55 5
76 56 5
76 57 5
76 58 5
76 59 5
76 60 5
76 61 5
76 62 5
76 63 5
76 64 5
76 65 5
76 66 5
77 24 5
77 25 5
77 26 5
77 27 5
77 28 5
77 29 5
77 30 5
77 31 5
77 32 5
77 33 5
77 34 5
77 35 5
77 36 5
77 37 5
77 38 5
77 39 5
77 40 5
77 41 5
77 42 5
77 43 5
77 44 5
77 45 5
77 46 5
77 47 5
77 48 5
77 49 5
77 50 5
77 51 5
77 52 5
77 53 5
77 54 5
77 55 5
77 56 5
77 57 5
77 58 5
77 59 5
77 60 5
77 61 5
77 62 5
77 63 5
77 64 5
77 65 5
77 66 5
78 24 5
78 25 5
78 26 5
78 27 5
78 28 5
78 29 5
78 30 5
78 31 5
78 32 5
78 33 5
78 34 5
78 35 5
78 36 5
78 37 5
78 38 5
78 39 5
78 40 5
78 41 5
78 42 5
78 43 5
78 44 5
78 45 5
78 46 5
78 47 5
78 48 5
79 24 5
79 25 5
79 26 5
79 27 5
79 28 5
79 29 5
79 30 5
79 31 5
79 32 5
79 33 5
79 34 5
79 35 5
79 36 5
79 37 5
79 38 5
79 39 5
79 40 5
79 41 5
79 42 5
79 43 5
79 44 5
79 45 5
79 46 5
79 47 5
79 48 5
80 24 5
80 25 5
80 26 5
80 27 5
80 28 5
80 29 5
80 30 5
80 31 5
80 32 5
80 33 5
80 34 5
80 35 5
80 36 5
80 37 5
80 38 5
80 39 5
80 40 5
80 41 5
80 42 5
80 43 5
80 44 5
80 45 5
80 46 5
80 47 5
80 48 5
81 24 5
81 25 5
81 26 5
81 27 5
81 28 5
81 29 5
81 30 5
81 31 5
81 32 5
81 33 5
81 34 5
81 35 5
81 36 5
81 37 5
81 38 5
81 39 5
81 40 5
81 41 5
81 42 5
81 43 5
81 44 5
81 45 5
81 46 5
81 47 5
81 48 5
82 24 5
82 25 5
82 26 5
82 27 5
82 28 5
82 29 5
82 30 5
82 31 5
82 32 5
82 33 5
82 34 5
82 35 5
82 36 5
82 37 5
82 38 5
82 39 5
82 40 5
82 41 5
82 42 5
82 43 5
82 44 5
82 45 5
82 46 5
82 47 5
82 48 5
83 24 5
83 25 5
83 26 5
83 27 5
83 28 5
83 29 5
83 30 5
83 31 5
83 32 5
83 33 5
83 34 5
83 35 5
83 36 5
83 37 5
83 38 5
83 39 5
83 40 5
83 41 5
83 42 5
83 43 5
83 44 5
83 45 5
83 46 5
83 47 5
83 48 5
84 24 5
84 25 5
84 26 5
84 27 5
84 28 5
84 29 5
84 30 5
84 31 5
84 32 5
84 33 5
84 34 5
84 35 5
84 36 5
84 37 5
84 38 5
84 39 5
84 40 5
84 41 5
84 42 5
84 43 5
84 44 5
84 45 5
84 46 5
84 47 5
84 48 5
::TILES-> END
::BONUS-> BEGIN
::BONUS-> END
::COIN-> BEGIN
::COIN-> END
RESTART data/levels/grasslevels/ice3
START 0 2058 2002 1
EXIT 0 2112 2141 data/levels/grasslevels/ice3 0 0
START 1 0 0 0
EXIT 1 1991 2144 data/levels/grasslevels/ice3 0 0
START 2 0 0 0
EXIT 2 2351 2141 data/levels/grasslevels/ice3 0 0
START 3 0 0 0
EXIT 3 1871 2144 data/levels/grasslevels/ice3 0 0
START 4 0 0 0
EXIT 4 1750 2142 data/levels/grasslevels/shroomland 0 0
BGCOLOR 76546513

#If you want Background music:
#MUSIC megamusic.mid
BACKGROUND data/gfx/background/iceland.jpg
