# Level for Mega Mario

TEXTURE data/gfx/tiles/ground/ice/iceTL.png
TEXTURE data/gfx/tiles/ground/ice/iceTM.png
TEXTURE data/gfx/tiles/ground/ice/iceTR.png
TEXTURE data/gfx/tiles/ground/ice/iceML.png
TEXTURE data/gfx/tiles/ground/ice/iceMM.png
TEXTURE data/gfx/tiles/ground/ice/iceMR.png
TEXTURE data/gfx/tiles/ground/ice/iceBL.png
TEXTURE data/gfx/tiles/ground/ice/iceBM.png
TEXTURE data/gfx/tiles/ground/ice/iceBR.png
TEXTURE data/gfx/tiles/ground/ice/icegoomba.png
TEXTURE data/gfx/tiles/ground/snow/snowTL.png
TEXTURE data/gfx/tiles/ground/snow/snowTM.png
TEXTURE data/gfx/tiles/ground/snow/snowTR.png
TEXTURE data/gfx/tiles/ground/snow/snowML.png
TEXTURE data/gfx/tiles/ground/snow/snowMM.png
TEXTURE data/gfx/tiles/ground/ice/iceKoopa.png
TEXTURE data/gfx/tiles/ground/snow/snowMR.png
TEXTURE data/gfx/tiles/ground/snow/snowBL.png
TEXTURE data/gfx/tiles/ground/snow/snowBM.png
TEXTURE data/gfx/tiles/ground/snow/snowBR.png
TEXTURE data/gfx/tiles/pipes/up/1.png
TEXTURE data/gfx/tiles/pipes/up/2.png
TEXTURE data/gfx/tiles/pipes/up/3.png
TEXTURE data/gfx/tiles/pipes/up/4.png
TEXTURE data/gfx/tiles/ground/bridge/bridgeTL.png
TEXTURE data/gfx/tiles/ground/bridge/bridgeTM.png
TEXTURE data/gfx/tiles/ground/bridge/bridgeTR.png
TEXTURE data/gfx/tiles/ground/bridge/bridgeML.png
TEXTURE data/gfx/tiles/ground/bridge/bridgeMR.png
TEXTURE data/gfx/background/cloud1.png
TEXTURE data/gfx/tiles/pipes/down/1.png
TEXTURE data/gfx/tiles/pipes/down/2.png
TEXTURE data/gfx/tiles/pipes/down/3.png
TEXTURE data/gfx/tiles/pipes/down/4.png
::TILES-> BEGIN
1 64 3
1 65 6
1 66 6
1 67 6
1 68 5
1 69 5
1 70 5
1 71 5
1 72 5
1 73 5
1 74 10
1 75 5
1 76 5
1 77 5
1 78 5
1 79 5
1 80 5
1 81 5
1 82 5
1 83 5
1 84 5
1 85 5
1 86 5
1 87 5
1 88 5
1 89 5
1 90 2
1 91 8
1 92 5
1 93 5
1 94 5
1 95 5
1 96 5
1 97 5
1 98 16
1 99 5
2 68 3
2 69 6
2 70 6
2 71 6
2 72 6
2 73 6
2 74 6
2 75 6
2 76 6
2 77 6
2 78 6
2 79 6
2 80 6
2 81 6
2 82 6
2 83 6
2 84 6
2 85 6
2 86 6
2 87 6
2 88 6
2 89 6
2 90 2
2 91 8
2 92 5
2 93 5
2 94 5
2 95 5
2 96 5
2 97 5
2 98 5
2 99 5
3 84 11
3 85 14
3 86 18
3 90 2
3 91 8
3 92 10
3 93 5
3 94 5
3 95 5
3 96 5
3 97 5
3 98 1
3 99 4
4 84 12
4 85 15
4 86 19
4 90 2
4 91 8
4 92 6
4 93 6
4 94 6
4 95 6
4 96 6
4 97 6
4 98 2
4 99 5
5 84 12
5 85 15
5 86 19
5 90 2
5 91 8
5 98 2
5 99 5
6 84 12
6 85 15
6 86 19
6 90 2
6 91 8
6 97 22
6 98 2
6 99 5
7 84 12
7 85 15
7 86 19
7 90 2
7 91 8
7 97 21
7 98 2
7 99 5
8 84 13
8 85 17
8 86 20
8 90 2
8 91 8
8 92 18
8 98 2
8 99 5
9 90 2
9 91 8
9 92 19
9 98 2
9 99 5
10 88 22
10 89 24
10 90 2
10 91 8
10 92 20
10 98 2
10 99 5
11 88 21
11 89 23
11 90 2
11 91 8
11 98 2
11 99 5
12 90 3
12 91 9
12 98 3
12 99 6
16 98 1
16 99 4
17 98 2
17 99 5
18 98 2
18 99 5
19 98 2
19 99 5
20 98 2
20 99 5
21 98 3
21 99 6
24 95 1
24 96 4
24 97 7
24 98 1
24 99 4
25 95 3
25 96 6
25 97 9
25 98 2
25 99 5
26 98 2
26 99 5
27 98 2
27 99 5
28 96 1
28 97 7
28 98 2
28 99 5
29 96 3
29 97 9
29 98 2
29 99 5
30 98 2
30 99 5
31 98 3
31 99 6
32 91 1
32 92 7
32 93 18
33 91 2
33 92 8
33 93 20
34 91 2
34 92 8
34 98 1
34 99 4
35 91 2
35 92 8
35 98 2
35 99 5
36 91 2
36 92 8
36 98 2
36 99 5
37 91 2
37 92 1
37 93 4
37 94 4
37 95 4
37 96 4
37 97 4
37 98 4
37 99 4
38 90 22
38 91 2
38 92 2
38 93 10
38 94 5
38 95 5
38 96 5
38 97 5
38 98 5
38 99 5
39 90 21
39 91 3
39 92 3
39 93 6
39 94 6
39 95 6
39 96 6
39 97 6
39 98 6
39 99 6
40 92 3
40 93 8
41 93 3
41 94 7
42 94 3
42 95 7
42 96 18
43 95 3
43 96 7
44 96 3
44 97 7
45 97 3
45 98 7
46 98 3
46 99 7
47 99 3
48 87 11
48 88 14
48 89 18
49 87 12
49 88 15
49 89 19
50 87 12
50 88 15
50 89 19
51 87 12
51 88 15
51 89 19
52 87 12
52 88 15
52 89 19
53 86 25
53 87 13
53 88 17
53 89 20
54 86 26
55 86 26
56 86 26
57 86 26
58 86 26
59 86 27
59 87 11
59 88 14
59 89 18
60 87 12
60 88 15
60 89 19
61 87 12
61 88 15
61 89 19
62 87 12
62 88 15
62 89 19
63 87 12
63 88 15
63 89 19
64 87 13
64 88 17
64 89 20
65 81 22
65 82 1
65 83 4
65 84 4
65 85 4
65 86 4
65 87 4
65 88 4
65 89 4
65 90 7
66 81 21
66 82 2
66 83 5
66 84 5
66 85 5
66 86 16
66 87 5
66 88 5
66 89 5
66 90 8
67 82 2
67 83 5
67 84 5
67 85 5
67 86 5
67 87 5
67 88 5
67 89 5
67 90 8
68 79 25
68 80 28
68 81 28
68 82 3
68 83 6
68 84 6
68 85 6
68 86 6
68 87 6
68 88 6
68 89 6
68 90 9
69 79 26
70 79 26
71 79 26
72 79 26
73 79 26
74 79 26
75 75 1
75 76 4
75 77 4
75 78 4
75 79 4
75 80 4
75 81 4
75 82 7
76 73 1
76 74 4
76 75 5
76 76 5
76 77 5
76 78 5
76 79 5
76 80 5
76 81 5
76 82 8
76 83 18
77 73 3
77 74 6
77 75 5
77 76 5
77 77 5
77 78 5
77 79 5
77 80 5
77 81 5
77 82 8
77 83 19
78 75 2
78 76 5
78 77 5
78 78 5
78 79 5
78 80 5
78 81 5
78 82 8
78 83 20
79 75 2
79 76 10
79 77 10
79 78 10
79 79 5
79 80 5
79 81 5
79 82 8
80 75 2
80 76 5
80 77 10
80 78 5
80 79 5
80 80 5
80 81 5
80 82 8
81 75 2
81 76 10
81 77 10
81 78 10
81 79 5
81 80 5
81 81 5
81 82 8
82 75 2
82 76 5
82 77 5
82 78 5
82 79 5
82 80 5
82 81 5
82 82 8
83 75 2
83 76 16
83 77 16
83 78 16
83 79 5
83 80 5
83 81 5
83 82 8
84 74 1
84 75 2
84 76 5
84 77 5
84 78 5
84 79 5
84 80 5
84 81 6
84 82 9
85 73 1
85 74 3
85 75 2
85 76 5
85 77 5
85 78 5
85 79 5
85 80 8
86 45 1
86 46 4
86 47 4
86 48 4
86 49 4
86 50 4
86 51 7
86 52 18
86 72 1
86 73 3
86 74 1
86 75 2
86 76 5
86 77 5
86 78 5
86 79 5
86 80 8
87 45 2
87 46 5
87 47 5
87 48 5
87 49 5
87 50 5
87 51 8
87 52 20
87 71 1
87 72 3
87 73 1
87 74 3
87 75 2
87 76 5
87 77 5
87 78 5
87 79 5
87 80 8
88 45 2
88 46 5
88 47 5
88 48 5
88 49 5
88 50 5
88 51 8
88 71 3
88 72 1
88 73 3
88 74 1
88 75 2
88 76 5
88 77 5
88 78 5
88 79 5
88 80 8
88 81 18
89 45 2
89 46 5
89 47 5
89 48 5
89 49 5
89 50 5
89 51 8
89 72 3
89 73 1
89 74 3
89 75 2
89 76 5
89 77 5
89 78 5
89 79 5
89 80 8
89 81 20
90 35 22
90 36 24
90 37 24
90 38 24
90 39 24
90 40 24
90 41 1
90 42 4
90 43 4
90 44 4
90 45 5
90 46 5
90 47 5
90 48 10
90 49 5
90 50 5
90 51 5
90 52 4
90 53 4
90 54 4
90 55 4
90 56 4
90 57 4
90 58 4
90 59 7
90 60 18
90 73 3
90 74 1
90 75 2
90 76 5
90 77 5
90 78 5
90 79 5
90 80 8
91 35 21
91 36 23
91 37 23
91 38 23
91 39 23
91 40 23
91 41 2
91 42 5
91 43 6
91 44 6
91 45 6
91 46 6
91 47 6
91 48 6
91 49 6
91 50 6
91 51 6
91 52 6
91 53 6
91 54 6
91 55 6
91 56 5
91 57 5
91 58 5
91 59 8
91 60 20
91 74 3
91 75 3
91 76 6
91 77 6
91 78 6
91 79 6
91 80 9
92 41 2
92 42 8
92 47 12
92 48 15
92 49 19
92 56 2
92 57 16
92 58 5
92 59 8
93 41 2
93 42 8
93 47 12
93 48 15
93 49 19
93 56 2
93 57 5
93 58 5
93 59 8
94 41 2
94 42 8
94 47 12
94 48 15
94 49 19
94 56 2
94 57 5
94 58 5
94 59 8
95 41 2
95 42 8
95 47 12
95 48 15
95 49 20
95 56 2
95 57 5
95 58 5
95 59 8
95 68 1
95 69 4
95 70 7
96 41 2
96 42 8
96 46 29
96 47 13
96 48 17
96 49 20
96 56 2
96 57 5
96 58 5
96 59 8
96 68 2
96 69 5
96 70 8
97 41 2
97 42 8
97 55 1
97 56 5
97 57 5
97 58 5
97 59 8
97 68 2
97 69 5
97 70 8
98 41 2
98 42 8
98 54 1
98 55 5
98 56 5
98 57 5
98 58 5
98 59 5
98 60 4
98 65 1
98 66 4
98 67 4
98 68 2
98 69 5
98 70 8
99 41 2
99 42 8
99 54 3
99 55 6
99 56 6
99 57 6
99 58 6
99 59 6
99 60 6
99 65 3
99 66 6
99 67 6
99 68 2
99 69 10
99 70 8
100 41 2
100 42 8
100 68 2
100 69 5
100 70 8
101 41 2
101 42 8
101 68 2
101 69 5
101 70 8
102 41 2
102 42 8
102 68 2
102 69 5
102 70 8
102 71 18
103 41 2
103 42 8
103 68 2
103 69 5
103 70 8
103 71 19
104 41 2
104 42 10
104 43 4
104 44 4
104 45 4
104 46 7
104 54 1
104 55 4
104 56 4
104 57 4
104 58 4
104 59 4
104 60 4
104 61 7
104 65 1
104 66 4
104 67 4
104 68 2
104 69 5
104 70 8
104 71 19
105 41 2
105 42 16
105 43 6
105 44 6
105 45 6
105 46 9
105 54 3
105 55 6
105 56 5
105 57 5
105 58 5
105 59 5
105 60 6
105 61 9
105 65 3
105 66 6
105 67 6
105 68 2
105 69 5
105 70 8
105 71 19
106 41 2
106 42 8
106 43 20
106 56 2
106 57 5
106 58 10
106 59 8
106 66 22
106 67 24
106 68 2
106 69 5
106 70 8
106 71 19
107 41 2
107 42 8
107 56 2
107 57 5
107 58 5
107 59 8
107 66 21
107 67 23
107 68 2
107 69 5
107 70 8
107 71 20
108 41 2
108 42 8
108 50 1
108 51 7
108 56 2
108 57 5
108 58 5
108 59 8
108 60 18
108 64 22
108 65 24
108 66 24
108 67 24
108 68 2
108 69 5
108 70 8
109 41 2
109 42 8
109 50 2
109 51 8
109 56 2
109 57 5
109 58 5
109 59 8
109 60 19
109 64 21
109 65 23
109 66 23
109 67 23
109 68 2
109 69 5
109 70 8
110 41 2
110 42 8
110 50 2
110 51 8
110 56 2
110 57 5
110 58 5
110 59 8
110 60 19
110 65 22
110 66 24
110 67 24
110 68 2
110 69 5
110 70 8
111 41 2
111 42 8
111 45 25
111 46 28
111 47 28
111 48 28
111 49 28
111 50 3
111 51 9
111 56 2
111 57 5
111 58 5
111 59 8
111 60 20
111 65 21
111 66 23
111 67 23
111 68 2
111 69 5
111 70 8
112 41 2
112 42 8
112 45 26
112 56 2
112 57 5
112 58 5
112 59 8
112 64 22
112 65 24
112 66 24
112 67 24
112 68 2
112 69 5
112 70 8
113 41 2
113 42 8
113 45 26
113 56 2
113 57 5
113 58 5
113 59 8
113 64 21
113 65 23
113 66 23
113 67 23
113 68 2
113 69 5
113 70 8
114 41 2
114 42 8
114 45 26
114 56 2
114 57 5
114 58 5
114 59 8
114 64 22
114 65 24
114 66 24
114 67 24
114 68 2
114 69 5
114 70 8
115 41 2
115 42 8
115 45 26
115 51 1
115 52 7
115 56 2
115 57 5
115 58 5
115 59 8
115 64 21
115 65 23
115 66 23
115 67 23
115 68 2
115 69 5
115 70 8
116 41 2
116 42 8
116 45 26
116 51 3
116 52 1
116 53 7
116 56 2
116 57 5
116 58 5
116 59 8
116 65 22
116 66 24
116 67 24
116 68 2
116 69 16
116 70 8
117 41 2
117 42 8
117 45 27
117 46 1
117 47 7
117 52 3
117 53 1
117 54 4
117 55 4
117 56 5
117 57 5
117 58 5
117 59 8
117 65 21
117 66 23
117 67 23
117 68 2
117 69 5
117 70 8
118 41 2
118 42 8
118 46 2
118 47 8
118 53 2
118 54 10
118 55 5
118 56 5
118 57 5
118 58 5
118 59 8
118 65 22
118 66 24
118 67 24
118 68 2
118 69 5
118 70 8
119 41 2
119 42 8
119 46 2
119 47 8
119 53 3
119 54 6
119 55 6
119 56 5
119 57 5
119 58 5
119 59 8
119 65 21
119 66 23
119 67 23
119 68 2
119 69 5
119 70 8
120 41 2
120 42 8
120 46 2
120 47 8
120 56 2
120 57 5
120 58 5
120 59 8
120 63 22
120 64 24
120 65 24
120 66 24
120 67 24
120 68 2
120 69 5
120 70 8
121 41 2
121 42 8
121 46 2
121 47 8
121 56 2
121 57 5
121 58 5
121 59 8
121 63 21
121 64 23
121 65 23
121 66 23
121 67 23
121 68 2
121 69 5
121 70 8
122 41 2
122 42 8
122 46 2
122 47 8
122 56 2
122 57 5
122 58 5
122 59 8
122 62 1
122 63 4
122 64 4
122 65 4
122 66 4
122 67 4
122 68 4
122 69 7
122 70 8
122 71 18
123 35 22
123 36 24
123 37 24
123 38 24
123 39 24
123 40 24
123 41 2
123 42 16
123 43 4
123 44 4
123 45 4
123 46 5
123 47 5
123 48 4
123 49 4
123 50 4
123 51 4
123 52 4
123 53 4
123 54 4
123 55 4
123 56 5
123 57 5
123 58 5
123 59 8
123 62 2
123 63 1
123 64 4
123 65 4
123 66 4
123 67 4
123 68 7
123 69 8
123 70 8
123 71 19
124 35 21
124 36 23
124 37 23
124 38 23
124 39 23
124 40 23
124 41 3
124 42 6
124 43 6
124 44 6
124 45 6
124 46 6
124 47 6
124 48 6
124 49 6
124 50 6
124 51 6
124 52 6
124 53 6
124 54 6
124 55 6
124 56 6
124 57 6
124 58 6
124 59 9
124 62 2
124 63 2
124 64 6
124 65 6
124 66 6
124 67 6
124 68 9
124 69 8
124 70 8
124 71 19
125 62 2
125 63 3
125 64 6
125 65 6
125 66 6
125 67 6
125 68 6
125 69 9
125 70 8
126 62 3
126 63 6
126 64 6
126 65 6
126 66 6
126 67 6
126 68 6
126 69 6
126 70 9
127 59 11
127 60 14
127 61 18
128 56 11
128 57 14
128 58 18
128 59 12
128 60 15
128 61 19
128 77 1
128 78 4
128 79 4
128 80 4
128 81 4
128 82 4
128 83 4
128 84 4
128 85 4
128 86 4
128 87 4
128 88 4
128 89 4
128 90 4
128 91 4
128 92 4
128 93 4
128 94 4
128 95 4
128 96 4
128 97 4
128 98 4
128 99 4
129 55 11
129 56 12
129 57 15
129 58 19
129 59 12
129 60 15
129 61 19
129 75 1
129 76 4
129 77 5
129 78 5
129 79 5
129 80 5
129 81 5
129 82 5
129 83 5
129 84 5
129 85 5
129 86 5
129 87 5
129 88 5
129 89 5
129 90 5
129 91 5
129 92 5
129 93 5
129 94 5
129 95 5
129 96 5
129 97 5
129 98 5
129 99 5
130 55 13
130 56 12
130 57 15
130 58 19
130 59 12
130 60 15
130 61 19
130 74 1
130 75 5
130 76 5
130 77 5
130 78 5
130 79 5
130 80 5
130 81 5
130 82 5
130 83 5
130 84 5
130 85 5
130 86 5
130 87 5
130 88 5
130 89 5
130 90 5
130 91 5
130 92 5
130 93 5
130 94 5
130 95 5
130 96 5
130 97 5
130 98 5
130 99 5
131 56 12
131 57 15
131 58 19
131 59 12
131 60 15
131 61 19
131 74 2
131 75 5
131 76 5
131 77 5
131 78 5
131 79 5
131 80 5
131 81 5
131 82 5
131 83 5
131 84 16
131 85 5
131 86 5
131 87 5
131 88 5
131 89 5
131 90 5
131 91 5
131 92 5
131 93 5
131 94 5
131 95 5
131 96 5
131 97 5
131 98 5
131 99 5
132 56 12
132 57 15
132 58 19
132 59 12
132 60 15
132 61 19
132 73 1
132 74 5
132 75 5
132 76 6
132 77 6
132 78 6
132 79 6
132 80 6
132 81 6
132 82 5
132 83 5
132 84 5
132 85 5
132 86 5
132 87 5
132 88 5
132 89 5
132 90 5
132 91 5
132 92 5
132 93 5
132 94 5
132 95 5
132 96 5
132 97 5
132 98 5
132 99 5
133 56 13
133 57 17
133 58 20
133 59 13
133 60 17
133 61 20
133 62 1
133 63 4
133 64 4
133 65 4
133 66 4
133 67 7
133 73 2
133 74 5
133 75 8
133 76 19
133 82 2
133 83 5
133 84 5
133 85 5
133 86 5
133 87 5
133 88 5
133 89 5
133 90 5
133 91 5
133 92 5
133 93 5
133 94 5
133 95 5
133 96 5
133 97 5
133 98 5
133 99 5
134 48 1
134 49 4
134 50 4
134 51 4
134 52 4
134 53 4
134 54 4
134 55 4
134 56 4
134 57 4
134 58 4
134 59 4
134 60 4
134 61 4
134 62 5
134 63 5
134 64 5
134 65 5
134 66 5
134 67 8
134 68 19
134 73 2
134 74 5
134 75 8
134 76 19
134 82 2
134 83 5
134 84 5
134 85 5
134 86 5
134 87 5
134 88 5
134 89 5
134 90 5
134 91 5
134 92 5
134 93 5
134 94 5
134 95 5
134 96 5
134 97 5
134 98 5
134 99 5
135 48 2
135 49 5
135 50 5
135 51 5
135 52 5
135 53 6
135 54 6
135 55 6
135 56 6
135 57 5
135 58 5
135 59 5
135 60 5
135 61 5
135 62 5
135 63 5
135 64 5
135 65 10
135 66 5
135 67 8
135 68 20
135 73 2
135 74 5
135 75 8
135 76 19
135 82 2
135 83 5
135 84 5
135 85 5
135 86 5
135 87 5
135 88 5
135 89 5
135 90 5
135 91 5
135 92 5
135 93 5
135 94 5
135 95 5
135 96 5
135 97 5
135 98 5
135 99 5
136 48 2
136 49 10
136 50 5
136 51 5
136 52 8
136 57 2
136 58 5
136 59 5
136 60 5
136 61 16
136 62 5
136 63 5
136 64 5
136 65 5
136 66 5
136 67 8
136 73 2
136 74 5
136 75 8
136 76 19
136 82 2
136 83 5
136 84 5
136 85 5
136 86 5
136 87 5
136 88 5
136 89 5
136 90 5
136 91 5
136 92 5
136 93 5
136 94 5
136 95 5
136 96 5
136 97 5
136 98 5
136 99 5
137 44 22
137 45 24
137 46 24
137 47 24
137 48 2
137 49 10
137 50 5
137 51 5
137 52 8
137 57 2
137 58 5
137 59 5
137 60 5
137 61 5
137 62 5
137 63 5
137 64 5
137 65 5
137 66 5
137 67 8
137 73 2
137 74 5
137 75 8
137 76 19
137 82 2
137 83 5
137 84 5
137 85 5
137 86 5
137 87 5
137 88 5
137 89 5
137 90 5
137 91 5
137 92 5
137 93 5
137 94 5
137 95 5
137 96 5
137 97 5
137 98 5
137 99 5
138 44 21
138 45 23
138 46 23
138 47 23
138 48 2
138 49 5
138 50 5
138 51 5
138 52 5
138 53 4
138 54 4
138 55 4
138 56 4
138 57 5
138 58 5
138 59 5
138 60 5
138 61 5
138 62 5
138 63 5
138 64 5
138 65 5
138 66 5
138 67 8
138 73 2
138 74 5
138 75 8
138 76 19
138 82 2
138 83 5
138 84 5
138 85 5
138 86 5
138 87 5
138 88 5
138 89 5
138 90 5
138 91 5
138 92 5
138 93 5
138 94 5
138 95 5
138 96 5
138 97 5
138 98 5
138 99 5
139 48 2
139 49 5
139 50 5
139 51 5
139 52 5
139 53 5
139 54 5
139 55 5
139 56 5
139 57 5
139 58 5
139 59 5
139 60 5
139 61 5
139 62 5
139 63 5
139 64 5
139 65 5
139 66 5
139 67 5
139 68 4
139 69 4
139 70 4
139 71 4
139 72 4
139 73 5
139 74 5
139 75 8
139 76 20
139 82 2
139 83 5
139 84 5
139 85 5
139 86 5
139 87 5
139 88 5
139 89 5
139 90 5
139 91 5
139 92 5
139 93 5
139 94 5
139 95 5
139 96 5
139 97 5
139 98 5
139 99 5
140 48 3
140 49 6
140 50 6
140 51 6
140 52 6
140 53 6
140 54 6
140 55 6
140 56 6
140 57 6
140 58 6
140 59 6
140 60 6
140 61 6
140 62 6
140 63 6
140 64 6
140 65 6
140 66 6
140 67 6
140 68 6
140 69 6
140 70 6
140 71 6
140 72 6
140 73 6
140 74 6
140 75 9
140 82 2
140 83 5
140 84 5
140 85 5
140 86 5
140 87 5
140 88 5
140 89 5
140 90 5
140 91 5
140 92 5
140 93 5
140 94 5
140 95 5
140 96 5
140 97 5
140 98 5
140 99 5
141 82 2
141 83 5
141 84 5
141 85 5
141 86 5
141 87 5
141 88 5
141 89 5
141 90 5
141 91 5
141 92 5
141 93 5
141 94 5
141 95 5
141 96 5
141 97 5
141 98 5
141 99 5
142 82 2
142 83 5
142 84 5
142 85 10
142 86 5
142 87 5
142 88 5
142 89 5
142 90 5
142 91 5
142 92 5
142 93 5
142 94 5
142 95 5
142 96 5
142 97 5
142 98 5
142 99 5
143 27 4
143 28 4
143 29 4
143 30 4
143 31 4
143 32 4
143 33 4
143 34 4
143 35 4
143 36 4
143 37 4
143 38 4
143 39 4
143 40 4
143 41 4
143 42 4
143 43 4
143 44 4
143 45 4
143 46 4
143 47 4
143 48 4
143 49 4
143 50 4
143 51 4
143 52 4
143 53 4
143 54 4
143 55 4
143 56 4
143 57 4
143 58 4
143 59 4
143 60 4
143 61 4
143 62 4
143 63 4
143 64 4
143 65 4
143 66 4
143 67 4
143 68 4
143 69 4
143 70 4
143 71 4
143 72 4
143 73 4
143 74 4
143 75 7
143 76 18
143 82 2
143 83 5
143 84 5
143 85 5
143 86 5
143 87 5
143 88 5
143 89 5
143 90 5
143 91 5
143 92 5
143 93 5
143 94 5
143 95 5
143 96 5
143 97 5
143 98 5
143 99 5
144 27 5
144 28 5
144 29 5
144 30 5
144 31 5
144 32 5
144 33 5
144 34 5
144 35 5
144 36 5
144 37 5
144 38 5
144 39 5
144 40 5
144 41 5
144 42 5
144 43 5
144 44 5
144 45 5
144 46 5
144 47 5
144 48 5
144 49 5
144 50 5
144 51 5
144 52 5
144 53 5
144 54 5
144 55 5
144 56 5
144 57 5
144 58 5
144 59 5
144 60 5
144 61 5
144 62 5
144 63 5
144 64 5
144 65 5
144 66 5
144 67 5
144 68 5
144 69 5
144 70 5
144 71 5
144 72 5
144 73 5
144 74 5
144 75 8
144 76 19
144 82 2
144 83 5
144 84 5
144 85 5
144 86 5
144 87 5
144 88 5
144 89 5
144 90 5
144 91 5
144 92 5
144 93 5
144 94 5
144 95 5
144 96 5
144 97 5
144 98 5
144 99 5
145 27 5
145 28 5
145 29 5
145 30 5
145 31 5
145 32 5
145 33 5
145 34 5
145 35 5
145 36 5
145 37 5
145 38 5
145 39 5
145 40 16
145 41 5
145 42 5
145 43 5
145 44 5
145 45 5
145 46 5
145 47 5
145 48 5
145 49 5
145 50 5
145 51 5
145 52 5
145 53 5
145 54 5
145 55 5
145 56 5
145 57 5
145 58 5
145 59 5
145 60 5
145 61 5
145 62 5
145 63 5
145 64 5
145 65 5
145 66 5
145 67 5
145 68 5
145 69 5
145 70 5
145 71 5
145 72 5
145 73 5
145 74 5
145 75 8
145 76 19
145 80 22
145 81 24
145 82 2
145 83 5
145 84 5
145 85 5
145 86 5
145 87 5
145 88 5
145 89 5
145 90 5
145 91 5
145 92 5
145 93 5
145 94 5
145 95 5
145 96 5
145 97 5
145 98 5
145 99 5
146 27 5
146 28 5
146 29 5
146 30 5
146 31 5
146 32 5
146 33 5
146 34 5
146 35 5
146 36 5
146 37 5
146 38 5
146 39 5
146 40 5
146 41 5
146 42 5
146 43 5
146 44 5
146 45 5
146 46 5
146 47 5
146 48 5
146 49 5
146 50 5
146 51 5
146 52 5
146 53 5
146 54 5
146 55 5
146 56 5
146 57 5
146 58 5
146 59 5
146 60 5
146 61 5
146 62 5
146 63 5
146 64 5
146 65 5
146 66 5
146 67 5
146 68 16
146 69 5
146 70 5
146 71 5
146 72 5
146 73 5
146 74 5
146 75 8
146 76 19
146 80 21
146 81 23
146 82 2
146 83 5
146 84 5
146 85 5
146 86 5
146 87 5
146 88 5
146 89 5
146 90 5
146 91 5
146 92 5
146 93 5
146 94 5
146 95 5
146 96 5
146 97 5
146 98 5
146 99 5
147 27 5
147 28 5
147 29 5
147 30 5
147 31 5
147 32 5
147 33 5
147 34 5
147 35 5
147 36 5
147 37 5
147 38 5
147 39 5
147 40 5
147 41 5
147 42 5
147 43 5
147 44 5
147 45 5
147 46 5
147 47 5
147 48 5
147 49 5
147 50 5
147 51 5
147 52 5
147 53 5
147 54 5
147 55 5
147 56 5
147 57 5
147 58 5
147 59 5
147 60 5
147 61 5
147 62 5
147 63 5
147 64 5
147 65 5
147 66 5
147 67 5
147 68 5
147 69 5
147 70 5
147 71 5
147 72 5
147 73 5
147 74 5
147 75 8
147 76 20
147 82 2
147 83 5
147 84 5
147 85 5
147 86 5
147 87 5
147 88 5
147 89 5
147 90 5
147 91 5
147 92 5
147 93 5
147 94 5
147 95 5
147 96 5
147 97 5
147 98 5
147 99 5
148 27 5
148 28 5
148 29 5
148 30 5
148 31 5
148 32 5
148 33 5
148 34 5
148 35 5
148 36 5
148 37 5
148 38 5
148 39 5
148 40 5
148 41 5
148 42 5
148 43 5
148 44 5
148 45 5
148 46 5
148 47 5
148 48 5
148 49 5
148 50 5
148 51 5
148 52 5
148 53 5
148 54 5
148 55 5
148 56 5
148 57 5
148 58 5
148 59 5
148 60 5
148 61 5
148 62 5
148 63 5
148 64 5
148 65 5
148 66 5
148 67 5
148 68 5
148 69 5
148 70 5
148 71 5
148 72 5
148 73 5
148 74 5
148 75 5
148 76 4
148 77 4
148 78 4
148 79 4
148 80 4
148 81 4
148 82 5
148 83 5
148 84 5
148 85 5
148 86 5
148 87 5
148 88 5
148 89 5
148 90 5
148 91 5
148 92 5
148 93 5
148 94 5
148 95 5
148 96 5
148 97 5
148 98 5
148 99 5
149 27 5
149 28 5
149 29 5
149 30 5
149 31 5
149 32 5
149 33 5
149 34 5
149 35 5
149 36 5
149 37 5
149 38 5
149 39 5
149 40 5
149 41 5
149 42 5
149 43 5
149 44 5
149 45 5
149 46 5
149 47 5
149 48 5
149 49 5
149 50 5
149 51 5
149 52 5
149 53 5
149 54 5
149 55 5
149 56 5
149 57 5
149 58 5
149 59 5
149 60 5
149 61 5
149 62 5
149 63 5
149 64 5
149 65 5
149 66 5
149 67 5
149 68 5
149 69 5
149 70 5
149 71 5
149 72 5
149 73 5
149 74 5
149 75 5
149 76 5
149 77 5
149 78 5
149 79 5
149 80 5
149 81 5
149 82 5
149 83 5
149 84 5
149 85 5
149 86 5
149 87 5
149 88 5
149 89 5
149 90 5
149 91 5
149 92 5
149 93 5
149 94 5
149 95 5
149 96 5
149 97 5
149 98 5
149 99 5
150 27 5
150 28 5
150 29 5
150 30 5
150 31 5
150 32 5
150 33 5
150 34 5
150 35 5
150 36 5
150 37 5
150 38 5
150 39 5
150 40 5
150 41 5
150 42 5
150 43 5
150 44 5
150 45 5
150 46 5
150 47 5
150 48 5
150 49 5
150 50 5
150 51 5
150 52 5
150 53 5
150 54 5
150 55 5
150 56 5
150 57 5
150 58 5
150 59 5
150 60 5
150 61 5
150 62 5
150 63 5
150 64 5
150 65 5
150 66 5
150 67 5
150 68 5
150 69 5
150 70 5
150 71 5
150 72 5
150 73 5
150 74 5
150 75 5
150 76 5
150 77 5
150 78 5
150 79 5
150 80 5
150 81 5
150 82 5
150 83 5
150 84 5
150 85 5
150 86 5
150 87 5
150 88 5
150 89 5
150 90 5
150 91 5
150 92 5
150 93 5
150 94 5
150 95 5
150 96 5
150 97 5
150 98 5
150 99 5
151 27 5
151 28 5
151 29 5
151 30 5
151 31 5
151 32 5
151 33 5
151 34 5
151 35 5
151 36 5
151 37 5
151 38 5
151 39 5
151 40 5
151 41 5
151 42 5
151 43 5
151 44 5
151 45 5
151 46 5
151 47 5
151 48 5
151 49 5
151 50 5
151 51 5
151 52 5
151 53 5
151 54 5
151 55 5
151 56 5
151 57 5
151 58 5
151 59 5
151 60 5
151 61 5
151 62 5
151 63 5
151 64 5
151 65 5
151 66 5
151 67 5
151 68 5
151 69 5
151 70 5
151 71 5
151 72 5
151 73 5
151 74 5
151 75 5
151 76 5
151 77 5
151 78 5
151 79 5
151 80 5
151 81 5
151 82 5
151 83 5
151 84 5
151 85 5
151 86 5
151 87 5
151 88 5
151 89 5
151 90 5
151 91 5
151 92 5
151 93 5
151 94 5
151 95 5
151 96 5
151 97 5
151 98 5
151 99 5
152 27 5
152 28 5
152 29 5
152 30 5
152 31 5
152 32 5
152 33 5
152 34 5
152 35 5
152 36 5
152 37 5
152 38 5
152 39 5
152 40 5
152 41 5
152 42 5
152 43 5
152 44 5
152 45 5
152 46 5
152 47 5
152 48 5
152 49 5
152 50 5
152 51 5
152 52 5
152 53 5
152 54 5
152 55 5
152 56 5
152 57 5
152 58 5
152 59 5
152 60 5
152 61 10
152 62 5
152 63 5
152 64 5
152 65 5
152 66 5
152 67 5
152 68 5
152 69 5
152 70 5
152 71 5
152 72 5
152 73 5
152 74 5
152 75 5
152 76 5
152 77 5
152 78 5
152 79 5
152 80 5
152 81 10
152 82 5
152 83 5
152 84 5
152 85 5
152 86 5
152 87 5
152 88 5
152 89 5
152 90 5
152 91 5
152 92 5
152 93 5
152 94 5
152 95 5
152 96 5
152 97 5
152 98 5
152 99 5
153 27 5
153 28 5
153 29 5
153 30 5
153 31 5
153 32 5
153 33 5
153 34 5
153 35 5
153 36 5
153 37 5
153 38 5
153 39 5
153 40 5
153 41 5
153 42 5
153 43 5
153 44 5
153 45 5
153 46 5
153 47 5
153 48 5
153 49 5
153 50 5
153 51 5
153 52 5
153 53 5
153 54 5
153 55 5
153 56 5
153 57 5
153 58 5
153 59 5
153 60 5
153 61 5
153 62 5
153 63 5
153 64 5
153 65 5
153 66 5
153 67 5
153 68 5
153 69 5
153 70 5
153 71 5
153 72 5
153 73 5
153 74 5
153 75 5
153 76 5
153 77 5
153 78 5
153 79 5
153 80 5
153 81 5
153 82 5
153 83 5
153 84 5
153 85 5
153 86 5
153 87 5
153 88 5
153 89 5
153 90 5
153 91 5
153 92 5
153 93 5
153 94 5
153 95 5
153 96 5
153 97 5
153 98 5
153 99 5
154 27 5
154 28 5
154 29 5
154 30 5
154 31 5
154 32 5
154 33 5
154 34 5
154 35 5
154 36 5
154 37 5
154 38 5
154 39 5
154 40 5
154 41 5
154 42 5
154 43 5
154 44 5
154 45 5
154 46 5
154 47 5
154 48 5
154 49 5
154 50 5
154 51 5
154 52 5
154 53 5
154 54 5
154 55 5
154 56 5
154 57 5
154 58 5
154 59 5
154 60 5
154 61 5
154 62 5
154 63 5
154 64 5
154 65 5
154 66 5
154 67 5
154 68 5
154 69 5
154 70 5
154 71 5
154 72 5
154 73 5
154 74 5
154 75 5
154 76 5
154 77 5
154 78 5
154 79 5
154 80 5
154 81 5
154 82 5
154 83 5
154 84 5
154 85 5
154 86 5
154 87 5
154 88 5
154 89 5
154 90 5
154 91 5
154 92 5
154 93 5
154 94 5
154 95 5
154 96 5
154 97 5
154 98 5
154 99 5
::TILES-> END
::BONUS-> BEGIN
3 81 15
4 81 16
5 81 16
6 81 16
7 81 16
17 94 14
18 94 14
19 94 16
20 94 14
30 93 2
32 87 14
33 87 14
34 87 14
35 87 14
36 87 14
49 83 16
50 83 14
51 83 14
52 83 16
64 62 16
64 66 16
64 70 14
64 85 14
64 86 14
65 58 15
65 62 16
65 66 16
65 70 14
93 44 16
94 44 16
94 52 2
117 61 2
121 44 2
132 52 16
::BONUS-> END
::COIN-> BEGIN
3 87
3 88
3 89
6 93
7 93
8 93
9 93
10 93
11 93
18 90
19 90
32 80
33 80
34 80
35 80
36 80
50 79
51 79
80 71
81 70
82 69
83 68
84 67
107 44
107 45
107 61
108 61
109 61
121 49
121 50
121 51
121 52
121 53
121 54
134 44
134 45
134 46
134 47
141 44
141 46
141 48
141 50
141 52
141 54
142 45
142 47
142 49
142 51
142 53
::COIN-> END
GOOMBA 5 89
GOOMBA 7 89
KILLERBLUME 10 87
GOOMBA 11 97
SPINY 21 97
GOOMBA 25 94
GOOMBA 29 95
KILLERBLUME 38 89
GOOMBA 59 85
TURTLE 63 85
KILLERBLUME 65 80
TURTLE 80 73
GOOMBA 87 70
KILLERBLUME 90 34
TURTLE 92 45
GOOMBA 93 55
GOOMBA 94 46
GOOMBA 95 55
BRETT 4000 1800
BRETT 4000 2240
TURTLEFLY 101 65
SPINY 101 67
TURTLEFLY 102 66
SPINY 107 55
KILLERBLUME 108 63
TURTLE 110 48
GOOMBA 111 55
KILLERBLUME 112 63
TURTLE 113 54
KILLERBLUME 114 63
SPINY 115 44
GOOMBA 115 55
GOOMBA 119 45
GOOMBA 119 52
KILLERBLUME 120 62
SPINY 121 45
GOOMBA 121 55
KILLERBLUME 123 34
SPINY 132 55
GOOMBA 134 79
KILLERBLUME 137 43
RESTART data/levels/grasslevels/iceland
START 0 259 3805 4
EXIT 0 5831 3187 data/levels/grasslevels/iceland2 0 0
START 1 6099 3181 1
START 2 6102 3180 1

START 3 0 0 0

START 4 0 0 0
EXIT 4 0 0 NONE 0 0
BGCOLOR 0

#MUSIC iceland.mid
BACKGROUND data/gfx/background/iceland.jpg
