# Level for Mega Mario

TEXTURE data/gfx/tiles/ground/ice/iceTL.png
TEXTURE data/gfx/tiles/ground/ice/iceTM.png
TEXTURE data/gfx/tiles/ground/ice/iceTR.png
TEXTURE data/gfx/tiles/ground/ice/iceML.png
TEXTURE data/gfx/tiles/ground/ice/iceMM.png
TEXTURE data/gfx/tiles/ground/ice/iceMR.png
TEXTURE data/gfx/tiles/ground/ice/iceBL.png
TEXTURE data/gfx/tiles/ground/ice/iceBM.png
TEXTURE data/gfx/tiles/ground/ice/iceBR.png
TEXTURE data/gfx/tiles/ground/ice/icegoomba.png
TEXTURE data/gfx/tiles/ground/snow/snowTL.png
TEXTURE data/gfx/tiles/ground/snow/snowTM.png
TEXTURE data/gfx/tiles/ground/snow/snowTR.png
TEXTURE data/gfx/tiles/ground/snow/snowML.png
TEXTURE data/gfx/tiles/ground/snow/snowMM.png
TEXTURE data/gfx/tiles/ground/ice/iceKoopa.png
TEXTURE data/gfx/tiles/ground/snow/snowMR.png
TEXTURE data/gfx/tiles/ground/snow/snowBL.png
TEXTURE data/gfx/tiles/ground/snow/snowBM.png
TEXTURE data/gfx/tiles/ground/snow/snowBR.png
TEXTURE data/gfx/tiles/pipes/up/1.png
TEXTURE data/gfx/tiles/pipes/up/2.png
TEXTURE data/gfx/tiles/pipes/up/3.png
TEXTURE data/gfx/tiles/pipes/up/4.png
TEXTURE data/gfx/tiles/ground/bridge/bridgeTL.png
TEXTURE data/gfx/tiles/ground/bridge/bridgeTM.png
TEXTURE data/gfx/tiles/ground/bridge/bridgeTR.png
TEXTURE data/gfx/tiles/ground/bridge/bridgeML.png
TEXTURE data/gfx/tiles/ground/bridge/bridgeMR.png
TEXTURE data/gfx/background/cloud1.png
TEXTURE data/gfx/tiles/pipes/down/1.png
TEXTURE data/gfx/tiles/pipes/down/2.png
TEXTURE data/gfx/tiles/pipes/down/3.png
TEXTURE data/gfx/tiles/pipes/down/4.png
::TILES-> BEGIN
1 1 5
1 2 5
1 3 5
1 4 5
1 5 5
1 6 5
1 7 5
1 8 5
1 9 5
1 10 5
1 11 5
1 12 5
1 13 5
1 14 5
1 15 5
1 16 5
1 17 5
1 18 16
1 19 16
1 20 19
2 1 5
2 2 5
2 3 5
2 4 5
2 5 5
2 6 5
2 7 5
2 8 5
2 9 5
2 10 5
2 11 5
2 12 5
2 13 5
2 14 5
2 15 5
2 16 5
2 17 5
2 18 5
2 19 5
2 20 19
3 1 5
3 2 5
3 3 5
3 4 5
3 5 5
3 6 5
3 7 5
3 8 5
3 9 5
3 10 5
3 11 5
3 12 5
3 13 5
3 14 5
3 15 5
3 16 5
3 17 5
3 18 5
3 19 5
3 20 19
4 1 5
4 2 5
4 3 5
4 4 5
4 5 5
4 6 5
4 7 5
4 8 16
4 9 5
4 10 5
4 11 5
4 12 5
4 13 5
4 14 5
4 15 5
4 16 5
4 17 5
4 18 16
4 19 5
4 20 29
4 21 29
4 22 29
4 23 29
4 24 29
4 25 29
4 26 29
4 27 29
4 28 29
4 29 29
4 30 29
4 31 29
4 32 29
4 33 29
4 34 29
4 35 29
4 36 29
4 37 29
4 38 29
4 39 29
4 40 29
4 41 29
4 42 29
4 43 29
4 44 29
4 45 29
4 46 29
4 47 29
4 48 29
4 49 29
4 50 29
4 51 29
4 52 29
4 53 29
4 54 29
4 55 29
4 56 29
4 57 29
4 58 29
4 59 29
4 60 29
4 61 29
4 62 29
4 63 29
4 64 29
4 65 29
4 66 29
4 67 29
4 68 29
4 69 29
4 70 29
5 1 5
5 2 5
5 3 5
5 4 5
5 5 5
5 6 5
5 7 5
5 8 5
5 9 5
5 10 5
5 11 5
5 12 5
5 13 5
5 14 5
5 15 5
5 16 5
5 17 5
5 18 5
5 19 5
5 20 19
5 58 25
5 59 28
5 60 28
5 61 28
5 62 28
5 63 28
5 64 28
5 65 28
5 66 28
5 67 28
6 1 5
6 2 16
6 3 5
6 4 5
6 5 5
6 6 10
6 7 5
6 8 5
6 9 5
6 10 5
6 11 10
6 12 5
6 13 5
6 14 10
6 15 10
6 16 5
6 17 10
6 18 5
6 19 8
6 20 19
6 58 26
7 1 5
7 2 5
7 3 5
7 4 5
7 5 5
7 6 5
7 7 5
7 8 5
7 9 5
7 10 16
7 11 5
7 12 5
7 13 5
7 14 5
7 15 5
7 16 5
7 17 5
7 18 5
7 19 8
7 20 20
7 58 26
8 1 5
8 2 6
8 3 6
8 4 6
8 5 6
8 6 5
8 7 5
8 8 5
8 9 5
8 10 6
8 11 6
8 12 6
8 13 6
8 14 6
8 15 6
8 16 6
8 17 6
8 18 6
8 19 9
8 58 27
8 59 29
8 60 29
8 61 29
8 62 29
8 63 29
8 64 29
8 65 29
8 66 29
8 67 29
8 68 29
8 69 29
8 70 29
8 71 29
8 72 29
9 1 8
9 6 2
9 7 16
9 8 5
9 9 8
9 10 18
9 24 25
9 25 28
9 26 28
9 27 28
9 28 28
9 29 28
9 30 28
9 31 28
9 32 28
9 33 28
9 34 28
9 35 28
9 36 28
9 37 28
9 38 28
9 39 28
9 40 28
9 41 28
9 42 28
9 43 28
9 44 28
9 45 28
9 46 28
9 47 28
9 48 28
9 49 28
9 50 28
9 51 28
9 52 28
9 53 28
9 54 28
9 55 28
9 56 28
9 57 28
9 58 28
9 59 28
9 60 28
9 61 28
9 62 28
9 63 28
9 64 28
9 65 28
9 66 28
9 67 28
9 68 28
9 69 28
10 1 8
10 2 31
10 6 2
10 7 5
10 8 5
10 9 8
10 10 19
10 24 26
10 56 22
10 57 24
10 58 24
10 59 24
10 60 24
10 61 24
10 62 24
10 63 24
10 64 24
10 65 24
10 66 24
10 67 24
10 68 24
10 69 24
10 70 24
10 71 24
10 72 24
10 73 24
10 74 24
10 75 24
10 76 24
10 77 24
10 78 24
10 79 24
10 80 24
10 81 24
10 82 24
10 83 24
10 84 24
11 1 8
11 2 32
11 6 2
11 7 5
11 8 5
11 9 8
11 10 19
11 24 26
11 56 21
11 57 23
11 58 23
11 59 23
11 60 23
11 61 23
11 62 23
11 63 23
11 64 23
11 65 23
11 66 23
11 67 23
11 68 23
11 69 23
11 70 23
11 71 23
11 72 23
11 73 23
11 74 23
11 75 23
11 76 23
11 77 23
11 78 23
11 79 23
11 80 23
11 81 23
11 82 23
11 83 23
11 84 23
12 1 8
12 6 2
12 7 10
12 8 5
12 9 8
12 10 19
12 24 26
12 48 11
12 49 18
12 58 25
12 59 28
12 60 28
12 61 28
12 62 28
12 63 28
12 64 28
12 65 28
12 66 28
12 67 28
12 68 28
12 69 28
12 70 28
12 71 28
12 72 28
12 73 28
12 74 28
12 75 28
12 76 28
12 77 28
12 78 28
12 79 28
12 80 28
12 81 28
12 82 28
13 1 8
13 5 22
13 6 2
13 7 10
13 8 5
13 9 8
13 10 19
13 24 26
13 43 11
13 44 18
13 48 13
13 49 20
13 58 26
14 1 8
14 5 21
14 6 2
14 7 5
14 8 5
14 9 8
14 10 19
14 13 1
14 14 7
14 24 26
14 43 12
14 44 19
14 53 11
14 54 18
14 58 26
15 1 8
15 6 3
15 7 6
15 8 6
15 9 9
15 10 20
15 13 2
15 14 8
15 24 26
15 43 12
15 44 19
15 53 13
15 54 20
15 58 26
16 1 8
16 2 18
16 13 2
16 14 8
16 24 26
16 38 11
16 39 14
16 43 12
16 44 19
16 58 26
17 1 8
17 2 19
17 13 2
17 14 8
17 24 26
17 38 12
17 39 15
17 43 12
17 44 19
17 58 26
18 1 8
18 2 19
18 13 3
18 14 9
18 24 26
18 38 12
18 39 15
18 43 12
18 44 19
18 50 11
18 51 18
18 58 26
19 1 5
19 2 4
19 3 4
19 4 4
19 5 4
19 6 4
19 7 4
19 8 4
19 9 4
19 10 4
19 11 4
19 12 4
19 13 4
19 14 4
19 15 4
19 16 4
19 17 4
19 18 4
19 19 4
19 20 7
19 24 26
19 38 12
19 39 15
19 43 12
19 44 19
19 50 13
19 51 20
19 58 26
20 1 5
20 2 5
20 3 5
20 4 5
20 5 5
20 6 5
20 7 5
20 8 5
20 9 5
20 10 5
20 11 5
20 12 5
20 13 5
20 14 5
20 15 5
20 16 5
20 17 5
20 18 5
20 19 5
20 20 8
20 24 26
20 38 12
20 39 15
20 43 12
20 44 19
20 58 26
21 1 5
21 2 5
21 3 5
21 4 5
21 5 16
21 6 5
21 7 5
21 8 5
21 9 5
21 10 5
21 11 5
21 12 5
21 13 5
21 14 5
21 15 5
21 16 5
21 17 5
21 18 5
21 19 5
21 20 8
21 24 26
21 38 12
21 39 15
21 43 12
21 44 19
21 58 26
22 1 5
22 2 5
22 3 10
22 4 5
22 5 5
22 6 5
22 7 5
22 8 5
22 9 5
22 10 5
22 11 5
22 12 5
22 13 16
22 14 5
22 15 10
22 16 5
22 17 5
22 18 5
22 19 5
22 20 8
22 24 27
22 25 29
22 26 29
22 27 29
22 28 29
22 29 29
22 30 29
22 31 29
22 32 29
22 33 29
22 34 29
22 35 29
22 36 29
22 37 29
22 38 12
22 39 15
22 43 12
22 44 19
22 58 26
23 1 5
23 2 5
23 3 5
23 4 5
23 5 5
23 6 5
23 7 5
23 8 5
23 9 10
23 10 10
23 11 5
23 12 5
23 13 5
23 14 5
23 15 5
23 16 5
23 17 5
23 18 5
23 19 5
23 20 8
23 38 12
23 39 15
23 43 12
23 44 19
23 53 11
23 54 18
23 58 26
24 1 5
24 2 5
24 3 5
24 4 5
24 5 5
24 6 5
24 7 5
24 8 5
24 9 5
24 10 5
24 11 5
24 12 5
24 13 5
24 14 5
24 15 5
24 16 5
24 17 5
24 18 5
24 19 5
24 20 8
24 38 12
24 39 15
24 43 12
24 44 19
24 53 13
24 54 20
24 58 26
25 1 5
25 2 5
25 3 5
25 4 5
25 5 5
25 6 5
25 7 5
25 8 5
25 9 5
25 10 5
25 11 5
25 12 5
25 13 5
25 14 5
25 15 5
25 16 5
25 17 5
25 18 5
25 19 5
25 20 8
25 38 13
25 39 17
25 43 12
25 44 19
25 58 26
26 1 5
26 2 5
26 3 5
26 4 5
26 5 5
26 6 5
26 7 16
26 8 5
26 9 5
26 10 5
26 11 5
26 12 5
26 13 16
26 14 16
26 15 5
26 16 5
26 17 5
26 18 5
26 19 5
26 20 8
26 43 12
26 44 19
26 58 27
26 59 29
26 60 29
26 61 29
26 62 29
26 63 29
26 64 29
26 65 29
26 66 29
26 67 29
26 68 29
26 69 29
26 70 29
26 71 29
26 72 29
26 73 29
26 74 29
27 1 5
27 2 5
27 3 5
27 4 5
27 5 5
27 6 5
27 7 5
27 8 5
27 9 5
27 10 5
27 11 5
27 12 5
27 13 5
27 14 16
27 15 5
27 16 5
27 17 5
27 18 5
27 19 5
27 20 8
27 43 12
27 44 19
27 56 22
27 57 24
27 58 24
27 59 24
27 60 24
27 61 24
27 62 24
27 63 24
27 64 24
27 65 24
27 66 24
27 67 24
27 68 24
27 69 24
27 70 24
27 71 24
27 72 24
27 73 24
27 74 24
27 75 24
27 76 24
27 77 24
27 78 24
28 1 5
28 2 5
28 3 5
28 4 5
28 5 5
28 6 5
28 7 5
28 8 5
28 9 5
28 10 5
28 11 5
28 12 5
28 13 5
28 14 5
28 15 5
28 16 5
28 17 5
28 18 5
28 19 5
28 20 8
28 43 12
28 44 19
28 56 21
28 57 23
28 58 23
28 59 23
28 60 23
28 61 23
28 62 23
28 63 23
28 64 23
28 65 23
28 66 23
28 67 23
28 68 23
28 69 23
28 70 23
28 71 23
28 72 23
28 73 23
28 74 23
28 75 23
28 76 23
28 77 23
28 78 23
28 79 23
29 1 5
29 2 5
29 3 5
29 4 5
29 5 5
29 6 5
29 7 5
29 8 5
29 9 5
29 10 5
29 11 5
29 12 5
29 13 5
29 14 5
29 15 5
29 16 5
29 17 5
29 18 5
29 19 5
29 20 8
29 21 28
29 22 28
29 23 28
29 24 28
29 25 28
29 26 28
29 27 28
29 28 28
29 29 28
29 30 28
29 31 28
29 32 28
29 33 28
29 34 28
29 35 28
29 36 28
29 37 28
29 38 28
29 39 28
29 40 28
29 41 28
29 42 28
29 43 28
29 44 28
29 45 28
29 46 28
29 47 28
29 48 28
29 49 28
29 50 28
29 51 28
29 52 28
29 53 28
29 54 28
29 55 28
29 56 28
29 57 28
29 58 28
29 59 28
29 60 28
29 61 28
29 62 28
29 63 28
29 64 28
29 65 28
29 66 28
29 67 28
29 68 28
29 69 28
29 70 28
29 71 28
29 72 28
29 73 28
29 74 28
29 75 28
29 76 28
29 77 28
29 78 28
30 1 5
30 2 5
30 3 5
30 4 5
30 5 5
30 6 5
30 7 5
30 8 5
30 9 5
30 10 5
30 11 5
30 12 5
30 13 5
30 14 5
30 15 5
30 16 5
30 17 5
30 18 5
30 19 5
30 20 8
31 1 5
31 2 5
31 3 5
31 4 5
31 5 5
31 6 5
31 7 5
31 8 5
31 9 5
31 10 5
31 11 5
31 12 5
31 13 5
31 14 5
31 15 5
31 16 5
31 17 5
31 18 5
31 19 5
31 20 8
32 1 5
32 2 5
32 3 5
32 4 5
32 5 5
32 6 5
32 7 5
32 8 5
32 9 5
32 10 5
32 11 5
32 12 5
32 13 5
32 14 5
32 15 5
32 16 5
32 17 5
32 18 5
32 19 5
32 20 8
33 1 5
33 2 5
33 3 5
33 4 5
33 5 5
33 6 5
33 7 5
33 8 5
33 9 5
33 10 5
33 11 5
33 12 5
33 13 5
33 14 5
33 15 5
33 16 5
33 17 5
33 18 5
33 19 5
33 20 8
34 1 5
34 2 5
34 3 5
34 4 5
34 5 5
34 6 5
34 7 5
34 8 5
34 9 5
34 10 5
34 11 5
34 12 5
34 13 5
34 14 5
34 15 5
34 16 5
34 17 5
34 18 5
34 19 5
34 20 8
35 1 5
35 2 5
35 3 5
35 4 5
35 5 5
35 6 5
35 7 5
35 8 5
35 9 5
35 10 5
35 11 5
35 12 5
35 13 5
35 14 5
35 15 5
35 16 5
35 17 5
35 18 5
35 19 5
35 20 8
36 1 5
36 2 5
36 3 5
36 4 5
36 5 5
36 6 5
36 7 5
36 8 5
36 9 5
36 10 5
36 11 5
36 12 5
36 13 5
36 14 5
36 15 5
36 16 5
36 17 5
36 18 5
36 19 5
36 20 8
37 1 5
37 2 5
37 3 5
37 4 5
37 5 5
37 6 5
37 7 5
37 8 5
37 9 5
37 10 5
37 11 5
37 12 5
37 13 5
37 14 5
37 15 5
37 16 5
37 17 5
37 18 5
37 19 5
37 20 8
::TILES-> END
::BONUS-> BEGIN
5 24 16
5 30 16
5 36 16
5 42 16
5 48 16
5 54 4
8 27 16
8 33 16
8 39 16
8 45 16
8 51 16
8 54 16
9 57 16
9 58 16
10 57 1
10 58 1
10 59 1
15 39 16
19 34 2
::BONUS-> END
::COIN-> BEGIN
5 57
6 57
7 57
8 57
17 6
17 8
17 10
::COIN-> END
BRETT 400 560
KILLERBLUME 13 4
GOOMBA 14 57
GOOMBA 17 57
GOOMBA 21 57
RESTART data/levels/grasslevels/iceland2
START 0 418 121 1
EXIT 0 431 2226 data/levels/grasslevels/shroomland 0 0
START 1 0 0 0
EXIT 1 1113 2228 data/levels/grasslevels/shroomland 0 0
START 2 0 0 0
EXIT 2 0 0 NONE 0 0
START 3 0 0 0
EXIT 3 0 0 NONE 0 0
START 4 0 0 0
EXIT 4 0 0 NONE 0 0
BGCOLOR 0

MUSIC orig.mid
BACKGROUND data/gfx/background/iceland.jpg
