# Level for Mega Mario

TEXTURE data/gfx/tiles/ground/mush/mushgreenMM.png
TEXTURE data/gfx/tiles/ground/mush/mushgreenML.png
TEXTURE data/gfx/tiles/ground/mush/mushgreenMLR.png
TEXTURE data/gfx/tiles/ground/mush/mushgreenMLR.png
TEXTURE data/gfx/tiles/ground/mush/mushgreenMR.png
TEXTURE data/gfx/tiles/ground/mush/mushgreenTM.png
TEXTURE data/gfx/tiles/ground/mush/mushgreenTM2.png
TEXTURE data/gfx/tiles/ground/mush/mushgreenTL.png
TEXTURE data/gfx/tiles/ground/mush/mushgreenTR.png
TEXTURE data/gfx/tiles/ground/mush/mushgreenTR2.png
TEXTURE data/gfx/tiles/ground/stone4.png
TEXTURE data/gfx/tiles/ground/bridge/bridgeML.png
TEXTURE data/gfx/tiles/ground/bridge/bridgeMR.png
TEXTURE data/gfx/tiles/ground/bridge/bridgeTL.png
TEXTURE data/gfx/tiles/ground/bridge/bridgeTM.png
TEXTURE data/gfx/tiles/ground/bridge/bridgeTR.png
TEXTURE data/gfx/tiles/pipes/up/1.png
TEXTURE data/gfx/tiles/pipes/up/2.png
TEXTURE data/gfx/tiles/pipes/up/3.png
TEXTURE data/gfx/tiles/pipes/up/4.png
TEXTURE data/gfx/tiles/pipes/down/1.png
TEXTURE data/gfx/tiles/pipes/down/2.png
TEXTURE data/gfx/tiles/pipes/down/3.png
TEXTURE data/gfx/tiles/pipes/down/4.png
TEXTURE data/gfx/tiles/pipes/right/1.png
TEXTURE data/gfx/tiles/pipes/right/2.png
TEXTURE data/gfx/tiles/pipes/right/3.png
TEXTURE data/gfx/tiles/pipes/right/4.png
TEXTURE data/gfx/tiles/pipes/left/1.png
TEXTURE data/gfx/tiles/pipes/left/2.png
TEXTURE data/gfx/tiles/pipes/left/3.png
TEXTURE data/gfx/tiles/pipes/left/4.png
::TILES-> BEGIN
1 84 7
1 85 1
1 86 1
1 87 1
1 88 1
1 89 1
1 90 1
1 91 1
1 92 1
1 93 1
1 94 1
1 95 1
1 96 1
1 97 1
1 98 1
1 99 1
2 84 7
2 85 5
2 86 5
2 87 5
2 88 5
2 89 5
2 90 5
2 91 5
2 92 5
2 93 5
2 94 5
2 95 5
2 96 5
2 97 5
2 98 5
2 99 5
3 84 9
17 91 8
18 91 7
18 92 2
18 93 2
18 94 2
18 95 2
18 96 2
18 97 2
18 98 2
18 99 2
19 91 7
19 92 1
19 93 1
19 94 1
19 95 1
19 96 1
19 97 1
19 98 1
19 99 1
20 91 7
20 92 5
20 93 5
20 94 5
20 95 5
20 96 5
20 97 5
20 98 5
20 99 5
21 91 9
24 97 8
25 86 11
25 97 7
25 98 4
25 99 4
26 97 9
29 93 8
30 93 7
30 94 2
30 95 2
30 96 2
30 97 2
30 98 2
30 99 2
31 85 8
31 93 7
31 94 1
31 95 1
31 96 1
31 97 1
31 98 1
31 99 1
32 85 6
32 89 8
32 93 7
32 94 1
32 95 1
32 96 1
32 97 1
32 98 1
32 99 1
33 85 6
33 89 6
33 93 7
33 94 1
33 95 1
33 96 1
33 97 1
33 98 1
33 99 1
34 85 6
34 89 6
34 93 7
34 94 1
34 95 1
34 96 1
34 97 1
34 98 1
34 99 1
35 85 6
35 89 9
35 93 7
35 94 5
35 95 5
35 96 5
35 97 5
35 98 5
35 99 5
36 85 9
36 93 9
39 95 11
39 96 11
39 97 8
40 96 11
40 97 7
40 98 2
40 99 2
41 97 7
41 98 1
41 99 1
42 97 7
42 98 5
42 99 5
43 97 9
47 94 8
48 94 7
48 95 2
48 96 2
48 97 2
48 98 2
48 99 2
49 93 11
49 94 7
49 95 5
49 96 5
49 97 5
49 98 5
49 99 5
50 92 11
50 93 11
50 94 9
51 89 11
51 90 11
52 90 8
53 90 7
53 91 4
53 92 4
53 93 4
53 94 4
53 95 4
53 96 4
53 97 4
53 98 4
53 99 4
54 90 9
55 89 11
55 90 11
60 89 11
60 90 11
61 90 8
62 90 7
62 91 4
62 92 4
62 93 4
62 94 4
62 95 4
62 96 4
62 97 4
62 98 4
62 99 4
63 90 9
64 89 11
64 90 11
69 85 11
69 86 11
69 87 11
69 88 8
70 88 7
70 89 4
70 90 4
70 91 4
70 92 4
70 93 4
70 94 4
70 95 4
70 96 4
70 97 4
70 98 4
70 99 4
71 88 9
72 93 11
72 94 11
72 95 11
72 96 8
73 94 11
73 95 11
73 96 7
73 97 2
73 98 2
73 99 2
74 95 11
74 96 7
74 97 1
74 98 1
74 99 1
75 96 7
75 97 1
75 98 1
75 99 1
76 96 7
76 97 1
76 98 1
76 99 1
77 96 7
77 97 1
77 98 1
77 99 1
78 96 7
78 97 1
78 98 1
78 99 1
79 96 7
79 97 1
79 98 1
79 99 1
80 94 11
80 95 11
80 96 7
80 97 1
80 98 1
80 99 1
81 95 11
81 96 7
81 97 1
81 98 1
81 99 1
82 95 7
82 96 7
82 97 5
82 98 5
82 99 5
83 95 7
83 96 10
83 97 1
83 98 1
83 99 1
84 92 8
84 95 7
84 96 5
84 97 5
84 98 5
84 99 5
85 90 11
85 91 11
85 92 7
85 93 2
85 94 2
85 95 10
85 96 1
85 97 1
85 98 1
85 99 1
86 87 8
86 92 7
86 93 1
86 94 1
86 95 1
86 96 1
86 97 1
86 98 1
86 99 1
87 87 7
87 88 2
87 89 2
87 90 2
87 91 2
87 92 7
87 93 5
87 94 5
87 95 5
87 96 5
87 97 5
87 98 5
87 99 5
88 87 7
88 88 1
88 89 1
88 90 1
88 91 1
88 92 10
88 93 1
88 94 1
88 95 1
88 96 1
88 97 1
88 98 1
88 99 1
89 87 7
89 88 1
89 89 1
89 90 1
89 91 1
89 92 1
89 93 1
89 94 1
89 95 1
89 96 1
89 97 1
89 98 1
89 99 1
90 87 7
90 88 5
90 89 5
90 90 5
90 91 5
90 92 5
90 93 5
90 94 5
90 95 5
90 96 5
90 97 5
90 98 5
90 99 5
91 87 6
91 93 7
91 94 5
91 95 5
91 96 5
91 97 5
91 98 5
91 99 7
92 87 6
92 93 6
92 99 7
93 87 6
93 93 9
93 99 7
94 87 9
94 90 8
94 96 8
94 99 7
95 90 6
95 96 6
95 99 7
96 77 8
96 90 7
96 91 2
96 92 2
96 93 2
96 94 2
96 95 2
96 96 6
96 99 9
97 77 7
97 78 4
97 79 4
97 80 4
97 81 3
97 82 3
97 83 3
97 84 3
97 85 3
97 86 3
97 87 3
97 88 3
97 89 3
97 90 11
97 91 3
97 92 3
97 93 4
97 94 4
97 95 4
97 96 6
98 77 9
98 90 7
98 91 5
98 92 5
98 93 5
98 94 5
98 95 5
98 96 6
98 99 8
99 90 6
99 96 9
99 99 7
100 90 9
100 99 7
101 99 7
102 85 11
102 86 8
102 99 7
103 86 7
103 87 2
103 88 2
103 89 2
103 90 2
103 91 2
103 92 2
103 93 2
103 94 2
103 95 2
103 96 2
103 97 2
103 98 2
103 99 2
104 86 7
104 87 1
104 88 1
104 89 1
104 90 1
104 91 1
104 92 1
104 93 1
104 94 1
104 95 1
104 96 1
104 97 1
104 98 1
104 99 1
105 86 7
105 87 1
105 88 1
105 89 1
105 90 1
105 91 1
105 92 1
105 93 1
105 94 1
105 95 1
105 96 1
105 97 1
105 98 1
105 99 1
106 85 14
106 86 7
106 87 5
106 88 5
106 89 5
106 90 5
106 91 5
106 92 5
106 93 5
106 94 5
106 95 5
106 96 5
106 97 5
106 98 5
106 99 5
107 85 15
107 86 9
108 85 15
109 85 15
110 85 15
111 85 15
112 85 15
113 85 15
114 85 15
114 91 8
114 97 8
115 85 16
115 86 13
115 87 13
115 88 13
115 89 11
115 90 11
115 91 7
115 92 2
115 93 2
115 94 2
115 95 2
115 96 2
115 97 7
115 98 2
115 99 2
116 90 11
116 91 7
116 92 1
116 93 1
116 94 1
116 95 1
116 96 1
116 97 7
116 98 1
116 99 1
117 91 7
117 92 1
117 93 1
117 94 1
117 95 1
117 96 1
117 97 7
117 98 1
117 99 1
118 91 7
118 92 1
118 93 1
118 94 1
118 95 1
118 96 1
118 97 7
118 98 1
118 99 1
119 91 7
119 92 1
119 93 1
119 94 1
119 95 1
119 96 1
119 97 7
119 98 1
119 99 1
120 91 7
120 92 1
120 93 1
120 94 1
120 95 1
120 96 1
120 97 7
120 98 1
120 99 1
121 91 7
121 92 1
121 93 1
121 94 1
121 95 1
121 96 1
121 97 7
121 98 1
121 99 1
122 91 7
122 92 1
122 93 1
122 94 1
122 95 1
122 96 1
122 97 7
122 98 1
122 99 1
123 91 7
123 92 5
123 93 5
123 94 5
123 95 5
123 96 5
123 97 7
123 98 5
123 99 5
124 85 11
124 90 11
124 91 9
124 97 6
125 97 6
126 97 6
127 97 6
128 97 6
129 90 8
129 97 6
130 90 7
130 91 2
130 92 2
130 93 2
130 94 2
130 95 2
130 96 2
130 97 7
130 98 2
130 99 2
131 90 7
131 91 1
131 92 1
131 93 1
131 94 1
131 95 1
131 96 1
131 97 10
131 98 1
131 99 1
132 88 18
132 89 20
132 90 7
132 91 1
132 92 1
132 93 1
132 94 1
132 95 1
132 96 1
132 97 1
132 98 1
132 99 1
133 88 17
133 89 19
133 90 7
133 91 1
133 92 1
133 93 1
133 94 1
133 95 1
133 96 1
133 97 1
133 98 1
133 99 1
134 90 7
134 91 1
134 92 1
134 93 1
134 94 1
134 95 1
134 96 1
134 97 1
134 98 1
134 99 1
135 90 7
135 91 5
135 92 5
135 93 5
135 94 5
135 95 5
135 96 5
135 97 5
135 98 5
135 99 5
136 90 9
::TILES-> END
::BONUS-> BEGIN
25 94 2
31 86 1
31 87 1
31 88 1
31 89 1
36 79 15
36 86 1
36 87 1
36 88 1
36 89 1
76 91 16
76 92 1
77 91 16
77 92 1
78 91 16
78 92 1
102 94 2
125 94 16
126 94 16
127 94 16
::BONUS-> END
::COIN-> BEGIN
32 86
32 87
32 88
33 86
33 87
33 88
34 86
34 87
34 88
35 86
35 87
35 88
39 92
39 93
39 94
40 92
40 93
40 94
54 87
55 86
56 86
57 85
58 85
59 86
60 86
61 87
99 84
99 85
99 86
99 87
::COIN-> END
FIRECIRCLE 25 86 8
GOOMBA 31 92
GOOMBA 34 88
TURTLE 35 91
GOOMBA 36 84
TURTLE 48 89
TURTLEFLY 52 71
GOOMBA 53 89
GOOMBA 62 89
GOOMBA 78 95
GOOMBA 85 88
TURTLE 88 85
TURTLEFLY 90 44
FIRECIRCLE 97 90 8
GOOMBA 112 84
GOOMBA 114 84
SPINY 119 90
FIRECIRCLE 124 85 8
GOOMBA 128 96
TURTLEFLY 129 88
RESTART data/levels/grasslevels/shroomland
START 0 756 3571 0
EXIT 0 5311 3507 data/levels/grasslevels/green2 0 0
START 1 0 0 0
EXIT 1 0 0 NONE 0 0
START 2 0 0 0
EXIT 2 0 0 NONE 0 0
START 3 0 0 0
EXIT 3 0 0 NONE 0 0
START 4 0 0 0
EXIT 4 0 0 NONE 0 0
BGCOLOR 1

MUSIC megagroove.mid

