# Level for Mega Mario

TEXTURE data/gfx/tiles/ground/stone0.png
TEXTURE data/gfx/tiles/ground/stone1.png
TEXTURE data/gfx/tiles/ground/stone2.png
TEXTURE data/gfx/tiles/ground/stone3.png
TEXTURE data/gfx/tiles/ground/stone4.png
TEXTURE data/gfx/tiles/ground/stone5.png
TEXTURE data/gfx/tiles/ground/stone6.png
TEXTURE data/gfx/tiles/ground/bricks.png
TEXTURE data/gfx/tiles/ground/bricks2.png
TEXTURE data/gfx/tiles/ground/snowy.png
TEXTURE data/gfx/tiles/ground/grass.png
TEXTURE data/gfx/tiles/ground/sand.png
TEXTURE data/gfx/tiles/ground/metal.png
TEXTURE data/gfx/tiles/cannonset1.png
TEXTURE data/gfx/tiles/cannonset2.png
TEXTURE data/gfx/tiles/pipes/up/1.png
TEXTURE data/gfx/tiles/pipes/up/2.png
TEXTURE data/gfx/tiles/pipes/up/3.png
TEXTURE data/gfx/tiles/pipes/up/4.png
TEXTURE data/gfx/tiles/pipes/down/1.png
TEXTURE data/gfx/tiles/pipes/down/2.png
TEXTURE data/gfx/tiles/pipes/down/3.png
TEXTURE data/gfx/tiles/pipes/down/4.png
TEXTURE data/gfx/tiles/pipes/right/1.png
TEXTURE data/gfx/tiles/pipes/right/2.png
TEXTURE data/gfx/tiles/pipes/right/3.png
TEXTURE data/gfx/tiles/pipes/right/4.png
TEXTURE data/gfx/tiles/pipes/left/1.png
TEXTURE data/gfx/tiles/pipes/left/2.png
TEXTURE data/gfx/tiles/pipes/left/3.png
TEXTURE data/gfx/tiles/pipes/left/4.png
TEXTURE data/gfx/tiles/conveyorL.png
TEXTURE data/gfx/tiles/conveyorR.png
::TILES-> BEGIN
54 62 1
54 63 1
54 64 1
54 65 1
54 66 1
54 67 1
54 68 1
54 69 1
54 70 1
54 71 1
54 72 1
54 73 1
54 74 1
54 75 1
54 76 1
54 77 1
54 78 1
54 79 1
54 80 1
54 81 1
55 62 1
55 63 1
55 64 1
55 65 1
55 66 1
55 67 1
55 68 1
55 69 1
55 70 1
55 71 1
55 72 1
55 73 1
55 74 1
55 75 1
55 76 1
55 77 1
55 78 1
55 79 1
55 80 1
55 81 1
56 62 1
56 63 1
56 64 1
56 65 1
56 66 1
56 67 1
56 68 1
56 69 1
56 70 1
56 71 1
56 72 1
56 73 1
56 74 1
56 75 1
56 76 1
56 77 1
56 78 1
56 79 1
56 80 1
56 81 1
57 62 1
57 63 1
57 64 1
57 65 1
57 66 1
57 67 1
57 68 1
57 69 1
57 70 1
57 71 1
57 72 1
57 73 1
57 74 1
57 75 1
57 76 1
57 77 1
57 78 1
57 79 1
57 80 1
57 81 1
58 59 1
58 60 1
58 61 1
58 62 1
58 63 1
58 64 1
58 65 1
58 66 1
58 67 1
58 68 1
58 69 1
58 70 1
58 71 1
58 72 1
58 73 1
58 74 1
58 75 1
58 76 1
58 77 1
58 78 1
58 79 1
58 80 1
58 81 1
58 88 1
59 59 1
59 60 1
59 61 1
59 62 1
59 63 1
59 64 1
59 65 1
59 66 1
59 67 1
59 68 1
59 69 1
59 70 1
59 71 1
59 72 1
59 73 1
59 74 1
59 75 1
59 76 1
59 77 1
59 78 1
59 79 1
59 80 1
59 81 1
59 88 1
60 59 1
60 60 1
60 61 1
60 62 1
60 63 1
60 64 1
60 65 1
60 66 1
60 67 1
60 68 1
60 69 1
60 70 1
60 71 1
60 72 1
60 73 1
60 74 1
60 75 1
60 76 1
60 77 1
60 78 1
60 79 1
60 80 1
60 81 1
60 88 1
61 59 1
61 60 1
61 61 1
61 62 1
61 63 1
61 64 1
61 65 1
61 66 1
61 67 1
61 68 1
61 69 1
61 70 1
61 71 1
61 72 1
61 73 1
61 74 1
61 75 1
61 76 1
61 77 1
61 78 1
61 79 1
61 80 1
61 81 1
61 84 1
61 85 1
61 86 1
61 87 1
61 88 1
61 89 1
61 90 1
61 91 1
61 92 1
61 93 1
61 94 1
61 95 1
61 96 1
61 97 1
61 98 1
61 99 1
62 59 1
62 60 1
62 61 1
62 62 1
62 63 1
62 64 1
62 65 1
62 66 1
62 67 1
62 68 1
62 69 1
62 70 1
62 71 1
62 72 1
62 73 1
62 74 1
62 75 1
62 76 1
62 77 1
62 78 1
62 79 1
62 80 1
62 81 1
62 84 1
62 85 1
62 86 1
62 87 1
62 88 1
62 89 1
62 90 1
62 91 1
62 92 1
62 93 1
62 94 1
62 95 1
62 96 1
62 97 1
62 98 1
62 99 1
63 59 1
63 60 1
63 61 1
63 62 1
63 63 1
63 64 1
63 65 1
63 66 1
63 67 1
63 68 1
63 69 1
63 70 1
63 71 1
63 72 1
63 73 1
63 74 1
63 75 1
63 76 1
63 77 1
63 78 1
63 79 1
63 80 1
63 81 1
63 84 1
63 85 1
63 86 1
63 87 1
63 88 1
63 89 1
63 90 1
63 91 1
63 92 1
63 93 1
63 94 1
63 95 1
63 96 1
63 97 1
63 98 1
63 99 1
64 59 1
64 60 1
64 61 1
64 62 1
64 63 1
64 64 1
64 65 1
64 66 1
64 67 1
64 68 1
64 69 1
64 70 1
64 71 1
64 72 1
64 73 1
64 74 1
64 75 1
64 76 1
64 77 1
64 78 1
64 79 1
64 80 1
64 81 1
64 84 1
64 85 1
64 86 1
64 87 1
64 88 1
64 89 1
64 90 1
64 91 1
64 92 1
64 93 1
64 94 1
64 95 1
64 96 1
64 97 1
64 98 1
64 99 1
65 59 1
65 60 1
65 61 1
65 62 1
65 63 1
65 64 1
65 65 1
65 66 1
65 67 1
65 68 1
65 69 1
65 70 1
65 71 1
65 72 1
65 73 1
65 74 1
65 75 1
65 76 1
65 77 1
65 78 1
65 79 1
65 80 1
65 81 1
65 82 26
65 83 27
65 84 1
65 85 1
65 86 1
65 87 1
65 88 1
65 89 1
65 90 1
65 91 1
65 92 1
65 93 1
65 94 1
65 95 1
65 96 1
65 97 1
65 98 1
65 99 1
66 59 1
66 60 1
66 61 1
66 62 1
66 63 1
66 64 1
66 65 1
66 66 1
66 67 1
66 68 1
66 69 1
66 70 1
66 71 1
66 72 1
66 73 1
66 74 1
66 75 1
66 76 1
66 77 1
66 78 1
66 79 1
66 80 1
66 81 1
66 82 26
66 83 27
66 84 1
66 85 1
66 86 1
66 87 1
66 88 1
66 89 1
66 90 1
66 91 1
66 92 1
66 93 1
66 94 1
66 95 1
66 96 1
66 97 1
66 98 1
66 99 1
67 59 1
67 60 1
67 61 1
67 62 1
67 63 1
67 64 1
67 65 1
67 66 1
67 67 1
67 68 1
67 69 1
67 70 1
67 71 1
67 72 1
67 73 1
67 74 1
67 75 1
67 76 1
67 77 1
67 78 1
67 79 1
67 80 1
67 81 1
67 82 26
67 83 27
67 84 1
67 85 1
67 86 1
67 87 1
67 88 1
67 89 1
67 90 1
67 91 1
67 92 1
67 93 1
67 94 1
67 95 1
67 96 1
67 97 1
67 98 1
67 99 1
68 59 1
68 60 1
68 61 1
68 62 1
68 63 1
68 64 1
68 65 1
68 66 1
68 67 1
68 68 1
68 69 1
68 70 1
68 71 1
68 72 1
68 73 1
68 74 1
68 75 1
68 76 1
68 77 1
68 78 1
68 79 1
68 80 1
68 81 1
68 82 26
68 83 27
68 84 1
68 85 1
68 86 1
68 87 1
68 88 1
68 89 1
68 90 1
68 91 1
68 92 1
68 93 1
68 94 1
68 95 1
68 96 1
68 97 1
68 98 1
68 99 1
69 59 1
69 60 1
69 61 1
69 62 1
69 63 1
69 64 1
69 65 1
69 66 1
69 67 1
69 68 1
69 69 1
69 70 1
69 71 1
69 72 1
69 73 1
69 74 1
69 75 1
69 76 1
69 77 1
69 78 1
69 79 1
69 80 1
69 81 1
69 82 26
69 83 27
69 84 1
69 85 1
69 86 1
69 87 1
69 88 1
69 89 1
69 90 1
69 91 1
69 92 1
69 93 1
69 94 1
69 95 1
69 96 1
69 97 1
69 98 1
69 99 1
70 59 1
70 60 1
70 61 1
70 62 1
70 63 1
70 64 1
70 65 1
70 66 1
70 67 1
70 68 1
70 69 1
70 70 1
70 71 1
70 72 1
70 73 1
70 74 1
70 75 1
70 76 1
70 77 1
70 78 1
70 79 1
70 80 1
70 81 1
70 82 26
70 83 27
70 84 1
70 85 1
70 86 1
70 87 1
70 88 1
70 89 1
70 90 1
70 91 1
70 92 1
70 93 1
70 94 1
70 95 1
70 96 1
70 97 1
70 98 1
70 99 1
71 59 1
71 60 1
71 61 1
71 62 1
71 63 1
71 64 1
71 65 1
71 66 1
71 67 1
71 68 1
71 69 1
71 70 1
71 71 1
71 72 1
71 73 1
71 74 1
71 75 1
71 76 1
71 77 1
71 78 1
71 79 1
71 80 1
71 81 1
71 82 26
71 83 27
71 84 1
71 85 1
71 86 1
71 87 1
71 88 1
71 89 1
71 90 1
71 91 1
71 92 1
71 93 1
71 94 1
71 95 1
71 96 1
71 97 1
71 98 1
71 99 1
72 59 1
72 60 1
72 61 1
72 62 1
72 63 1
72 64 1
72 65 1
72 66 1
72 67 1
72 68 1
72 69 1
72 70 1
72 71 1
72 72 1
72 73 1
72 74 1
72 75 1
72 76 1
72 77 1
72 78 1
72 79 1
72 80 1
72 81 1
72 82 26
72 83 27
72 84 1
72 85 1
72 86 1
72 87 1
72 88 1
72 89 1
72 90 1
72 91 1
72 92 1
72 93 1
72 94 1
72 95 1
72 96 1
72 97 1
72 98 1
72 99 1
73 59 1
73 60 1
73 61 1
73 62 1
73 63 1
73 64 1
73 65 1
73 66 1
73 67 1
73 68 1
73 69 1
73 70 1
73 71 1
73 72 1
73 73 1
73 74 1
73 75 1
73 76 1
73 77 1
73 78 1
73 79 1
73 80 1
73 81 1
73 82 26
73 83 27
73 84 1
73 85 1
73 86 1
73 87 1
73 88 1
73 89 1
73 90 1
73 91 1
73 92 1
73 93 1
73 94 1
73 95 1
73 96 1
73 97 1
73 98 1
73 99 1
74 59 1
74 60 1
74 61 1
74 62 1
74 63 1
74 64 1
74 65 1
74 66 1
74 67 1
74 68 1
74 69 1
74 70 1
74 71 1
74 72 1
74 73 1
74 74 1
74 75 1
74 76 1
74 77 1
74 78 1
74 79 1
74 80 1
74 81 1
74 82 26
74 83 27
74 84 1
74 85 1
74 86 1
74 87 1
74 88 1
74 89 1
74 90 1
74 91 1
74 92 1
74 93 1
74 94 1
74 95 1
74 96 1
74 97 1
74 98 1
74 99 1
75 59 1
75 60 1
75 61 1
75 62 1
75 63 1
75 64 1
75 65 1
75 66 1
75 67 1
75 68 1
75 69 1
75 70 1
75 71 1
75 72 1
75 73 1
75 74 1
75 75 1
75 76 1
75 77 1
75 78 1
75 79 1
75 80 1
75 81 1
75 82 26
75 83 27
75 84 1
75 85 1
75 86 1
75 87 1
75 88 1
75 89 1
75 90 1
75 91 1
75 92 1
75 93 1
75 94 1
75 95 1
75 96 1
75 97 1
75 98 1
75 99 1
76 54 1
76 55 1
76 56 1
76 57 1
76 58 1
76 59 1
76 60 1
76 61 1
76 62 1
76 63 1
76 64 1
76 65 1
76 66 1
76 67 1
76 68 1
76 69 1
76 70 1
76 71 1
76 72 1
76 73 1
76 74 1
76 75 1
76 76 1
76 77 1
76 78 1
76 79 1
76 80 1
76 81 1
76 82 26
76 83 27
76 84 1
76 85 1
76 86 1
76 87 1
76 88 1
76 89 1
76 90 1
76 91 1
76 92 1
76 93 1
76 94 1
76 95 1
76 96 1
76 97 1
76 98 1
76 99 1
77 59 1
77 60 1
77 61 1
77 62 1
77 63 1
77 64 1
77 65 1
77 66 1
77 67 1
77 68 1
77 69 1
77 70 1
77 71 1
77 72 1
77 73 1
77 74 1
77 75 1
77 76 1
77 77 1
77 78 1
77 79 1
77 80 1
77 81 1
77 82 26
77 83 27
77 84 1
77 85 1
77 86 1
77 87 1
77 88 1
77 89 1
77 90 1
77 91 1
77 92 1
77 93 1
77 94 1
77 95 1
77 96 1
77 97 1
77 98 1
77 99 1
78 62 1
78 63 1
78 64 1
78 65 1
78 66 1
78 67 1
78 68 1
78 69 1
78 70 1
78 71 1
78 72 1
78 73 1
78 74 1
78 75 1
78 76 1
78 77 1
78 78 1
78 79 1
78 80 1
78 81 1
78 82 26
78 83 27
78 84 1
78 85 1
78 86 1
78 87 1
78 88 1
78 89 1
78 90 1
78 91 1
78 92 1
78 93 1
78 94 1
78 95 1
78 96 1
78 97 1
78 98 1
78 99 1
79 71 1
79 72 1
79 73 1
79 74 1
79 75 1
79 82 26
79 83 31
79 88 4
79 89 1
79 90 1
79 91 1
79 92 1
79 93 1
79 94 1
79 95 1
79 96 1
79 97 1
79 98 1
79 99 1
80 71 1
80 72 1
80 73 1
80 74 1
80 75 1
80 82 26
80 83 31
80 88 4
80 89 1
80 90 1
80 91 1
80 92 1
80 93 1
80 94 1
80 95 1
80 96 1
80 97 1
80 98 1
80 99 1
81 71 1
81 72 1
81 73 1
81 74 1
81 75 1
81 82 30
81 83 31
81 88 4
81 89 1
81 90 1
81 91 1
81 92 1
81 93 1
81 94 1
81 95 1
81 96 1
81 97 1
81 98 1
81 99 1
82 71 1
82 72 1
82 73 1
82 74 1
82 75 1
82 82 30
82 83 31
82 88 4
82 89 1
82 90 1
82 91 1
82 92 1
82 93 1
82 94 1
82 95 1
82 96 1
82 97 1
82 98 1
82 99 1
83 71 1
83 72 1
83 73 1
83 74 1
83 75 1
83 82 24
83 83 25
83 88 4
83 89 1
83 90 1
83 91 1
83 92 1
83 93 1
83 94 1
83 95 1
83 96 1
83 97 1
83 98 1
83 99 1
84 71 1
84 72 1
84 73 1
84 74 1
84 75 1
84 88 4
84 89 1
84 90 1
84 91 1
84 92 1
84 93 1
84 94 1
84 95 1
84 96 1
84 97 1
84 98 1
84 99 1
85 71 1
85 72 1
85 73 1
85 74 1
85 75 1
85 88 4
85 89 1
85 90 1
85 91 1
85 92 1
85 93 1
85 94 1
85 95 1
85 96 1
85 97 1
85 98 1
85 99 1
86 71 1
86 72 1
86 73 1
86 74 1
86 75 1
86 88 4
86 89 1
86 90 1
86 91 1
86 92 1
86 93 1
86 94 1
86 95 1
86 96 1
86 97 1
86 98 1
86 99 1
87 71 1
87 72 1
87 73 1
87 74 1
87 75 1
87 88 4
87 89 1
87 90 1
87 91 1
87 92 1
87 93 1
87 94 1
87 95 1
87 96 1
87 97 1
87 98 1
87 99 1
88 71 1
88 72 1
88 73 1
88 74 1
88 75 1
88 88 4
88 89 1
88 90 1
88 91 1
88 92 1
88 93 1
88 94 1
88 95 1
88 96 1
88 97 1
88 98 1
88 99 1
89 71 1
89 72 1
89 73 1
89 74 1
89 75 1
89 76 1
89 77 1
89 78 1
89 79 1
89 80 1
89 81 1
89 82 1
89 83 1
89 84 1
89 88 4
89 89 1
89 90 1
89 91 1
89 92 1
89 93 1
89 94 1
89 95 1
89 96 1
89 97 1
89 98 1
89 99 1
90 71 1
90 72 1
90 73 1
90 74 1
90 75 5
90 76 5
90 77 5
90 78 5
90 79 5
90 80 5
90 81 5
90 82 5
90 83 5
90 84 1
90 88 4
90 89 1
90 90 1
90 91 1
90 92 1
90 93 1
90 94 1
90 95 1
90 96 1
90 97 1
90 98 1
90 99 1
91 71 1
91 72 1
91 73 1
91 74 1
91 75 5
91 76 5
91 77 5
91 78 5
91 79 5
91 80 5
91 81 5
91 82 5
91 83 5
91 84 1
91 88 4
91 89 1
91 90 1
91 91 1
91 92 1
91 93 1
91 94 1
91 95 1
91 96 1
91 97 1
91 98 1
91 99 1
92 71 1
92 72 1
92 73 1
92 74 1
92 75 5
92 76 5
92 77 5
92 78 5
92 79 5
92 80 5
92 81 5
92 82 5
92 83 5
92 84 1
92 88 4
92 89 1
92 90 1
92 91 1
92 92 1
92 93 1
92 94 1
92 95 1
92 96 1
92 97 1
92 98 1
92 99 1
93 71 1
93 72 1
93 73 1
93 74 1
93 75 5
93 76 5
93 77 5
93 78 5
93 79 5
93 80 5
93 81 5
93 82 5
93 83 5
93 84 1
93 88 4
93 89 1
93 90 1
93 91 1
93 92 1
93 93 1
93 94 1
93 95 1
93 96 1
93 97 1
93 98 1
93 99 1
94 71 1
94 72 1
94 73 1
94 74 1
94 75 5
94 76 5
94 77 5
94 78 5
94 79 5
94 80 5
94 81 5
94 82 5
94 83 5
94 84 1
94 88 4
94 89 1
94 90 1
94 91 1
94 92 1
94 93 1
94 94 1
94 95 1
94 96 1
94 97 1
94 98 1
94 99 1
95 71 1
95 72 1
95 73 1
95 74 1
95 75 5
95 76 5
95 77 5
95 78 5
95 79 5
95 80 5
95 81 5
95 82 5
95 83 5
95 84 1
95 88 4
95 89 1
95 90 1
95 91 1
95 92 1
95 93 1
95 94 1
95 95 1
95 96 1
95 97 1
95 98 1
95 99 1
96 71 1
96 72 1
96 73 1
96 74 1
96 75 5
96 76 5
96 77 5
96 78 5
96 79 5
96 80 5
96 81 5
96 82 5
96 83 5
96 84 1
96 88 4
96 89 1
96 90 1
96 91 1
96 92 1
96 93 1
96 94 1
96 95 1
96 96 1
96 97 1
96 98 1
96 99 1
97 71 1
97 72 1
97 73 1
97 74 1
97 75 5
97 76 5
97 77 5
97 78 5
97 79 5
97 80 5
97 81 5
97 82 5
97 83 5
97 84 1
97 88 4
97 89 1
97 90 1
97 91 1
97 92 1
97 93 1
97 94 1
97 95 1
97 96 1
97 97 1
97 98 1
97 99 1
98 71 1
98 72 1
98 73 1
98 74 1
98 75 5
98 76 5
98 77 5
98 78 5
98 79 5
98 80 5
98 81 5
98 82 5
98 83 5
98 84 1
98 88 4
98 89 1
98 90 1
98 91 1
98 92 1
98 93 1
98 94 1
98 95 1
98 96 1
98 97 1
98 98 1
98 99 1
99 71 1
99 72 1
99 73 1
99 74 1
99 75 5
99 76 5
99 77 5
99 78 5
99 79 5
99 80 5
99 81 5
99 82 5
99 83 5
99 84 1
99 88 4
99 89 1
99 90 1
99 91 1
99 92 1
99 93 1
99 94 1
99 95 1
99 96 1
99 97 1
99 98 1
99 99 1
100 71 1
100 72 1
100 73 1
100 74 1
100 75 5
100 76 5
100 77 5
100 78 5
100 79 5
100 80 5
100 81 5
100 82 5
100 83 1
100 88 4
100 89 1
100 90 1
100 91 1
100 92 1
100 93 1
100 94 1
100 95 1
100 96 1
100 97 1
100 98 1
100 99 1
101 71 1
101 72 1
101 73 1
101 74 1
101 75 5
101 76 5
101 77 5
101 78 1
101 79 1
101 80 1
101 81 1
101 82 1
101 88 4
101 89 1
101 90 1
101 91 1
101 92 1
101 93 1
101 94 1
101 95 1
101 96 1
101 97 1
101 98 1
101 99 1
102 71 1
102 72 1
102 73 1
102 74 1
102 75 5
102 76 5
102 77 5
102 78 1
102 88 4
102 89 1
102 90 1
102 91 1
102 92 1
102 93 1
102 94 1
102 95 1
102 96 1
102 97 1
102 98 1
102 99 1
103 71 1
103 72 1
103 73 1
103 74 1
103 75 5
103 76 5
103 77 5
103 78 1
103 88 4
103 89 1
103 90 1
103 91 1
103 92 1
103 93 1
103 94 1
103 95 1
103 96 1
103 97 1
103 98 1
103 99 1
104 71 1
104 72 1
104 73 1
104 74 1
104 75 5
104 76 5
104 77 5
104 78 1
104 88 4
104 89 1
104 90 1
104 91 1
104 92 1
104 93 1
104 94 1
104 95 1
104 96 1
104 97 1
104 98 1
104 99 1
105 71 1
105 72 1
105 73 1
105 74 1
105 75 5
105 76 5
105 77 5
105 78 1
105 85 1
105 86 1
105 87 1
105 88 4
105 89 1
105 90 1
105 91 1
105 92 1
105 93 1
105 94 1
105 95 1
105 96 1
105 97 1
105 98 1
105 99 1
106 71 1
106 72 1
106 73 1
106 74 1
106 75 5
106 76 5
106 77 5
106 78 1
106 85 1
106 86 1
106 87 1
106 88 4
106 89 1
106 90 1
106 91 1
106 92 1
106 93 1
106 94 1
106 95 1
106 96 1
106 97 1
106 98 1
106 99 1
107 71 1
107 72 1
107 73 1
107 74 1
107 75 5
107 76 5
107 77 5
107 78 1
107 88 4
107 89 1
107 90 1
107 91 1
107 92 1
107 93 1
107 94 1
107 95 1
107 96 1
107 97 1
107 98 1
107 99 1
108 71 1
108 72 1
108 73 1
108 74 1
108 75 5
108 76 5
108 77 5
108 78 1
108 88 4
108 89 1
108 90 1
108 91 1
108 92 1
108 93 1
108 94 1
108 95 1
108 96 1
108 97 1
108 98 1
108 99 1
109 71 1
109 72 1
109 73 1
109 74 1
109 75 5
109 76 5
109 77 5
109 78 1
109 88 4
109 89 1
109 90 1
109 91 1
109 92 1
109 93 1
109 94 1
109 95 1
109 96 1
109 97 1
109 98 1
109 99 1
110 71 1
110 72 1
110 73 1
110 74 1
110 75 5
110 76 5
110 77 5
110 78 1
110 79 1
110 80 1
110 81 1
110 82 1
110 83 1
110 84 1
110 88 4
110 89 1
110 90 1
110 91 1
110 92 1
110 93 1
110 94 1
110 95 1
110 96 1
110 97 1
110 98 1
110 99 1
111 71 1
111 72 1
111 73 1
111 74 1
111 75 5
111 76 5
111 77 5
111 78 5
111 79 5
111 80 5
111 81 5
111 82 5
111 83 5
111 84 1
111 88 4
111 89 1
111 90 1
111 91 1
111 92 1
111 93 1
111 94 1
111 95 1
111 96 1
111 97 1
111 98 1
111 99 1
112 71 1
112 72 1
112 73 1
112 74 1
112 75 5
112 76 5
112 77 5
112 78 5
112 79 5
112 80 5
112 81 5
112 82 5
112 83 5
112 84 1
112 88 4
112 89 1
112 90 1
112 91 1
112 92 1
112 93 1
112 94 1
112 95 1
112 96 1
112 97 1
112 98 1
112 99 1
113 71 1
113 72 1
113 73 1
113 74 1
113 75 5
113 76 5
113 77 5
113 78 5
113 79 5
113 80 5
113 81 5
113 82 5
113 83 5
113 84 1
113 88 4
113 89 1
113 90 1
113 91 1
113 92 1
113 93 1
113 94 1
113 95 1
113 96 1
113 97 1
113 98 1
113 99 1
114 71 1
114 72 1
114 73 1
114 74 1
114 75 5
114 76 5
114 77 5
114 78 5
114 79 5
114 80 5
114 81 5
114 82 5
114 83 5
114 84 1
114 88 4
114 89 1
114 90 1
114 91 1
114 92 1
114 93 1
114 94 1
114 95 1
114 96 1
114 97 1
114 98 1
114 99 1
115 71 1
115 72 1
115 73 1
115 74 1
115 75 5
115 76 5
115 77 5
115 78 5
115 79 5
115 80 5
115 81 5
115 82 5
115 83 5
115 84 1
115 88 4
115 89 1
115 90 1
115 91 1
115 92 1
115 93 1
115 94 1
115 95 1
115 96 1
115 97 1
115 98 1
115 99 1
116 71 1
116 72 1
116 73 1
116 74 1
116 75 5
116 76 5
116 77 5
116 78 5
116 79 5
116 80 5
116 81 5
116 82 5
116 83 1
116 88 4
116 89 1
116 90 1
116 91 1
116 92 1
116 93 1
116 94 1
116 95 1
116 96 1
116 97 1
116 98 1
116 99 1
117 71 1
117 72 1
117 73 1
117 74 1
117 75 5
117 76 5
117 77 5
117 78 1
117 79 1
117 80 1
117 81 1
117 82 1
117 88 4
117 89 1
117 90 1
117 91 1
117 92 1
117 93 1
117 94 1
117 95 1
117 96 1
117 97 1
117 98 1
117 99 1
118 71 1
118 72 1
118 73 1
118 74 1
118 75 5
118 76 5
118 77 1
118 88 4
118 89 1
118 90 1
118 91 1
118 92 1
118 93 1
118 94 1
118 95 1
118 96 1
118 97 1
118 98 1
118 99 1
119 71 1
119 72 1
119 73 1
119 74 1
119 75 5
119 76 1
119 88 4
119 89 1
119 90 1
119 91 1
119 92 1
119 93 1
119 94 1
119 95 1
119 96 1
119 97 1
119 98 1
119 99 1
120 71 1
120 72 1
120 73 1
120 74 1
120 75 5
120 76 1
120 88 4
120 89 1
120 90 1
120 91 1
120 92 1
120 93 1
120 94 1
120 95 1
120 96 1
120 97 1
120 98 1
120 99 1
121 71 1
121 72 1
121 73 1
121 74 1
121 75 5
121 76 1
121 79 5
121 80 5
121 81 5
121 85 5
121 86 5
121 87 5
121 88 5
121 89 5
121 90 5
121 91 5
121 92 5
121 93 5
121 94 5
121 95 5
121 96 5
121 97 5
121 98 1
121 99 1
122 71 1
122 72 1
122 73 1
122 74 1
122 75 5
122 76 1
122 79 5
122 80 5
122 81 5
122 85 5
122 86 5
122 87 5
122 88 5
122 89 5
122 90 5
122 91 5
122 92 5
122 93 5
122 94 5
122 95 5
122 96 5
122 97 5
122 98 5
122 99 5
123 71 1
123 72 1
123 73 1
123 74 1
123 75 5
123 76 1
123 79 5
123 80 5
123 81 5
123 85 5
123 86 5
123 87 5
123 88 5
123 89 5
123 90 5
123 91 5
123 92 5
123 93 5
123 94 5
123 95 5
123 96 5
123 97 5
123 98 5
123 99 5
124 71 1
124 72 1
124 73 1
124 74 1
124 75 5
124 76 1
124 79 5
124 80 5
124 81 5
124 85 5
124 86 5
124 87 5
124 88 5
124 89 5
124 90 5
124 91 5
124 92 5
124 93 5
124 94 5
124 95 5
124 96 5
124 97 5
124 98 5
124 99 5
125 71 1
125 72 1
125 73 1
125 74 1
125 75 5
125 76 1
125 79 5
125 80 5
125 86 5
125 87 5
125 88 5
125 89 5
125 90 5
125 91 5
125 92 5
125 93 5
125 94 5
125 95 5
125 96 5
125 97 5
125 98 5
125 99 5
126 71 1
126 72 1
126 73 1
126 74 1
126 75 5
126 76 5
126 77 5
126 78 5
126 79 5
126 87 5
126 88 5
126 89 5
126 90 5
126 91 5
126 92 5
126 93 5
126 94 5
126 95 5
126 96 5
126 97 5
126 98 5
126 99 5
127 71 1
127 72 1
127 73 1
127 74 1
127 75 5
127 76 5
127 77 5
127 78 5
127 88 4
127 89 1
127 90 1
127 91 1
127 92 1
127 93 1
127 94 1
127 95 1
127 96 1
127 97 1
127 98 1
127 99 1
128 71 1
128 72 1
128 73 1
128 74 1
128 75 5
128 76 5
128 77 5
128 78 5
128 79 1
128 88 4
128 89 1
128 90 1
128 91 1
128 92 1
128 93 1
128 94 1
128 95 1
128 96 1
128 97 1
128 98 1
128 99 1
129 71 1
129 72 1
129 73 1
129 74 1
129 75 5
129 76 5
129 77 5
129 78 5
129 79 5
129 80 1
129 88 4
129 89 1
129 90 1
129 91 1
129 92 1
129 93 1
129 94 1
129 95 1
129 96 1
129 97 1
129 98 1
129 99 1
130 71 1
130 72 1
130 73 1
130 74 1
130 75 5
130 76 5
130 77 5
130 78 5
130 79 5
130 80 5
130 81 1
130 88 4
130 89 1
130 90 1
130 91 1
130 92 1
130 93 1
130 94 1
130 95 1
130 96 1
130 97 1
130 98 1
130 99 1
131 71 1
131 72 1
131 73 1
131 74 1
131 75 5
131 76 5
131 77 5
131 78 5
131 79 5
131 80 5
131 81 5
131 82 1
131 88 4
131 89 1
131 90 1
131 91 1
131 92 1
131 93 1
131 94 1
131 95 1
131 96 1
131 97 1
131 98 1
131 99 1
132 71 1
132 72 1
132 73 1
132 74 1
132 75 5
132 76 5
132 77 5
132 78 5
132 79 5
132 80 5
132 81 5
132 82 1
132 88 4
132 89 1
132 90 1
132 91 1
132 92 1
132 93 1
132 94 1
132 95 1
132 96 1
132 97 1
132 98 1
132 99 1
133 71 1
133 72 1
133 73 1
133 74 1
133 75 5
133 76 5
133 77 5
133 78 5
133 79 5
133 80 5
133 81 5
133 82 1
133 88 4
133 89 1
133 90 1
133 91 1
133 92 1
133 93 1
133 94 1
133 95 1
133 96 1
133 97 1
133 98 1
133 99 1
134 71 1
134 72 1
134 73 1
134 74 1
134 75 5
134 76 5
134 77 5
134 78 5
134 79 5
134 80 5
134 81 5
134 82 1
134 88 4
134 89 1
134 90 1
134 91 1
134 92 1
134 93 1
134 94 1
134 95 1
134 96 1
134 97 1
134 98 1
134 99 1
135 71 1
135 72 1
135 73 1
135 74 1
135 75 5
135 76 5
135 77 5
135 78 5
135 79 5
135 80 5
135 81 5
135 82 1
135 88 4
135 89 1
135 90 1
135 91 1
135 92 1
135 93 1
135 94 1
135 95 1
135 96 1
135 97 1
135 98 1
135 99 1
136 71 1
136 72 1
136 73 1
136 74 1
136 75 5
136 76 5
136 77 5
136 78 5
136 79 5
136 80 5
136 81 5
136 82 1
136 88 4
136 89 1
136 90 1
136 91 1
136 92 1
136 93 1
136 94 1
136 95 1
136 96 1
136 97 1
136 98 1
136 99 1
137 71 1
137 72 1
137 73 1
137 74 1
137 75 5
137 76 5
137 77 5
137 78 5
137 79 5
137 80 5
137 81 1
137 88 4
137 89 1
137 90 1
137 91 1
137 92 1
137 93 1
137 94 1
137 95 1
137 96 1
137 97 1
137 98 1
137 99 1
138 71 1
138 72 1
138 73 1
138 74 1
138 75 1
138 76 1
138 77 1
138 78 1
138 79 1
138 80 1
138 88 4
138 89 1
138 90 1
138 91 1
138 92 1
138 93 1
138 94 1
138 95 1
138 96 1
138 97 1
138 98 1
138 99 1
139 71 1
139 72 1
139 73 1
139 88 4
139 89 1
139 90 1
139 91 1
139 92 1
139 93 1
139 94 1
139 95 1
139 96 1
139 97 1
139 98 1
139 99 1
140 71 1
140 72 1
140 73 1
140 87 13
140 88 4
140 89 1
140 90 1
140 91 1
140 92 1
140 93 1
140 94 1
140 95 1
140 96 1
140 97 1
140 98 1
140 99 1
141 71 1
141 72 1
141 73 1
141 86 13
141 87 13
141 88 4
141 89 1
141 90 1
141 91 1
141 92 1
141 93 1
141 94 1
141 95 1
141 96 1
141 97 1
141 98 1
141 99 1
142 71 1
142 72 1
142 73 1
142 86 13
142 87 13
142 88 4
142 89 1
142 90 1
142 91 1
142 92 1
142 93 1
142 94 1
142 95 1
142 96 1
142 97 1
142 98 1
142 99 1
143 71 1
143 72 1
143 73 1
143 82 13
143 83 13
143 88 4
143 89 1
143 90 1
143 91 1
143 92 1
143 93 1
143 94 1
143 95 1
143 96 1
143 97 1
143 98 1
143 99 1
144 71 1
144 72 1
144 73 1
144 82 13
144 83 13
144 88 4
144 89 1
144 90 1
144 91 1
144 92 1
144 93 1
144 94 1
144 95 1
144 96 1
144 97 1
144 98 1
144 99 1
145 71 1
145 72 1
145 73 1
145 78 13
145 79 13
145 86 13
145 87 13
145 88 4
145 89 1
145 90 1
145 91 1
145 92 1
145 93 1
145 94 1
145 95 1
145 96 1
145 97 1
145 98 1
145 99 1
146 71 1
146 72 1
146 73 1
146 78 13
146 79 13
146 86 13
146 87 13
146 88 4
146 89 1
146 90 1
146 91 1
146 92 1
146 93 1
146 94 1
146 95 1
146 96 1
146 97 1
146 98 1
146 99 1
147 71 1
147 72 1
147 73 1
147 82 13
147 83 13
147 88 4
147 89 1
147 90 1
147 91 1
147 92 1
147 93 1
147 94 1
147 95 1
147 96 1
147 97 1
147 98 1
147 99 1
148 71 1
148 72 1
148 73 1
148 82 13
148 83 13
148 88 4
148 89 1
148 90 1
148 91 1
148 92 1
148 93 1
148 94 1
148 95 1
148 96 1
148 97 1
148 98 1
148 99 1
149 71 1
149 72 1
149 73 1
149 74 1
149 86 13
149 87 13
149 88 4
149 89 1
149 90 1
149 91 1
149 92 1
149 93 1
149 94 1
149 95 1
149 96 1
149 97 1
149 98 1
149 99 1
150 71 1
150 72 1
150 73 1
150 74 1
150 75 1
150 86 13
150 87 13
150 88 4
150 89 1
150 90 1
150 91 1
150 92 1
150 93 1
150 94 1
150 95 1
150 96 1
150 97 1
150 98 1
150 99 1
151 71 1
151 72 1
151 73 1
151 74 1
151 75 1
151 76 1
151 88 4
151 89 1
151 90 1
151 91 1
151 92 1
151 93 1
151 94 1
151 95 1
151 96 1
151 97 1
151 98 1
151 99 1
152 71 1
152 72 1
152 73 1
152 74 1
152 75 1
152 76 1
152 77 1
152 88 4
152 89 1
152 90 1
152 91 1
152 92 1
152 93 1
152 94 1
152 95 1
152 96 1
152 97 1
152 98 1
152 99 1
153 71 1
153 72 1
153 73 1
153 74 1
153 75 1
153 76 1
153 77 1
153 78 1
153 79 1
153 80 1
153 81 1
153 82 1
153 83 1
153 84 1
153 88 4
153 89 1
153 90 1
153 91 1
153 92 1
153 93 1
153 94 1
153 95 1
153 96 1
153 97 1
153 98 1
153 99 1
154 72 1
154 73 1
154 74 1
154 75 1
154 76 1
154 77 1
154 78 1
154 79 1
154 80 1
154 81 1
154 82 1
154 83 1
154 84 1
154 88 4
154 89 1
154 90 1
154 91 1
154 92 1
154 93 1
154 94 1
154 95 1
154 96 1
154 97 1
154 98 1
154 99 1
155 73 1
155 74 1
155 75 1
155 76 1
155 77 1
155 78 1
155 79 1
155 80 1
155 81 1
155 82 1
155 83 1
155 84 1
155 88 4
155 89 1
155 90 1
155 91 1
155 92 1
155 93 1
155 94 1
155 95 1
155 96 1
155 97 1
155 98 1
155 99 1
156 74 1
156 75 1
156 76 1
156 77 1
156 78 1
156 79 1
156 80 1
156 81 1
156 82 1
156 83 1
156 84 1
156 88 4
156 89 1
156 90 1
156 91 1
156 92 1
156 93 1
156 94 1
156 95 1
156 96 1
156 97 1
156 98 1
156 99 1
157 75 1
157 76 1
157 77 1
157 78 1
157 79 1
157 80 1
157 81 1
157 82 1
157 83 1
157 84 1
157 88 4
157 89 1
157 90 1
157 91 1
157 92 1
157 93 1
157 94 1
157 95 1
157 96 1
157 97 1
157 98 1
157 99 1
158 76 1
158 77 1
158 78 1
158 79 1
158 80 1
158 81 1
158 82 1
158 83 1
158 84 1
158 88 4
158 89 1
158 90 1
158 91 1
158 92 1
158 93 1
158 94 1
158 95 1
158 96 1
158 97 1
158 98 1
158 99 1
159 76 1
159 77 1
159 78 1
159 79 1
159 80 1
159 81 1
159 82 1
159 83 1
159 84 1
159 88 4
159 89 1
159 90 1
159 91 1
159 92 1
159 93 1
159 94 1
159 95 1
159 96 1
159 97 1
159 98 1
159 99 1
160 76 1
160 77 1
160 78 1
160 79 1
160 80 1
160 81 1
160 82 1
160 83 1
160 84 1
160 88 4
160 89 1
160 90 1
160 91 1
160 92 1
160 93 1
160 94 1
160 95 1
160 96 1
160 97 1
160 98 1
160 99 1
161 76 1
161 77 1
161 78 1
161 79 1
161 80 1
161 81 1
161 82 1
161 83 1
161 84 1
161 88 4
161 89 1
161 90 1
161 91 1
161 92 1
161 93 1
161 94 1
161 95 1
161 96 1
161 97 1
161 98 1
161 99 1
162 76 1
162 77 1
162 78 1
162 79 1
162 88 4
162 89 1
162 90 1
162 91 1
162 92 1
162 93 1
162 94 1
162 95 1
162 96 1
162 97 1
162 98 1
162 99 1
163 76 1
163 77 1
163 78 1
163 79 1
163 88 4
163 89 1
163 90 1
163 91 1
163 92 1
163 93 1
163 94 1
163 95 1
163 96 1
163 97 1
163 98 1
163 99 1
164 76 1
164 77 1
164 78 1
164 79 1
164 85 1
164 88 4
164 89 1
164 90 1
164 91 1
164 92 1
164 93 1
164 94 1
164 95 1
164 96 1
164 97 1
164 98 1
164 99 1
165 76 1
165 77 1
165 78 1
165 79 1
165 84 1
165 85 1
165 88 4
165 89 1
165 90 1
165 91 1
165 92 1
165 93 1
165 94 1
165 95 1
165 96 1
165 97 1
165 98 1
165 99 1
166 76 1
166 77 1
166 78 1
166 79 1
166 84 1
166 85 1
166 88 4
166 89 1
166 90 1
166 91 1
166 92 1
166 93 1
166 94 1
166 95 1
166 96 1
166 97 1
166 98 1
166 99 1
167 76 1
167 77 1
167 78 1
167 79 1
167 80 1
167 85 1
167 88 4
167 89 1
167 90 1
167 91 1
167 92 1
167 93 1
167 94 1
167 95 1
167 96 1
167 97 1
167 98 1
167 99 1
168 76 1
168 77 1
168 78 1
168 79 1
168 80 1
168 81 1
168 88 4
168 89 1
168 90 1
168 91 1
168 92 1
168 93 1
168 94 1
168 95 1
168 96 1
168 97 1
168 98 1
168 99 1
169 76 1
169 77 1
169 78 1
169 79 1
169 80 1
169 81 1
169 82 1
169 88 4
169 89 1
169 90 1
169 91 1
169 92 1
169 93 1
169 94 1
169 95 1
169 96 1
169 97 1
169 98 1
169 99 1
170 76 1
170 77 1
170 78 1
170 79 1
170 80 1
170 81 1
170 82 1
170 83 1
170 88 4
170 89 1
170 90 1
170 91 1
170 92 1
170 93 1
170 94 1
170 95 1
170 96 1
170 97 1
170 98 1
170 99 1
171 76 1
171 77 1
171 78 1
171 79 1
171 80 1
171 81 1
171 82 1
171 83 1
171 84 1
171 88 4
171 89 1
171 90 1
171 91 1
171 92 1
171 93 1
171 94 1
171 95 1
171 96 1
171 97 1
171 98 1
171 99 1
172 76 1
172 77 1
172 78 1
172 79 1
172 80 1
172 81 1
172 82 1
172 83 1
172 84 1
172 88 4
172 89 1
172 90 1
172 91 1
172 92 1
172 93 1
172 94 1
172 95 1
172 96 1
172 97 1
172 98 1
172 99 1
173 76 1
173 77 1
173 78 1
173 79 1
173 80 1
173 81 1
173 82 1
173 83 1
173 84 1
173 88 4
173 89 1
173 90 1
173 91 1
173 92 1
173 93 1
173 94 1
173 95 1
173 96 1
173 97 1
173 98 1
173 99 1
174 76 1
174 77 1
174 78 1
174 79 1
174 80 1
174 81 1
174 82 1
174 83 1
174 84 1
174 88 4
174 89 1
174 90 1
174 91 1
174 92 1
174 93 1
174 94 1
174 95 1
174 96 1
174 97 1
174 98 1
174 99 1
175 75 1
175 76 1
175 77 1
175 78 1
175 79 1
175 80 1
175 81 1
175 82 1
175 83 1
175 84 1
175 88 4
175 89 1
175 90 1
175 91 1
175 92 1
175 93 1
175 94 1
175 95 1
175 96 1
175 97 1
175 98 1
175 99 1
176 74 1
176 75 1
176 76 1
176 77 1
176 78 1
176 79 1
176 80 1
176 81 1
176 82 1
176 83 1
176 84 1
176 88 4
176 89 1
176 90 1
176 91 1
176 92 1
176 93 1
176 94 1
176 95 1
176 96 1
176 97 1
176 98 1
176 99 1
177 73 1
177 74 1
177 75 1
177 76 1
177 77 1
177 78 1
177 79 1
177 80 1
177 81 1
177 82 1
177 83 1
177 84 1
177 88 4
177 89 1
177 90 1
177 91 1
177 92 1
177 93 1
177 94 1
177 95 1
177 96 1
177 97 1
177 98 1
177 99 1
178 72 1
178 73 1
178 74 1
178 75 1
178 76 1
178 77 1
178 78 1
178 79 1
178 80 1
178 81 1
178 82 1
178 83 1
178 88 4
178 89 1
178 90 1
178 91 1
178 92 1
178 93 1
178 94 1
178 95 1
178 96 1
178 97 1
178 98 1
178 99 1
179 71 1
179 72 1
179 73 1
179 74 1
179 88 4
179 89 1
179 90 1
179 91 1
179 92 1
179 93 1
179 94 1
179 95 1
179 96 1
179 97 1
179 98 1
179 99 1
180 70 1
180 71 1
180 72 1
180 73 1
180 86 1
180 87 1
180 88 1
180 89 1
180 90 1
180 91 1
180 92 1
180 93 1
180 94 1
180 95 1
180 96 1
180 97 1
180 98 1
180 99 1
181 69 1
181 70 1
181 71 1
181 72 1
181 85 1
181 86 1
181 87 1
181 88 1
181 89 1
181 90 1
181 91 1
181 92 1
181 93 1
181 94 1
181 95 1
181 96 1
181 97 1
181 98 1
181 99 1
182 69 1
182 70 1
182 71 1
182 72 1
182 84 1
182 85 1
182 86 1
182 87 1
182 88 1
182 89 1
182 90 1
182 91 1
182 92 1
182 93 1
182 94 1
182 95 1
182 96 1
182 97 1
182 98 1
182 99 1
183 69 1
183 70 1
183 71 1
183 72 1
183 82 4
183 83 1
183 84 1
183 85 1
183 86 1
183 87 1
183 88 1
183 89 1
183 90 1
183 91 1
183 92 1
183 93 1
183 94 1
183 95 1
183 96 1
183 97 1
183 98 1
183 99 1
184 69 1
184 70 1
184 71 1
184 72 1
184 78 4
184 82 4
184 83 1
184 84 1
184 85 1
184 86 1
184 87 1
184 88 1
184 89 1
184 90 1
184 91 1
184 92 1
184 93 1
184 94 1
184 95 1
184 96 1
184 97 1
184 98 1
184 99 1
185 69 1
185 70 1
185 71 1
185 72 1
185 78 4
185 82 4
185 83 1
185 84 1
185 85 1
185 86 1
185 87 1
185 88 1
185 89 1
185 90 1
185 91 1
185 92 1
185 93 1
185 94 1
185 95 1
185 96 1
185 97 1
185 98 1
185 99 1
186 69 1
186 70 1
186 71 1
186 72 1
186 78 4
186 82 4
186 83 1
186 84 1
186 85 1
186 86 1
186 87 1
186 88 1
186 89 1
186 90 1
186 91 1
186 92 1
186 93 1
186 94 1
186 95 1
186 96 1
186 97 1
186 98 1
186 99 1
187 69 1
187 70 1
187 71 1
187 72 1
187 82 4
187 83 1
187 84 1
187 85 1
187 86 1
187 87 1
187 88 1
187 89 1
187 90 1
187 91 1
187 92 1
187 93 1
187 94 1
187 95 1
187 96 1
187 97 1
187 98 1
187 99 1
188 69 1
188 70 1
188 71 1
188 72 1
188 82 4
188 83 1
188 84 1
188 85 1
188 86 1
188 87 1
188 88 1
188 89 1
188 90 1
188 91 1
188 92 1
188 93 1
188 94 1
188 95 1
188 96 1
188 97 1
188 98 1
188 99 1
189 61 1
189 62 1
189 63 1
189 64 1
189 65 1
189 66 1
189 67 1
189 68 1
189 69 1
189 70 1
189 71 1
189 72 1
189 82 4
189 83 1
189 84 1
189 85 1
189 86 1
189 87 1
189 88 1
189 89 1
189 90 1
189 91 1
189 92 1
189 93 1
189 94 1
189 95 1
189 96 1
189 97 1
189 98 1
189 99 1
190 61 1
190 62 1
190 63 1
190 64 1
190 65 1
190 66 1
190 67 1
190 68 1
190 69 1
190 70 1
190 71 1
190 72 1
190 73 1
190 83 1
190 84 1
190 85 1
190 86 1
190 87 1
190 88 1
190 89 1
190 90 1
190 91 1
190 92 1
190 93 1
190 94 1
190 95 1
190 96 1
190 97 1
190 98 1
190 99 1
191 61 1
191 62 1
191 69 1
191 73 1
191 85 1
191 86 1
191 87 1
191 88 1
191 89 1
191 90 1
191 91 1
191 92 1
191 93 1
191 94 1
191 95 1
191 96 1
191 97 1
191 98 1
191 99 1
192 61 1
192 62 1
192 69 1
192 73 1
192 74 1
192 75 1
192 76 1
192 85 1
192 86 1
192 87 1
192 88 1
192 89 1
192 90 1
192 91 1
192 92 1
192 93 1
192 94 1
192 95 1
192 96 1
192 97 1
192 98 1
192 99 1
193 61 1
193 62 1
193 75 1
193 76 1
193 86 1
193 87 1
193 88 1
193 89 1
193 90 1
193 91 1
193 92 1
193 93 1
193 94 1
193 95 1
193 96 1
193 97 1
193 98 1
193 99 1
194 61 1
194 62 1
194 75 1
194 76 1
194 77 1
194 78 1
194 79 1
194 80 1
194 81 1
194 87 1
194 88 1
194 89 1
194 90 1
194 91 1
194 92 1
194 93 1
194 94 1
194 95 1
194 96 1
194 97 1
194 98 1
194 99 1
195 61 1
195 62 1
195 70 1
195 78 1
195 81 1
195 88 1
195 89 1
195 90 1
195 91 1
195 92 1
195 93 1
195 94 1
195 95 1
195 96 1
195 97 1
195 98 1
195 99 1
196 61 1
196 62 1
196 66 1
196 70 1
196 78 1
196 81 1
196 88 1
196 89 1
196 90 1
196 91 1
196 92 1
196 93 1
196 94 1
196 95 1
196 96 1
196 97 1
196 98 1
196 99 1
197 61 1
197 62 1
197 66 1
197 67 1
197 68 1
197 69 1
197 70 1
197 78 1
197 81 1
197 88 1
197 89 1
197 90 1
197 91 1
197 92 1
197 93 1
197 94 1
197 95 1
197 96 1
197 97 1
197 98 1
197 99 1
198 58 1
198 59 1
198 60 1
198 61 1
198 62 1
198 66 1
198 81 1
198 88 1
198 89 1
198 90 1
198 91 1
198 92 1
198 93 1
198 94 1
198 95 1
198 96 1
198 97 1
198 98 1
198 99 1
199 58 1
199 59 1
199 60 1
199 61 1
199 62 1
199 81 1
199 88 1
199 89 1
199 90 1
199 91 1
199 92 1
199 93 1
199 94 1
199 95 1
199 96 1
199 97 1
199 98 1
199 99 1
200 58 1
200 59 1
200 81 1
200 88 1
200 89 1
200 90 1
200 91 1
200 92 1
200 93 1
200 94 1
200 95 1
200 96 1
200 97 1
200 98 1
200 99 1
201 58 1
201 59 1
201 72 8
201 73 8
201 74 8
201 75 8
201 80 1
201 81 1
201 88 1
201 89 1
201 90 1
201 91 1
201 92 1
201 93 1
201 94 1
201 95 1
201 96 1
201 97 1
201 98 1
201 99 1
202 58 1
202 59 1
202 60 1
202 71 1
202 72 1
202 73 1
202 74 1
202 75 8
202 76 8
202 77 8
202 80 1
202 81 1
202 88 1
202 89 1
202 90 1
202 91 1
202 92 1
202 93 1
202 94 1
202 95 1
202 96 1
202 97 1
202 98 1
202 99 1
203 58 1
203 59 1
203 60 1
203 61 1
203 71 1
203 72 1
203 73 1
203 74 1
203 75 1
203 80 1
203 88 1
203 89 1
203 90 1
203 91 1
203 92 1
203 93 1
203 94 1
203 95 1
203 96 1
203 97 1
203 98 1
203 99 1
204 59 1
204 60 1
204 61 1
204 62 1
204 71 1
204 72 1
204 73 1
204 74 1
204 75 1
204 80 1
204 88 1
204 89 1
204 90 1
204 91 1
204 92 1
204 93 1
204 94 1
204 95 1
204 96 1
204 97 1
204 98 1
204 99 1
205 60 1
205 61 1
205 62 1
205 71 1
205 72 1
205 73 1
205 74 1
205 80 1
205 88 1
205 89 1
205 90 1
205 91 1
205 92 1
205 93 1
205 94 1
205 95 1
205 96 1
205 97 1
205 98 1
205 99 1
206 61 1
206 62 1
206 71 1
206 80 1
206 88 1
206 89 1
206 90 1
206 91 1
206 92 1
206 93 1
206 94 1
206 95 1
206 96 1
206 97 1
206 98 1
206 99 1
207 61 1
207 62 1
207 63 1
207 64 1
207 65 1
207 66 1
207 67 1
207 80 1
207 88 1
207 89 1
207 90 1
207 91 1
207 92 1
207 93 1
207 94 1
207 95 1
207 96 1
207 97 1
207 98 1
207 99 1
208 61 1
208 62 1
208 63 1
208 64 1
208 65 1
208 66 1
208 67 1
208 80 1
208 81 1
208 82 1
208 83 1
208 84 1
208 88 1
208 89 1
208 90 1
208 91 1
208 92 1
208 93 1
208 94 1
208 95 1
208 96 1
208 97 1
208 98 1
208 99 1
209 62 1
209 63 1
209 64 1
209 65 1
209 66 1
209 67 1
209 73 8
209 88 1
209 89 1
209 90 1
209 91 1
209 92 1
209 93 1
209 94 1
209 95 1
209 96 1
209 97 1
209 98 1
209 99 1
210 63 1
210 64 1
210 65 1
210 66 1
210 67 1
210 73 8
210 74 8
210 88 1
210 89 1
210 90 1
210 91 1
210 92 1
210 93 1
210 94 1
210 95 1
210 96 1
210 97 1
210 98 1
210 99 1
211 64 1
211 65 1
211 66 1
211 67 1
211 74 8
211 75 8
211 88 1
211 89 1
211 90 1
211 91 1
211 92 1
211 93 1
211 94 1
211 95 1
211 96 1
211 97 1
211 98 1
211 99 1
212 65 1
212 66 1
212 67 1
212 75 8
212 76 8
212 88 1
212 89 1
212 90 1
212 91 1
212 92 1
212 93 1
212 94 1
212 95 1
212 96 1
212 97 1
212 98 1
212 99 1
213 66 1
213 67 1
213 68 1
213 69 1
213 76 8
213 77 8
213 78 8
213 79 8
213 80 8
213 81 8
213 82 8
213 83 8
213 84 8
213 85 8
213 86 8
213 87 8
213 88 1
213 89 1
213 90 1
213 91 1
213 92 1
213 93 1
213 94 1
213 95 1
213 96 1
213 97 1
213 98 1
213 99 1
214 67 1
214 68 1
214 69 1
214 70 1
214 71 1
214 87 1
214 88 1
214 89 1
214 90 1
214 91 1
214 92 1
214 93 1
214 94 1
214 95 1
214 96 1
214 97 1
214 98 1
214 99 1
215 68 1
215 69 1
215 70 1
215 71 1
215 87 1
215 88 1
215 89 1
215 90 1
215 91 1
215 92 1
215 93 1
215 94 1
215 95 1
215 96 1
215 97 1
215 98 1
215 99 1
216 69 1
216 71 1
216 87 1
216 88 1
216 89 1
216 90 1
216 91 1
216 92 1
216 93 1
216 94 1
216 95 1
216 96 1
216 97 1
216 98 1
216 99 1
217 70 1
217 71 1
217 72 1
217 87 1
217 88 1
217 89 1
217 90 1
217 91 1
217 92 1
217 93 1
217 94 1
217 95 1
217 96 1
217 97 1
217 98 1
217 99 1
218 70 1
218 71 1
218 72 1
218 73 1
218 74 1
218 88 1
218 89 1
218 90 1
218 91 1
218 92 1
218 93 1
218 94 1
218 95 1
218 96 1
218 97 1
218 98 1
218 99 1
219 70 1
219 71 1
219 73 1
219 74 1
219 75 1
219 76 1
219 77 1
219 78 1
219 79 1
219 80 1
219 81 1
219 82 1
219 83 1
219 84 1
219 88 1
219 89 1
219 90 1
219 91 1
219 92 1
219 93 1
219 94 1
219 95 1
219 96 1
219 97 1
219 98 1
219 99 1
220 70 1
220 72 1
220 73 1
220 74 1
220 75 1
220 88 8
220 89 1
220 90 8
220 91 1
220 92 1
220 93 1
220 94 1
220 95 1
220 96 1
220 97 1
220 98 1
220 99 1
221 70 1
221 71 1
221 72 1
221 73 1
221 75 1
221 88 1
221 89 1
221 90 1
221 91 1
221 92 1
221 93 1
221 94 1
221 95 1
221 96 1
221 97 1
221 98 1
221 99 1
222 70 1
222 71 1
222 72 1
222 74 1
222 75 1
222 88 1
222 89 1
222 90 1
222 91 1
222 92 1
222 93 1
222 94 1
222 95 1
222 96 1
222 97 1
222 98 1
222 99 1
223 70 1
223 71 1
223 72 1
223 73 1
223 74 1
223 75 1
223 88 1
223 89 1
223 90 1
223 91 1
223 92 1
223 93 1
223 94 1
223 95 1
223 96 1
223 97 1
223 98 1
223 99 1
224 70 1
224 71 1
224 88 1
224 89 1
224 90 1
224 91 1
224 92 1
224 93 1
224 94 1
224 95 1
224 96 1
224 97 1
224 98 1
224 99 1
225 70 1
225 71 1
225 88 1
225 89 1
225 90 1
225 91 8
225 92 1
225 93 1
225 94 1
225 95 1
225 96 1
225 97 1
225 98 1
225 99 1
226 70 1
226 71 1
226 88 1
226 89 1
226 90 1
226 91 1
226 92 1
226 93 1
226 94 1
226 95 1
226 96 1
226 97 1
226 98 1
226 99 1
227 70 1
227 71 1
227 72 1
227 73 1
227 74 1
227 75 1
227 77 1
227 78 1
227 79 1
227 80 1
227 88 1
227 89 1
227 90 1
227 91 1
227 92 1
227 93 1
227 94 1
227 95 1
227 96 1
227 97 1
227 98 1
227 99 1
228 70 1
228 71 1
228 73 1
228 75 1
228 76 1
228 77 1
228 78 1
228 79 1
228 80 1
228 81 1
228 88 8
228 89 1
228 90 1
228 91 1
228 92 1
228 93 1
228 94 1
228 95 1
228 96 1
228 97 1
228 98 1
228 99 1
229 74 1
229 76 1
229 77 1
229 78 1
229 80 1
229 81 1
229 88 1
229 89 1
229 90 1
229 91 1
229 92 1
229 93 1
229 94 1
229 95 1
229 96 1
229 97 1
229 98 1
229 99 1
230 72 1
230 74 1
230 75 1
230 76 1
230 78 1
230 79 1
230 80 1
230 81 1
230 88 1
230 89 1
230 90 1
230 91 1
230 92 1
230 93 1
230 94 1
230 95 1
230 96 1
230 97 1
230 98 1
230 99 1
231 73 1
231 74 1
231 75 1
231 76 1
231 77 1
231 78 1
231 79 1
231 80 1
231 81 1
231 88 1
231 89 1
231 90 1
231 91 1
231 92 1
231 93 1
231 94 1
231 95 1
231 96 1
231 97 1
231 98 1
231 99 1
232 71 1
232 74 1
232 75 1
232 76 1
232 77 1
232 79 1
232 81 1
232 88 1
232 89 1
232 90 1
232 91 1
232 92 1
232 93 1
232 94 1
232 95 1
232 96 1
232 97 1
232 98 1
232 99 1
233 74 1
233 75 1
233 77 1
233 78 1
233 79 1
233 80 1
233 81 1
233 88 1
233 89 1
233 90 1
233 91 1
233 92 1
233 93 1
233 94 1
233 95 1
233 96 1
233 97 1
233 98 1
233 99 1
234 73 1
234 74 1
234 75 1
234 76 1
234 77 1
234 79 1
234 80 1
234 81 1
234 88 1
234 89 1
234 90 1
234 91 1
234 92 1
234 93 1
234 94 1
234 95 1
234 96 1
234 97 1
234 98 1
234 99 1
235 70 1
235 74 1
235 75 1
235 76 1
235 77 1
235 78 1
235 79 1
235 80 1
235 88 1
235 89 1
235 90 1
235 91 1
235 92 1
235 93 1
235 94 1
235 95 1
235 96 1
235 97 1
235 98 1
235 99 1
236 72 1
236 74 1
236 75 1
236 76 1
236 77 1
236 79 1
236 88 1
236 89 1
236 90 1
236 91 1
236 92 1
236 93 1
236 94 1
236 95 1
236 96 1
236 97 1
236 98 1
236 99 1
237 74 1
237 75 1
237 76 1
237 88 1
237 89 1
237 90 1
237 91 1
237 92 1
237 93 1
237 94 1
237 95 1
237 96 1
237 97 1
237 98 1
237 99 1
238 70 1
238 71 1
238 73 1
238 74 1
238 75 1
238 76 1
238 88 1
238 89 1
238 90 1
238 91 1
238 92 1
238 93 1
238 94 1
238 95 1
238 96 1
238 97 1
238 98 1
238 99 1
239 70 1
239 72 1
239 74 1
239 75 1
239 76 1
239 88 1
239 89 8
239 90 8
239 91 8
239 92 8
239 93 8
239 94 8
239 95 8
239 96 8
239 97 8
239 98 8
239 99 8
240 70 1
240 74 1
240 76 1
240 88 1
240 89 1
240 90 1
240 91 1
240 92 1
240 93 1
240 94 1
240 95 1
240 96 1
240 97 1
240 98 1
240 99 1
241 69 1
241 73 1
241 75 1
241 76 1
241 88 1
241 89 1
241 90 1
241 91 1
241 92 1
241 93 1
241 94 1
241 95 1
241 96 1
241 97 1
241 98 1
241 99 1
242 69 1
242 73 1
242 74 1
242 75 1
242 76 1
242 88 1
242 89 1
242 90 1
242 91 1
242 92 1
242 93 1
242 94 1
242 95 1
242 96 1
242 97 1
242 98 1
242 99 1
243 72 1
243 73 1
243 75 1
243 77 1
243 78 1
243 79 1
243 83 1
243 84 1
243 85 8
243 86 1
243 87 1
243 88 1
243 89 1
243 90 1
243 91 1
243 92 1
243 93 1
243 94 1
243 95 1
243 96 1
243 97 1
243 98 1
243 99 1
244 70 1
244 71 1
244 72 1
244 75 1
244 85 1
244 86 1
244 87 1
244 88 1
244 89 1
244 90 1
244 91 1
244 92 1
244 93 1
244 94 1
244 95 1
244 96 1
244 97 1
244 98 1
244 99 1
245 61 1
245 62 1
245 63 1
245 64 1
245 65 1
245 66 1
245 67 1
245 68 1
245 69 1
245 70 1
245 71 1
245 74 1
245 85 8
245 86 1
245 87 1
245 88 1
245 89 1
245 90 1
245 91 1
245 92 1
245 93 1
245 94 1
245 95 1
245 96 1
245 97 1
245 98 1
245 99 1
246 61 1
246 70 1
246 71 1
246 74 1
246 85 1
246 86 1
246 87 1
246 88 1
246 89 1
246 90 1
246 91 1
246 92 1
246 93 1
246 94 1
246 95 1
246 96 1
246 97 1
246 98 1
246 99 1
247 61 1
247 74 1
247 85 1
247 86 1
247 87 1
247 88 1
247 89 1
247 90 1
247 91 1
247 92 1
247 93 1
247 94 1
247 95 1
247 96 1
247 97 1
247 98 1
247 99 1
248 61 1
248 67 1
248 74 1
248 81 1
248 82 1
248 83 1
248 84 1
248 85 1
248 86 1
248 87 1
248 88 1
248 89 1
248 90 1
248 91 1
248 92 1
248 93 1
248 94 1
248 95 1
248 96 1
248 97 1
248 98 1
248 99 1
249 61 1
249 67 1
249 74 1
249 82 1
249 83 1
249 84 1
249 85 1
249 86 1
249 87 1
249 88 1
249 89 1
249 90 1
249 91 1
249 92 1
249 93 1
249 94 1
249 95 1
249 96 1
249 97 1
249 98 1
249 99 1
250 61 1
250 62 1
250 63 1
250 64 1
250 65 1
250 66 1
250 67 1
250 74 1
250 79 1
250 80 1
250 81 1
250 82 1
250 83 1
250 85 1
250 86 1
250 87 1
250 88 1
250 89 1
250 90 1
250 91 1
250 92 1
250 93 1
250 94 1
250 95 1
250 96 1
250 97 1
250 98 1
250 99 1
251 61 1
251 74 1
251 78 1
251 85 1
251 89 1
251 90 1
251 91 1
251 92 1
251 93 1
251 94 1
251 95 1
251 96 1
251 97 1
251 98 1
251 99 1
252 61 1
252 78 1
252 85 1
252 89 1
252 90 1
252 91 1
252 92 1
252 93 1
252 94 1
252 95 1
252 96 1
252 97 1
252 98 1
252 99 1
253 61 1
253 78 1
253 79 1
253 80 1
253 81 1
253 82 1
253 83 1
253 84 1
253 85 1
253 89 1
253 90 1
253 91 1
253 92 1
253 93 1
253 94 1
253 95 1
253 96 1
253 97 1
253 98 1
253 99 1
254 61 1
254 69 1
254 70 1
254 71 1
254 72 1
254 73 1
254 79 1
254 89 1
254 90 1
254 91 1
254 92 1
254 93 1
254 94 1
254 95 1
254 96 1
254 97 1
254 98 1
254 99 1
255 61 1
255 62 1
255 63 1
255 64 1
255 65 1
255 66 1
255 69 1
255 73 1
255 79 1
255 89 1
255 90 1
255 91 1
255 92 1
255 93 1
255 94 1
255 95 1
255 96 1
255 97 1
255 98 1
255 99 1
256 66 1
256 69 1
256 73 1
256 79 1
256 89 1
256 90 1
256 91 1
256 92 1
256 93 1
256 94 1
256 95 1
256 96 1
256 97 1
256 98 1
256 99 1
257 66 1
257 69 1
257 73 1
257 79 1
257 89 1
257 90 1
257 91 1
257 92 1
257 93 1
257 94 1
257 95 1
257 96 1
257 97 1
257 98 1
257 99 1
258 66 1
258 69 1
258 73 1
258 74 1
258 78 1
258 79 1
258 80 1
258 81 1
258 82 1
258 83 1
258 84 1
258 85 1
258 86 1
258 87 1
258 88 1
258 89 1
258 90 1
258 91 1
258 92 1
258 93 1
258 94 1
258 95 1
258 96 1
258 97 1
258 98 1
258 99 1
259 66 1
259 74 1
259 75 1
259 76 1
259 77 1
259 88 1
259 89 1
259 90 1
259 91 1
259 92 1
259 93 1
259 94 1
259 95 1
259 96 1
259 97 1
259 98 1
259 99 1
260 66 1
260 88 1
260 89 1
260 90 1
260 91 1
260 92 1
260 93 1
260 94 1
260 95 1
260 96 1
260 97 1
260 98 1
260 99 1
261 66 1
261 88 1
261 89 1
261 90 1
261 91 1
261 92 1
261 93 1
261 94 1
261 95 1
261 96 1
261 97 1
261 98 1
261 99 1
262 66 1
262 67 1
262 68 1
262 69 1
262 70 1
262 71 1
262 72 1
262 73 1
262 74 1
262 75 1
262 76 1
262 77 1
262 78 1
262 79 1
262 80 1
262 81 1
262 88 1
262 89 1
262 90 1
262 91 1
262 92 1
262 93 1
262 94 1
262 95 1
262 96 1
262 97 1
262 98 1
262 99 1
263 77 1
263 88 1
263 89 1
263 90 1
263 91 1
263 92 1
263 93 1
263 94 1
263 95 1
263 96 1
263 97 1
263 98 1
263 99 1
264 77 1
264 88 1
264 89 1
264 90 1
264 91 1
264 92 1
264 93 1
264 94 1
264 95 1
264 96 1
264 97 1
264 98 1
264 99 1
265 77 1
265 88 1
265 89 1
265 90 1
265 91 1
265 92 1
265 93 1
265 94 1
265 95 1
265 96 1
265 97 1
265 98 1
265 99 1
266 77 1
266 88 1
266 89 1
266 90 1
266 91 1
266 92 1
266 93 1
266 94 1
266 95 1
266 96 1
266 97 1
266 98 1
266 99 1
267 77 1
267 88 1
267 89 1
267 90 1
267 91 1
267 92 1
267 93 1
267 94 1
267 95 1
267 96 1
267 97 1
267 98 1
267 99 1
268 77 1
268 88 1
268 89 1
268 90 1
268 91 1
268 92 1
268 93 1
268 94 1
268 95 1
268 96 1
268 97 1
268 98 1
268 99 1
269 77 1
269 88 1
269 89 1
269 90 1
269 91 1
269 92 1
269 93 1
269 94 1
269 95 1
269 96 1
269 97 1
269 98 1
269 99 1
270 77 1
270 88 1
270 89 1
270 90 1
270 91 1
270 92 1
270 93 1
270 94 1
270 95 1
270 96 1
270 97 1
270 98 1
270 99 1
271 77 1
271 88 1
271 89 1
271 90 1
271 91 1
271 92 1
271 93 1
271 94 1
271 95 1
271 96 1
271 97 1
271 98 1
271 99 1
272 77 1
272 88 1
272 89 1
272 90 1
272 91 1
272 92 1
272 93 1
272 94 1
272 95 1
272 96 1
272 97 1
272 98 1
272 99 1
273 77 1
273 87 5
273 88 1
273 89 1
273 90 1
273 91 1
273 92 1
273 93 1
273 94 1
273 95 1
273 96 1
273 97 1
273 98 1
273 99 1
274 77 1
274 86 5
274 87 5
274 88 1
274 89 1
274 90 1
274 91 1
274 92 1
274 93 1
274 94 1
274 95 1
274 96 1
274 97 1
274 98 1
274 99 1
275 77 1
275 85 5
275 86 5
275 87 5
275 88 1
275 89 1
275 90 1
275 91 1
275 92 1
275 93 1
275 94 1
275 95 1
275 96 1
275 97 1
275 98 1
275 99 1
276 62 1
276 63 1
276 64 1
276 65 1
276 66 1
276 67 1
276 68 1
276 69 1
276 70 1
276 71 1
276 72 1
276 73 1
276 74 1
276 75 1
276 76 1
276 77 1
276 84 5
276 85 5
276 86 5
276 87 5
276 88 1
276 89 1
276 90 1
276 91 1
276 92 1
276 93 1
276 94 1
276 95 1
276 96 1
276 97 1
276 98 1
276 99 1
277 62 1
277 83 5
277 84 5
277 85 5
277 86 5
277 87 5
277 88 1
277 89 1
277 90 1
277 91 1
277 92 1
277 93 1
277 94 1
277 95 1
277 96 1
277 97 1
277 98 1
277 99 1
278 62 1
278 82 5
278 83 5
278 84 5
278 85 5
278 86 5
278 87 5
278 88 1
278 89 1
278 90 1
278 91 1
278 92 1
278 93 1
278 94 1
278 95 1
278 96 1
278 97 1
278 98 1
278 99 1
279 62 1
279 81 5
279 82 5
279 83 5
279 84 5
279 85 5
279 86 5
279 87 5
279 88 1
279 89 1
279 90 1
279 91 1
279 92 1
279 93 1
279 94 1
279 95 1
279 96 1
279 97 1
279 98 1
279 99 1
280 62 1
280 81 5
280 82 5
280 83 5
280 84 5
280 85 5
280 86 5
280 87 5
280 88 1
280 89 1
280 90 1
280 91 1
280 92 1
280 93 1
280 94 1
280 95 1
280 96 1
280 97 1
280 98 1
280 99 1
281 62 1
281 88 1
281 89 1
281 90 1
281 91 1
281 92 1
281 93 1
281 94 1
281 95 1
281 96 1
281 97 1
281 98 1
281 99 1
282 62 1
282 88 1
282 89 1
282 90 1
282 91 1
282 92 1
282 93 1
282 94 1
282 95 1
282 96 1
282 97 1
282 98 1
282 99 1
283 62 1
283 88 1
283 89 1
283 90 1
283 91 1
283 92 1
283 93 1
283 94 1
283 95 1
283 96 1
283 97 1
283 98 1
283 99 1
284 62 1
284 88 1
284 89 1
284 90 1
284 91 1
284 92 1
284 93 1
284 94 1
284 95 1
284 96 1
284 97 1
284 98 1
284 99 1
285 62 1
285 88 1
285 89 1
285 90 1
285 91 1
285 92 1
285 93 1
285 94 1
285 95 1
285 96 1
285 97 1
285 98 1
285 99 1
286 62 1
286 88 1
286 89 1
286 90 1
286 91 1
286 92 1
286 93 1
286 94 1
286 95 1
286 96 1
286 97 1
286 98 1
286 99 1
287 62 1
287 88 1
287 89 1
287 90 1
287 91 1
287 92 1
287 93 1
287 94 1
287 95 1
287 96 1
287 97 1
287 98 1
287 99 1
288 62 1
288 88 1
288 89 1
288 90 1
288 91 1
288 92 1
288 93 1
288 94 1
288 95 1
288 96 1
288 97 1
288 98 1
288 99 1
289 62 1
289 88 1
289 89 1
289 90 1
289 91 1
289 92 1
289 93 1
289 94 1
289 95 1
289 96 1
289 97 1
289 98 1
289 99 1
290 62 1
290 88 1
290 89 1
290 90 1
290 91 1
290 92 1
290 93 1
290 94 1
290 95 1
290 96 1
290 97 1
290 98 1
290 99 1
291 62 1
291 88 1
291 89 1
291 90 1
291 91 1
291 92 1
291 93 1
291 94 1
291 95 1
291 96 1
291 97 1
291 98 1
291 99 1
292 62 1
292 88 1
292 89 1
292 90 1
292 91 1
292 92 1
292 93 1
292 94 1
292 95 1
292 96 1
292 97 1
292 98 1
292 99 1
293 62 1
293 87 1
293 88 1
293 89 1
293 90 1
293 91 1
293 92 1
293 93 1
293 94 1
293 95 1
293 96 1
293 97 1
293 98 1
293 99 1
294 62 1
294 88 1
294 89 1
294 90 1
294 91 1
294 92 1
294 93 1
294 94 1
294 95 1
294 96 1
294 97 1
294 98 1
294 99 1
295 62 1
295 88 1
295 89 1
295 90 1
295 91 1
295 92 1
295 93 1
295 94 1
295 95 1
295 96 1
295 97 1
295 98 1
295 99 1
296 62 1
296 88 1
296 89 1
296 90 1
296 91 1
296 92 1
296 93 1
296 94 1
296 95 1
296 96 1
296 97 1
296 98 1
296 99 1
297 62 1
297 88 1
297 89 1
297 90 1
297 91 1
297 92 1
297 93 1
297 94 1
297 95 1
297 96 1
297 97 1
297 98 1
297 99 1
298 62 1
298 88 1
298 89 1
298 90 1
298 91 1
298 92 1
298 93 1
298 94 1
298 95 1
298 96 1
298 97 1
298 98 1
298 99 1
299 62 1
299 88 1
299 89 1
299 90 1
299 91 1
299 92 1
299 93 1
299 94 1
299 95 1
299 96 1
299 97 1
299 98 1
299 99 1
300 62 1
300 88 1
300 89 1
300 90 1
300 91 1
300 92 1
300 93 1
300 94 1
300 95 1
300 96 1
300 97 1
300 98 1
300 99 1
301 62 1
301 88 1
301 89 1
301 90 1
301 91 1
301 92 1
301 93 1
301 94 1
301 95 1
301 96 1
301 97 1
301 98 1
301 99 1
302 62 1
302 88 1
302 89 1
302 90 1
302 91 1
302 92 1
302 93 1
302 94 1
302 95 1
302 96 1
302 97 1
302 98 1
302 99 1
303 62 1
303 88 1
303 89 1
303 90 1
303 91 1
303 92 1
303 93 1
303 94 1
303 95 1
303 96 1
303 97 1
303 98 1
303 99 1
304 62 1
304 88 1
304 89 1
304 90 1
304 91 1
304 92 1
304 93 1
304 94 1
304 95 1
304 96 1
304 97 1
304 98 1
304 99 1
305 62 1
305 88 1
305 89 1
305 90 1
305 91 1
305 92 1
305 93 1
305 94 1
305 95 1
305 96 1
305 97 1
305 98 1
305 99 1
306 62 1
306 88 1
306 89 1
306 90 1
306 91 1
306 92 1
306 93 1
306 94 1
306 95 1
306 96 1
306 97 1
306 98 1
306 99 1
307 62 1
307 88 1
307 89 1
307 90 1
307 91 1
307 92 1
307 93 1
307 94 1
307 95 1
307 96 1
307 97 1
307 98 1
307 99 1
308 62 1
308 88 1
308 89 1
308 90 1
308 91 1
308 92 1
308 93 1
308 94 1
308 95 1
308 96 1
308 97 1
308 98 1
308 99 1
309 62 1
309 88 1
309 89 1
309 90 1
309 91 1
309 92 1
309 93 1
309 94 1
309 95 1
309 96 1
309 97 1
309 98 1
309 99 1
310 62 1
310 88 1
310 89 1
310 90 1
310 91 1
310 92 1
310 93 1
310 94 1
310 95 1
310 96 1
310 97 1
310 98 1
310 99 1
311 63 1
311 64 1
311 65 1
311 66 1
311 67 1
311 68 1
311 69 1
311 70 1
311 71 1
311 72 1
311 73 1
311 74 1
311 75 1
311 76 1
311 77 1
311 78 1
311 79 1
311 80 1
311 81 1
311 82 1
311 83 1
311 84 1
311 85 1
311 86 1
311 87 1
311 88 5
311 89 1
311 90 1
311 91 1
311 92 1
311 93 1
311 94 1
311 95 1
311 96 1
311 97 1
311 98 1
311 99 1
312 89 1
312 90 1
312 91 1
312 92 1
312 93 1
312 94 1
312 95 1
312 96 1
312 97 1
312 98 1
312 99 1
313 89 1
313 90 1
313 91 1
313 92 1
313 93 1
313 94 1
313 95 1
313 96 1
313 97 1
313 98 1
313 99 1
314 89 1
314 90 1
314 91 1
314 92 1
314 93 1
314 94 1
314 95 1
314 96 1
314 97 1
314 98 1
314 99 1
315 89 1
315 90 1
315 91 1
315 92 1
315 93 1
315 94 1
315 95 1
315 96 1
315 97 1
315 98 1
315 99 1
316 89 1
316 90 1
316 91 1
316 92 1
316 93 1
316 94 1
316 95 1
316 96 1
316 97 1
316 98 1
316 99 1
317 89 1
317 90 1
317 91 1
317 92 1
317 93 1
317 94 1
317 95 1
317 96 1
317 97 1
317 98 1
317 99 1
::TILES-> END
::BONUS-> BEGIN
83 85 2
145 75 1
146 75 15
183 75 1
184 75 2
185 75 16
186 75 1
205 66 14
205 67 14
206 66 14
206 67 14
206 85 2
294 58 15
294 59 15
294 60 15
294 61 15
294 62 15
294 63 15
294 64 15
294 65 15
294 66 15
294 67 15
294 68 15
294 69 15
294 70 15
294 71 15
294 72 15
294 73 15
294 74 15
294 75 15
294 76 15
294 77 15
294 78 15
::BONUS-> END
::COIN-> BEGIN
194 79
194 80
195 79
195 80
196 79
196 80
197 79
197 80
198 80
199 80
200 80
214 79
214 80
214 81
215 79
215 80
215 81
216 79
216 80
216 81
217 79
217 80
217 81
218 79
218 80
218 81
259 82
259 83
259 84
259 85
260 79
260 80
260 81
260 86
260 87
261 82
261 83
261 84
261 85
261 87
262 87
263 87
264 87
265 87
266 87
267 87
268 87
269 87
270 87
271 87
272 86
272 87
273 85
273 86
274 84
274 85
275 83
275 84
276 82
276 83
277 81
277 82
278 80
278 81
279 79
279 80
280 78
280 79
281 77
282 76
283 76
284 75
284 76
285 75
286 75
287 76
288 76
289 76
289 77
290 77
291 78
292 78
::COIN-> END
GOOMBA 90 87
TURTLE 111 86
TURTLE 112 86
TURTLE 113 86
TURTLE 116 86
TURTLE 117 86
TURTLE 118 86
SPINY 130 87
SPINY 131 87
SPINY 132 87
SPINY 134 87
SPINY 135 87
SPINY 136 87
SPINY 137 87
SPINY 143 87
SPINY 147 87
GOOMBA 159 87
GOOMBA 163 87
GOOMBA 164 87
GOOMBA 166 87
GOOMBA 168 87
GOOMBA 169 87
SPINY 177 87
SPINY 178 87
TURTLE 197 85
BRETT 8360 3160
TURTLE 210 85
TURTLEFLY 222 81
SPINY 223 78
GOOMBA 223 86
GOOMBA 224 86
TURTLEFLY 227 85
GOOMBA 227 86
SPINY 231 86
SPINY 235 86
GOOMBA 236 87
GOOMBA 237 87
GOOMBA 238 86
TURTLEFLY 239 83
TURTLEFLY 246 79
TURTLE 265 86
RESTART data/levels/16/main
START 0 3367 3282 2
EXIT 0 0 0 NONE 0 0
START 1 0 0 0
EXIT 1 0 0 NONE 0 0
START 2 0 0 0
EXIT 2 0 0 NONE 0 0
START 3 0 0 0
EXIT 3 0 0 NONE 0 0
START 4 0 0 0
EXIT 4 0 0 NONE 0 0
BGCOLOR 2000030

CASTLE 11722 3161 1 data/levels/17/main 0
MUSIC groove2.mid
BACKGROUND data/gfx/background/wood.jpg
