# Level for Mega Mario

TEXTURE data/gfx/tiles/ground/stone0.png
TEXTURE data/gfx/tiles/ground/stone1.png
TEXTURE data/gfx/tiles/ground/stone2.png
TEXTURE data/gfx/tiles/ground/stone3.png
TEXTURE data/gfx/tiles/ground/stone4.png
TEXTURE data/gfx/tiles/ground/stone5.png
TEXTURE data/gfx/tiles/ground/stone6.png
TEXTURE data/gfx/tiles/ground/bricks.png
TEXTURE data/gfx/tiles/ground/bricks2.png
TEXTURE data/gfx/tiles/ground/snowy.png
TEXTURE data/gfx/tiles/ground/grass.png
TEXTURE data/gfx/tiles/ground/sand.png
TEXTURE data/gfx/tiles/ground/metal.png
TEXTURE data/gfx/tiles/cannonset1.png
TEXTURE data/gfx/tiles/cannonset2.png
TEXTURE data/gfx/tiles/pipes/up/1.png
TEXTURE data/gfx/tiles/pipes/up/2.png
TEXTURE data/gfx/tiles/pipes/up/3.png
TEXTURE data/gfx/tiles/pipes/up/4.png
TEXTURE data/gfx/tiles/pipes/down/1.png
TEXTURE data/gfx/tiles/pipes/down/2.png
TEXTURE data/gfx/tiles/pipes/down/3.png
TEXTURE data/gfx/tiles/pipes/down/4.png
TEXTURE data/gfx/tiles/pipes/right/1.png
TEXTURE data/gfx/tiles/pipes/right/2.png
TEXTURE data/gfx/tiles/pipes/right/3.png
TEXTURE data/gfx/tiles/pipes/right/4.png
TEXTURE data/gfx/tiles/pipes/left/1.png
TEXTURE data/gfx/tiles/pipes/left/2.png
TEXTURE data/gfx/tiles/pipes/left/3.png
TEXTURE data/gfx/tiles/pipes/left/4.png
TEXTURE data/gfx/tiles/conveyorL.png
TEXTURE data/gfx/tiles/conveyorR.png
::TILES-> BEGIN
133 96 26
133 97 27
134 22 1
134 23 1
134 24 1
134 25 1
134 26 1
134 27 1
134 28 1
134 29 1
134 30 1
134 31 1
134 32 1
134 33 1
134 34 1
134 35 1
134 36 1
134 37 1
134 38 1
134 39 1
134 40 1
134 96 26
134 97 27
135 21 1
135 22 1
135 23 1
135 24 1
135 25 1
135 26 1
135 27 1
135 28 1
135 29 1
135 30 1
135 31 1
135 32 1
135 33 1
135 34 1
135 35 1
135 36 1
135 37 1
135 38 1
135 39 1
135 40 1
135 96 26
135 97 27
136 21 1
136 22 1
136 23 1
136 24 1
136 25 1
136 26 1
136 27 1
136 28 1
136 29 1
136 30 1
136 31 1
136 32 1
136 33 1
136 34 1
136 35 1
136 36 1
136 37 1
136 38 1
136 39 1
136 40 1
136 96 26
136 97 27
137 21 1
137 22 1
137 23 1
137 24 1
137 25 1
137 26 1
137 27 1
137 28 1
137 29 1
137 30 1
137 31 1
137 32 1
137 33 1
137 34 1
137 35 1
137 36 1
137 37 1
137 38 1
137 39 1
137 40 1
137 41 1
137 42 1
137 43 1
137 44 1
137 45 1
137 46 1
137 47 1
137 48 1
137 49 1
137 50 1
137 51 1
137 52 1
137 53 1
137 54 1
137 55 1
137 56 1
137 57 1
137 58 1
137 59 1
137 60 1
137 61 1
137 62 1
137 63 1
137 64 1
137 65 1
137 66 1
137 67 1
137 68 1
137 69 1
137 70 1
137 71 1
137 72 1
137 73 1
137 74 1
137 75 1
137 76 1
137 77 1
137 78 1
137 79 1
137 80 1
137 81 1
137 82 1
137 83 1
137 84 1
137 85 1
137 86 1
137 87 1
137 88 1
137 89 1
137 90 1
137 91 1
137 92 1
137 93 1
137 94 1
137 95 1
137 96 26
137 97 27
137 98 1
137 99 1
138 21 1
138 22 1
138 23 1
138 24 1
138 25 1
138 26 1
138 27 1
138 28 1
138 29 1
138 30 1
138 31 1
138 32 1
138 33 1
138 34 1
138 35 1
138 36 1
138 37 1
138 38 1
138 39 1
138 40 1
138 41 1
138 42 1
138 43 1
138 44 1
138 45 1
138 46 1
138 47 1
138 48 1
138 49 1
138 50 1
138 51 1
138 52 1
138 53 1
138 54 1
138 55 1
138 56 1
138 57 1
138 58 1
138 59 1
138 60 1
138 61 1
138 62 1
138 63 1
138 64 1
138 65 1
138 66 1
138 67 1
138 68 1
138 69 1
138 70 1
138 71 1
138 72 1
138 73 1
138 74 1
138 75 1
138 76 1
138 77 1
138 78 1
138 79 1
138 80 1
138 81 1
138 82 1
138 83 1
138 84 1
138 85 1
138 86 1
138 87 1
138 88 1
138 89 1
138 90 1
138 91 1
138 92 1
138 93 1
138 94 1
138 95 1
138 96 26
138 97 27
138 98 1
138 99 1
139 1 1
139 2 1
139 3 1
139 4 1
139 5 1
139 6 1
139 7 1
139 8 1
139 9 1
139 10 1
139 11 1
139 12 1
139 13 1
139 14 1
139 15 1
139 16 1
139 17 1
139 18 1
139 19 1
139 20 1
139 21 1
139 22 1
139 23 1
139 24 1
139 25 1
139 26 1
139 27 1
139 28 1
139 29 1
139 30 1
139 31 1
139 32 1
139 33 1
139 34 1
139 35 1
139 36 1
139 37 1
139 38 1
139 39 1
139 40 1
139 41 1
139 42 1
139 43 1
139 44 1
139 45 1
139 46 1
139 47 1
139 48 1
139 49 1
139 50 1
139 51 1
139 52 1
139 53 1
139 54 1
139 55 1
139 56 1
139 57 1
139 58 1
139 59 1
139 60 1
139 61 1
139 62 1
139 63 1
139 64 1
139 65 1
139 66 1
139 67 1
139 68 1
139 69 1
139 70 1
139 71 1
139 72 1
139 73 1
139 74 1
139 75 1
139 76 1
139 77 1
139 78 1
139 79 1
139 80 1
139 81 1
139 82 1
139 83 1
139 84 1
139 85 1
139 86 1
139 87 1
139 88 1
139 89 1
139 90 1
139 91 1
139 92 1
139 93 1
139 94 1
139 95 1
139 96 26
139 97 27
139 98 1
139 99 1
140 1 1
140 2 1
140 3 1
140 4 1
140 5 1
140 6 1
140 7 1
140 8 1
140 9 1
140 10 1
140 11 1
140 12 1
140 13 1
140 14 1
140 15 1
140 16 1
140 17 1
140 18 1
140 19 1
140 20 1
140 21 1
140 22 1
140 23 1
140 24 1
140 25 1
140 26 1
140 27 1
140 28 1
140 29 1
140 30 1
140 31 1
140 32 1
140 33 1
140 34 1
140 35 1
140 36 1
140 37 1
140 38 1
140 39 1
140 40 1
140 41 1
140 42 1
140 43 1
140 44 1
140 45 1
140 46 1
140 47 1
140 48 1
140 49 1
140 50 1
140 51 1
140 52 1
140 53 1
140 54 1
140 55 1
140 56 1
140 57 1
140 58 1
140 59 1
140 60 1
140 61 1
140 62 1
140 63 1
140 64 1
140 65 1
140 66 1
140 67 1
140 68 1
140 69 1
140 70 1
140 71 1
140 72 1
140 73 1
140 74 1
140 75 1
140 76 1
140 77 1
140 78 1
140 79 1
140 80 1
140 81 1
140 82 1
140 83 1
140 84 1
140 85 1
140 86 1
140 87 1
140 88 1
140 89 1
140 90 1
140 91 1
140 92 1
140 93 1
140 94 1
140 95 1
140 96 26
140 97 27
140 98 1
140 99 1
141 1 1
141 2 1
141 3 1
141 4 1
141 5 1
141 6 1
141 7 1
141 8 1
141 9 1
141 10 1
141 11 1
141 12 1
141 13 1
141 14 1
141 15 1
141 16 1
141 17 1
141 18 1
141 19 1
141 20 1
141 21 1
141 22 1
141 23 1
141 24 1
141 25 1
141 26 1
141 27 1
141 28 1
141 29 1
141 30 1
141 31 1
141 32 1
141 33 1
141 34 1
141 35 1
141 36 1
141 37 1
141 38 1
141 39 1
141 40 1
141 41 1
141 42 1
141 43 1
141 44 1
141 45 1
141 46 1
141 47 1
141 48 1
141 49 1
141 50 1
141 51 1
141 52 1
141 53 1
141 54 1
141 55 1
141 56 1
141 57 1
141 58 1
141 59 1
141 60 1
141 61 1
141 62 1
141 63 1
141 64 1
141 65 1
141 66 1
141 67 1
141 68 1
141 69 1
141 70 1
141 71 1
141 72 1
141 73 1
141 74 1
141 75 1
141 76 1
141 77 1
141 78 1
141 79 1
141 80 1
141 81 1
141 82 1
141 83 1
141 84 1
141 85 1
141 86 1
141 87 1
141 88 1
141 89 1
141 90 1
141 91 1
141 92 1
141 93 1
141 94 1
141 95 1
141 96 26
141 97 27
141 98 1
141 99 1
142 1 1
142 2 1
142 3 1
142 4 1
142 5 1
142 6 1
142 7 1
142 8 1
142 9 1
142 10 1
142 11 1
142 12 1
142 13 1
142 14 1
142 15 1
142 16 1
142 17 1
142 18 1
142 19 1
142 20 1
142 21 1
142 22 1
142 23 1
142 24 1
142 25 1
142 26 1
142 27 1
142 28 1
142 29 1
142 30 1
142 31 1
142 32 1
142 33 1
142 34 1
142 35 1
142 36 1
142 37 1
142 38 1
142 39 1
142 40 1
142 41 1
142 42 1
142 43 1
142 44 1
142 45 1
142 46 1
142 47 1
142 48 1
142 49 1
142 50 1
142 51 1
142 52 1
142 53 1
142 54 1
142 55 1
142 56 1
142 57 1
142 58 1
142 59 1
142 60 1
142 61 1
142 62 1
142 63 1
142 64 1
142 65 1
142 66 1
142 67 1
142 68 1
142 69 1
142 70 1
142 71 1
142 72 1
142 73 1
142 74 1
142 75 1
142 76 1
142 77 1
142 78 1
142 79 1
142 80 1
142 81 1
142 82 1
142 83 1
142 84 1
142 85 1
142 86 1
142 87 1
142 88 1
142 89 1
142 90 1
142 91 1
142 92 1
142 93 1
142 94 1
142 95 1
142 96 26
142 97 27
142 98 1
142 99 1
143 1 1
143 2 1
143 3 1
143 4 1
143 5 1
143 6 1
143 7 1
143 8 1
143 9 1
143 10 1
143 11 1
143 12 1
143 13 1
143 14 1
143 15 1
143 16 1
143 17 1
143 18 1
143 19 1
143 20 1
143 21 1
143 22 1
143 23 1
143 24 1
143 25 1
143 26 1
143 27 1
143 28 1
143 29 1
143 30 1
143 31 1
143 32 1
143 33 1
143 34 1
143 35 1
143 36 1
143 37 1
143 38 1
143 39 1
143 40 1
143 41 1
143 42 1
143 43 1
143 44 1
143 45 1
143 46 1
143 47 1
143 48 1
143 49 1
143 50 1
143 51 1
143 52 1
143 53 1
143 54 1
143 55 1
143 56 1
143 57 1
143 58 1
143 59 1
143 60 1
143 61 1
143 62 1
143 63 1
143 64 1
143 65 1
143 66 1
143 67 1
143 68 1
143 69 1
143 70 1
143 71 1
143 72 1
143 73 1
143 74 1
143 75 1
143 76 1
143 77 1
143 78 1
143 79 1
143 80 1
143 81 1
143 82 1
143 83 1
143 84 1
143 85 1
143 86 1
143 87 1
143 88 1
143 89 1
143 90 1
143 91 1
143 92 1
143 93 1
143 94 1
143 95 1
143 96 26
143 97 27
143 98 1
143 99 1
144 1 1
144 2 1
144 3 1
144 4 1
144 5 1
144 6 1
144 7 1
144 8 1
144 9 1
144 10 1
144 11 1
144 12 1
144 13 1
144 14 1
144 15 1
144 16 1
144 17 1
144 18 1
144 19 1
144 20 1
144 21 1
144 22 1
144 23 1
144 24 1
144 25 1
144 26 1
144 27 1
144 28 1
144 29 1
144 30 1
144 31 1
144 32 1
144 33 1
144 34 1
144 35 1
144 36 1
144 37 1
144 38 1
144 39 1
144 40 1
144 41 1
144 42 1
144 43 1
144 44 1
144 45 1
144 46 1
144 47 1
144 48 1
144 49 1
144 50 1
144 51 1
144 52 1
144 53 1
144 54 1
144 55 1
144 56 1
144 57 1
144 58 1
144 59 1
144 60 1
144 61 1
144 62 1
144 63 1
144 64 1
144 65 1
144 66 1
144 67 1
144 68 1
144 69 1
144 70 1
144 71 1
144 72 1
144 73 1
144 74 1
144 75 1
144 76 1
144 77 1
144 78 1
144 79 1
144 80 1
144 81 1
144 82 1
144 83 1
144 84 1
144 85 1
144 86 1
144 87 1
144 88 1
144 89 1
144 90 1
144 91 1
144 92 1
144 93 1
144 94 1
144 95 1
144 96 26
144 97 27
144 98 1
144 99 1
145 1 1
145 2 1
145 3 1
145 4 1
145 5 1
145 6 1
145 7 1
145 8 1
145 9 1
145 10 1
145 11 1
145 12 1
145 13 1
145 14 1
145 15 1
145 16 1
145 17 1
145 18 1
145 19 1
145 20 1
145 21 1
145 22 1
145 23 1
145 24 1
145 25 1
145 26 1
145 27 1
145 28 1
145 29 1
145 30 1
145 31 1
145 32 1
145 33 1
145 34 1
145 35 1
145 36 1
145 37 1
145 38 1
145 39 1
145 40 1
145 41 1
145 42 1
145 43 1
145 44 1
145 45 1
145 46 1
145 47 1
145 52 1
145 53 1
145 54 1
145 55 1
145 56 1
145 57 1
145 58 1
145 59 1
145 60 1
145 61 1
145 62 1
145 63 1
145 64 1
145 65 1
145 66 1
145 67 1
145 68 1
145 69 1
145 70 1
145 71 1
145 72 1
145 73 1
145 74 1
145 75 1
145 76 1
145 77 1
145 78 1
145 79 1
145 80 1
145 81 1
145 82 1
145 83 1
145 84 1
145 85 1
145 86 1
145 87 1
145 88 1
145 89 1
145 90 1
145 91 1
145 92 1
145 93 1
145 94 1
145 95 1
145 96 26
145 97 27
145 98 1
145 99 1
146 1 1
146 2 1
146 3 1
146 4 1
146 5 1
146 6 1
146 7 1
146 8 1
146 9 1
146 10 1
146 11 1
146 12 1
146 13 1
146 14 1
146 15 1
146 16 1
146 17 1
146 18 1
146 19 1
146 20 1
146 21 1
146 22 1
146 23 1
146 24 1
146 25 1
146 26 1
146 27 1
146 28 1
146 29 1
146 30 1
146 31 1
146 32 1
146 33 1
146 34 1
146 35 1
146 36 1
146 37 1
146 38 1
146 39 1
146 40 1
146 41 1
146 42 1
146 43 1
146 44 1
146 45 1
146 46 1
146 47 1
146 52 1
146 53 1
146 54 1
146 55 1
146 56 1
146 57 1
146 58 1
146 59 1
146 60 1
146 61 1
146 62 1
146 63 1
146 64 1
146 65 1
146 66 1
146 67 1
146 68 1
146 69 1
146 70 1
146 71 1
146 72 1
146 73 1
146 74 1
146 75 1
146 76 1
146 77 1
146 78 1
146 79 1
146 80 1
146 81 1
146 82 1
146 83 1
146 84 1
146 85 1
146 86 1
146 87 1
146 88 1
146 89 1
146 90 1
146 91 1
146 92 1
146 93 1
146 94 1
146 95 1
146 96 26
146 97 27
146 98 1
146 99 1
147 1 1
147 2 1
147 3 1
147 4 1
147 5 1
147 6 1
147 7 1
147 8 1
147 9 1
147 10 1
147 11 1
147 12 1
147 13 1
147 14 1
147 15 1
147 16 1
147 17 1
147 18 1
147 19 1
147 20 1
147 21 1
147 22 1
147 23 1
147 24 1
147 25 1
147 26 1
147 27 1
147 28 1
147 29 1
147 30 1
147 31 1
147 32 1
147 33 1
147 34 1
147 35 1
147 36 1
147 37 1
147 38 1
147 39 1
147 40 1
147 41 1
147 42 1
147 43 1
147 44 1
147 45 1
147 46 1
147 47 1
147 52 1
147 53 1
147 54 1
147 55 1
147 56 1
147 57 1
147 58 1
147 59 1
147 68 1
147 69 1
147 70 1
147 71 1
147 72 1
147 73 1
147 74 1
147 75 1
147 76 1
147 77 1
147 78 1
147 79 1
147 80 1
147 81 1
147 82 1
147 83 1
147 84 1
147 85 1
147 86 1
147 87 1
147 88 1
147 89 1
147 90 1
147 91 1
147 92 1
147 93 1
147 94 1
147 95 1
147 96 26
147 97 27
147 98 1
147 99 1
148 1 1
148 2 1
148 3 1
148 4 1
148 5 1
148 6 1
148 7 1
148 8 1
148 9 1
148 10 1
148 11 1
148 12 1
148 13 1
148 14 1
148 15 1
148 16 1
148 17 1
148 18 1
148 19 1
148 20 1
148 21 1
148 22 1
148 23 1
148 24 1
148 25 1
148 26 1
148 27 1
148 28 1
148 29 1
148 30 1
148 31 1
148 32 1
148 33 1
148 34 1
148 35 1
148 36 1
148 37 1
148 38 1
148 39 1
148 40 1
148 41 1
148 42 1
148 43 1
148 44 1
148 45 1
148 46 1
148 47 1
148 56 1
148 57 1
148 68 1
148 69 1
148 70 1
148 71 1
148 72 1
148 73 1
148 74 1
148 75 1
148 76 1
148 77 1
148 78 1
148 79 1
148 80 1
148 81 1
148 82 1
148 83 1
148 84 1
148 85 1
148 86 1
148 87 1
148 88 1
148 89 1
148 90 1
148 91 1
148 92 1
148 93 1
148 94 1
148 95 1
148 96 26
148 97 27
148 98 1
148 99 1
149 1 1
149 2 1
149 3 1
149 4 1
149 5 1
149 6 1
149 7 1
149 8 1
149 9 1
149 10 1
149 11 1
149 12 1
149 13 1
149 14 1
149 15 1
149 16 1
149 17 1
149 18 1
149 19 1
149 20 1
149 21 1
149 22 1
149 23 1
149 24 1
149 25 1
149 26 1
149 27 1
149 28 1
149 29 1
149 30 1
149 31 1
149 32 1
149 33 1
149 34 1
149 35 1
149 36 1
149 37 1
149 38 1
149 39 1
149 40 1
149 41 1
149 42 1
149 43 1
149 44 1
149 45 1
149 46 1
149 47 1
149 56 1
149 57 1
149 62 1
149 63 1
149 68 1
149 69 1
149 70 1
149 71 1
149 72 1
149 73 1
149 74 1
149 75 1
149 76 1
149 77 1
149 78 1
149 79 1
149 80 1
149 81 1
149 82 1
149 83 1
149 84 1
149 85 1
149 86 1
149 87 1
149 88 1
149 89 1
149 90 1
149 91 1
149 92 1
149 93 1
149 94 1
149 95 1
149 96 26
149 97 27
149 98 1
149 99 1
150 1 1
150 2 1
150 3 1
150 4 1
150 5 1
150 6 1
150 7 1
150 8 1
150 9 1
150 10 1
150 11 1
150 12 1
150 13 1
150 14 1
150 15 1
150 16 1
150 17 1
150 18 1
150 19 1
150 20 1
150 21 1
150 22 1
150 23 1
150 24 1
150 25 1
150 26 1
150 27 1
150 28 1
150 29 1
150 30 1
150 31 1
150 32 1
150 33 1
150 34 1
150 35 1
150 36 1
150 37 1
150 38 1
150 39 1
150 40 1
150 41 1
150 42 1
150 43 1
150 44 1
150 45 1
150 46 1
150 47 1
150 50 1
150 51 1
150 52 1
150 53 1
150 56 1
150 57 1
150 62 1
150 63 1
150 68 1
150 69 1
150 70 1
150 71 1
150 72 1
150 73 1
150 74 1
150 75 1
150 76 1
150 77 1
150 78 1
150 79 1
150 80 1
150 81 1
150 82 1
150 83 1
150 84 1
150 85 1
150 86 1
150 87 1
150 88 1
150 89 1
150 90 1
150 91 1
150 92 1
150 93 1
150 94 1
150 95 1
150 96 26
150 97 27
150 98 1
150 99 1
151 1 1
151 2 1
151 3 1
151 4 1
151 5 1
151 6 1
151 7 1
151 8 1
151 9 1
151 10 1
151 11 1
151 12 1
151 13 1
151 14 1
151 15 1
151 16 1
151 17 1
151 18 1
151 19 1
151 20 1
151 21 1
151 22 1
151 23 1
151 24 1
151 25 1
151 26 1
151 27 1
151 28 1
151 29 1
151 30 1
151 31 1
151 32 1
151 33 1
151 34 1
151 35 1
151 36 1
151 37 1
151 38 1
151 39 1
151 40 1
151 41 1
151 42 1
151 43 1
151 44 1
151 45 1
151 46 1
151 47 1
151 50 1
151 51 1
151 52 1
151 53 1
151 56 1
151 57 1
151 60 17
151 61 19
151 62 1
151 63 1
151 66 17
151 67 19
151 68 1
151 69 1
151 70 1
151 71 1
151 72 1
151 73 1
151 74 1
151 75 1
151 76 1
151 77 1
151 78 1
151 79 1
151 80 1
151 81 1
151 82 1
151 83 1
151 84 1
151 85 1
151 86 1
151 87 1
151 88 1
151 89 1
151 90 1
151 91 1
151 92 1
151 93 1
151 94 1
151 95 1
151 96 26
151 97 27
151 98 1
151 99 1
152 1 1
152 2 1
152 3 1
152 4 1
152 5 1
152 6 1
152 7 1
152 8 1
152 9 1
152 10 1
152 11 1
152 12 1
152 13 1
152 44 1
152 45 1
152 46 1
152 47 1
152 50 1
152 51 1
152 56 1
152 57 1
152 60 16
152 61 18
152 62 1
152 63 1
152 66 16
152 67 18
152 68 1
152 69 1
152 70 1
152 71 1
152 72 1
152 73 1
152 74 1
152 75 1
152 76 1
152 77 1
152 78 1
152 79 1
152 80 1
152 81 1
152 82 1
152 83 1
152 84 1
152 85 1
152 86 1
152 87 1
152 88 1
152 89 1
152 90 1
152 91 1
152 92 1
152 93 1
152 94 1
152 95 1
152 96 26
152 97 27
152 98 1
152 99 1
153 1 1
153 2 1
153 3 1
153 4 1
153 5 1
153 6 1
153 7 1
153 8 1
153 9 1
153 10 1
153 11 1
153 12 1
153 13 1
153 44 1
153 45 1
153 46 1
153 47 1
153 50 1
153 51 1
153 56 1
153 57 1
153 62 1
153 63 1
153 68 1
153 69 1
153 70 1
153 71 1
153 72 1
153 73 1
153 74 1
153 75 1
153 76 1
153 77 1
153 78 1
153 79 1
153 80 1
153 81 1
153 82 1
153 83 1
153 84 1
153 85 1
153 86 1
153 87 1
153 88 1
153 89 1
153 90 1
153 91 1
153 92 1
153 93 1
153 94 1
153 95 1
153 96 24
153 97 25
153 98 1
153 99 1
154 1 1
154 2 1
154 3 1
154 4 1
154 5 1
154 6 1
154 7 1
154 8 1
154 9 1
154 10 1
154 11 1
154 12 1
154 13 1
154 20 1
154 21 1
154 22 1
154 23 1
154 24 1
154 25 1
154 26 1
154 27 1
154 28 1
154 29 1
154 30 1
154 31 1
154 32 1
154 33 1
154 34 1
154 35 1
154 36 1
154 37 1
154 38 1
154 39 1
154 40 1
154 41 1
154 44 1
154 45 1
154 46 1
154 47 1
154 50 1
154 51 1
154 56 1
154 57 1
154 62 1
154 63 1
154 68 1
154 69 1
154 70 1
154 71 1
154 72 1
154 73 1
154 74 1
154 75 1
154 76 1
154 77 1
154 78 1
154 79 1
154 80 1
154 81 1
154 82 1
154 83 1
154 84 1
154 85 1
154 86 1
154 87 1
154 88 1
154 89 1
154 90 1
154 91 1
154 92 1
154 93 1
154 94 1
154 95 1
154 98 1
154 99 1
155 1 1
155 2 1
155 3 1
155 4 1
155 5 1
155 6 1
155 7 1
155 8 1
155 9 1
155 10 1
155 11 1
155 12 1
155 13 1
155 20 1
155 21 1
155 22 1
155 23 1
155 24 1
155 25 1
155 26 1
155 27 1
155 28 1
155 29 1
155 30 1
155 31 1
155 32 1
155 33 1
155 34 1
155 35 1
155 41 1
155 44 1
155 45 1
155 46 1
155 47 1
155 50 1
155 51 1
155 54 17
155 55 19
155 56 1
155 57 1
155 62 1
155 63 1
155 68 1
155 69 1
155 70 1
155 71 1
155 72 1
155 73 1
155 74 1
155 75 1
155 76 1
155 77 1
155 78 1
155 79 1
155 80 1
155 81 1
155 82 1
155 83 1
155 84 1
155 85 1
155 86 1
155 87 1
155 88 1
155 89 1
155 90 1
155 91 1
155 92 1
155 93 1
155 94 1
155 95 1
155 98 1
155 99 1
156 1 1
156 2 1
156 3 1
156 4 1
156 5 1
156 6 1
156 7 1
156 8 1
156 9 1
156 10 1
156 11 1
156 12 1
156 13 1
156 20 1
156 21 1
156 22 1
156 23 1
156 24 1
156 25 1
156 26 1
156 27 1
156 28 1
156 29 1
156 30 1
156 31 1
156 32 1
156 33 1
156 34 1
156 35 1
156 41 1
156 44 1
156 45 1
156 46 1
156 47 1
156 50 1
156 51 1
156 54 16
156 55 18
156 56 1
156 57 1
156 62 1
156 63 1
156 68 1
156 69 1
156 70 1
156 71 1
156 72 1
156 73 1
156 74 1
156 75 1
156 76 1
156 77 1
156 78 1
156 79 1
156 80 1
156 81 1
156 82 1
156 83 1
156 84 1
156 85 1
156 86 1
156 87 1
156 88 1
156 89 1
156 90 1
156 91 1
156 92 1
156 93 1
156 94 1
156 95 1
156 98 1
156 99 1
157 1 1
157 2 1
157 3 1
157 4 1
157 5 1
157 6 1
157 7 1
157 8 1
157 9 1
157 10 1
157 11 1
157 12 1
157 13 1
157 20 1
157 21 1
157 22 1
157 23 1
157 24 1
157 25 1
157 26 1
157 27 1
157 28 1
157 29 1
157 30 1
157 31 1
157 32 1
157 33 1
157 34 1
157 35 1
157 38 1
157 44 1
157 45 1
157 46 1
157 47 1
157 50 1
157 51 1
157 56 1
157 57 1
157 62 1
157 63 1
157 68 1
157 69 1
157 70 1
157 71 1
157 72 1
157 73 1
157 74 1
157 98 1
157 99 1
158 1 1
158 2 1
158 3 1
158 4 1
158 5 1
158 6 1
158 7 1
158 8 1
158 9 1
158 10 1
158 11 1
158 12 1
158 13 1
158 20 1
158 21 1
158 22 1
158 23 1
158 29 1
158 30 1
158 31 1
158 32 1
158 33 1
158 34 1
158 35 1
158 38 1
158 44 1
158 45 1
158 46 1
158 47 1
158 50 1
158 51 1
158 56 1
158 57 1
158 62 1
158 63 1
158 68 1
158 69 1
158 70 1
158 71 1
158 72 1
158 73 1
158 74 1
158 98 1
158 99 1
159 1 1
159 2 1
159 3 1
159 4 1
159 5 1
159 6 1
159 7 1
159 8 1
159 9 1
159 10 1
159 11 1
159 12 1
159 13 1
159 20 1
159 21 1
159 22 1
159 23 1
159 33 1
159 34 1
159 38 1
159 39 1
159 40 1
159 41 1
159 42 1
159 43 1
159 44 1
159 45 1
159 46 1
159 47 1
159 50 1
159 51 1
159 54 17
159 55 19
159 56 1
159 57 1
159 60 17
159 61 19
159 62 1
159 63 1
159 66 17
159 67 19
159 68 1
159 69 1
159 70 1
159 71 1
159 72 1
159 73 1
159 74 1
159 77 1
159 78 1
159 79 1
159 80 1
159 81 1
159 82 1
159 83 1
159 84 1
159 85 1
159 86 1
159 87 1
159 88 1
159 89 1
159 90 1
159 91 1
159 92 1
159 93 1
159 94 1
159 95 1
159 98 1
159 99 1
160 1 1
160 2 1
160 3 1
160 4 1
160 5 1
160 6 1
160 7 1
160 8 1
160 9 1
160 10 1
160 11 1
160 12 1
160 13 1
160 20 1
160 21 1
160 22 1
160 23 1
160 33 1
160 34 1
160 38 1
160 39 1
160 40 1
160 41 1
160 42 1
160 43 1
160 44 1
160 45 1
160 46 1
160 47 1
160 50 1
160 51 1
160 54 16
160 55 18
160 56 1
160 57 1
160 60 16
160 61 18
160 62 1
160 63 1
160 66 16
160 67 18
160 68 1
160 69 1
160 70 1
160 71 1
160 72 1
160 73 1
160 74 1
160 77 1
160 78 1
160 79 1
160 80 1
160 81 1
160 82 1
160 83 1
160 84 1
160 85 1
160 86 1
160 87 1
160 88 1
160 89 1
160 90 1
160 91 1
160 92 1
160 93 1
160 94 1
160 95 1
160 98 1
160 99 1
161 1 22
161 2 22
161 3 22
161 4 22
161 5 22
161 6 22
161 7 22
161 8 22
161 9 22
161 10 22
161 11 22
161 12 20
161 20 1
161 21 1
161 22 1
161 23 1
161 33 1
161 34 1
161 50 1
161 51 1
161 56 1
161 57 1
161 62 1
161 63 1
161 68 1
161 69 1
161 70 1
161 71 1
161 72 1
161 73 1
161 74 1
161 77 1
161 78 1
161 79 1
161 80 1
161 81 1
161 82 1
161 83 1
161 84 1
161 85 1
161 86 1
161 87 1
161 88 1
161 89 1
161 90 1
161 91 1
161 92 1
161 93 1
161 94 1
161 95 1
161 98 1
161 99 1
162 1 23
162 2 23
162 3 23
162 4 23
162 5 23
162 6 23
162 7 23
162 8 23
162 9 23
162 10 23
162 11 23
162 12 21
162 20 1
162 21 1
162 22 1
162 23 1
162 33 1
162 34 1
162 50 1
162 51 1
162 56 1
162 57 1
162 62 1
162 63 1
162 68 1
162 69 1
162 70 1
162 71 1
162 72 1
162 73 1
162 74 1
162 77 1
162 78 1
162 79 1
162 80 1
162 81 1
162 82 1
162 83 1
162 84 1
162 85 1
162 86 1
162 87 1
162 88 1
162 89 1
162 90 1
162 91 1
162 92 1
162 93 1
162 94 1
162 95 1
162 96 28
162 97 29
162 98 1
162 99 1
163 1 1
163 2 1
163 3 1
163 4 1
163 5 1
163 6 1
163 7 1
163 8 1
163 9 1
163 10 1
163 11 1
163 12 1
163 13 1
163 20 1
163 21 1
163 22 1
163 23 1
163 33 1
163 34 1
163 38 1
163 39 1
163 40 1
163 41 1
163 42 1
163 43 1
163 44 1
163 45 1
163 46 1
163 47 1
163 48 1
163 49 1
163 50 1
163 51 1
163 54 17
163 55 19
163 56 1
163 57 1
163 62 1
163 63 1
163 68 1
163 69 1
163 70 1
163 71 1
163 72 1
163 73 1
163 74 1
163 77 1
163 78 1
163 79 1
163 80 1
163 81 1
163 82 1
163 83 1
163 84 1
163 85 1
163 86 1
163 87 1
163 88 1
163 89 1
163 90 1
163 91 1
163 92 1
163 93 1
163 94 1
163 95 1
163 96 30
163 97 31
163 98 1
163 99 1
164 1 1
164 2 1
164 3 1
164 4 1
164 5 1
164 6 1
164 7 1
164 8 1
164 9 1
164 10 1
164 11 1
164 12 1
164 13 1
164 20 1
164 21 1
164 22 1
164 23 1
164 33 1
164 34 1
164 38 1
164 39 1
164 40 1
164 41 1
164 42 1
164 43 1
164 44 1
164 45 1
164 46 1
164 47 1
164 48 1
164 49 1
164 50 1
164 51 1
164 54 16
164 55 18
164 56 1
164 57 1
164 62 1
164 63 1
164 68 1
164 69 1
164 70 1
164 71 1
164 72 1
164 73 1
164 74 1
164 77 1
164 78 1
164 79 1
164 80 1
164 81 1
164 82 1
164 83 1
164 84 1
164 85 1
164 86 1
164 87 1
164 88 1
164 89 1
164 90 1
164 91 1
164 92 1
164 93 1
164 94 1
164 95 1
164 96 30
164 97 31
164 98 1
164 99 1
165 1 1
165 2 1
165 3 1
165 4 1
165 5 1
165 6 1
165 7 1
165 8 1
165 9 1
165 10 1
165 11 1
165 12 1
165 13 1
165 20 1
165 21 1
165 22 1
165 23 1
165 33 1
165 34 1
165 35 1
165 38 1
165 39 1
165 40 1
165 41 1
165 42 1
165 43 1
165 44 1
165 45 1
165 46 1
165 47 1
165 48 1
165 49 1
165 50 1
165 51 1
165 56 1
165 57 1
165 62 1
165 63 1
165 68 1
165 69 1
165 70 1
165 71 1
165 72 1
165 73 1
165 74 1
165 77 1
165 78 1
165 79 1
165 80 1
165 81 1
165 82 1
165 83 1
165 84 1
165 85 1
165 86 1
165 87 1
165 88 1
165 89 1
165 90 1
165 91 1
165 92 1
165 93 1
165 94 1
165 95 1
165 96 30
165 97 31
165 98 1
165 99 1
166 1 1
166 2 1
166 3 1
166 4 1
166 5 1
166 6 1
166 7 1
166 8 1
166 9 1
166 10 1
166 11 1
166 12 1
166 13 1
166 20 1
166 21 1
166 22 1
166 23 1
166 35 1
166 38 1
166 39 1
166 40 1
166 41 1
166 42 1
166 43 1
166 44 1
166 45 1
166 46 1
166 47 1
166 48 1
166 49 1
166 50 1
166 51 1
166 54 17
166 55 19
166 56 1
166 57 1
166 62 1
166 63 1
166 68 1
166 69 1
166 70 1
166 71 1
166 72 1
166 73 1
166 74 1
166 77 1
166 78 1
166 79 1
166 80 1
166 81 1
166 82 1
166 83 1
166 84 1
166 85 1
166 86 1
166 87 1
166 88 1
166 89 1
166 90 1
166 91 1
166 92 1
166 93 1
166 94 1
166 95 1
166 96 30
166 97 31
166 98 1
166 99 1
167 1 1
167 2 1
167 3 1
167 4 1
167 5 1
167 6 1
167 7 1
167 8 1
167 9 1
167 10 1
167 11 1
167 12 1
167 13 1
167 20 1
167 21 1
167 22 1
167 23 1
167 35 1
167 38 1
167 39 1
167 40 1
167 41 1
167 42 1
167 43 1
167 44 1
167 45 1
167 46 1
167 47 1
167 48 1
167 49 1
167 50 1
167 51 1
167 54 16
167 55 18
167 56 1
167 57 1
167 60 17
167 61 19
167 62 1
167 63 1
167 66 17
167 67 19
167 68 1
167 69 1
167 70 1
167 71 1
167 72 1
167 73 1
167 74 1
167 77 1
167 78 1
167 79 1
167 80 1
167 81 1
167 82 1
167 83 1
167 84 1
167 85 1
167 86 1
167 87 1
167 88 1
167 89 1
167 90 1
167 91 1
167 92 1
167 93 1
167 94 1
167 95 1
167 96 30
167 97 31
167 98 1
167 99 1
168 1 1
168 2 1
168 3 1
168 4 1
168 5 1
168 6 1
168 7 1
168 8 1
168 9 1
168 10 1
168 11 1
168 12 1
168 13 1
168 20 1
168 21 1
168 22 1
168 23 1
168 38 1
168 39 1
168 40 1
168 41 1
168 42 1
168 43 1
168 44 1
168 45 1
168 46 1
168 47 1
168 48 1
168 49 1
168 50 1
168 51 1
168 56 1
168 57 1
168 60 16
168 61 18
168 62 1
168 63 1
168 66 16
168 67 18
168 68 1
168 69 1
168 70 1
168 71 1
168 72 1
168 73 1
168 74 1
168 77 1
168 78 1
168 79 1
168 80 1
168 81 1
168 82 1
168 83 1
168 84 1
168 85 1
168 86 1
168 87 1
168 88 1
168 89 1
168 90 1
168 91 1
168 92 1
168 93 1
168 94 1
168 95 1
168 96 30
168 97 31
168 98 1
168 99 1
169 1 1
169 2 1
169 3 1
169 4 1
169 5 1
169 6 1
169 7 1
169 8 1
169 9 1
169 10 1
169 11 1
169 12 1
169 13 1
169 20 1
169 21 1
169 22 1
169 23 1
169 38 1
169 39 1
169 40 1
169 41 1
169 42 1
169 43 1
169 44 1
169 45 1
169 46 1
169 47 1
169 48 1
169 49 1
169 50 1
169 51 1
169 56 1
169 57 1
169 62 1
169 63 1
169 68 1
169 69 1
169 70 1
169 71 1
169 72 1
169 73 1
169 74 1
169 77 1
169 78 1
169 79 1
169 80 1
169 81 1
169 82 1
169 83 1
169 84 1
169 85 1
169 86 1
169 87 1
169 88 1
169 89 1
169 90 1
169 91 1
169 92 1
169 93 1
169 94 1
169 95 1
169 96 30
169 97 31
169 98 1
169 99 1
170 1 1
170 2 1
170 3 1
170 4 1
170 5 1
170 6 1
170 7 1
170 8 1
170 9 1
170 10 1
170 11 1
170 12 1
170 13 1
170 14 1
170 17 1
170 18 1
170 19 1
170 20 1
170 21 1
170 33 1
170 34 1
170 35 1
170 36 1
170 37 1
170 38 1
170 39 1
170 40 1
170 41 1
170 42 1
170 43 1
170 44 1
170 45 1
170 46 1
170 47 1
170 48 1
170 49 1
170 50 1
170 51 1
170 54 17
170 55 19
170 56 1
170 57 1
170 62 1
170 63 1
170 68 1
170 69 1
170 70 1
170 71 1
170 72 1
170 73 1
170 74 1
170 77 1
170 78 1
170 79 1
170 80 1
170 81 1
170 82 1
170 83 1
170 84 1
170 85 1
170 86 1
170 87 1
170 88 1
170 89 1
170 90 1
170 91 1
170 92 1
170 93 1
170 94 1
170 95 1
170 96 30
170 97 31
170 98 1
170 99 1
171 1 1
171 2 1
171 3 1
171 4 1
171 5 1
171 6 1
171 7 1
171 8 1
171 9 1
171 10 1
171 11 1
171 12 1
171 13 1
171 14 1
171 17 1
171 18 1
171 19 1
171 20 1
171 21 1
171 33 1
171 34 1
171 35 1
171 36 1
171 37 1
171 38 1
171 39 1
171 40 1
171 41 1
171 42 1
171 43 1
171 44 1
171 45 1
171 46 1
171 47 1
171 48 1
171 49 1
171 50 1
171 51 1
171 54 16
171 55 18
171 56 1
171 57 1
171 62 1
171 63 1
171 68 1
171 69 1
171 70 1
171 71 1
171 72 1
171 73 1
171 74 1
171 77 1
171 78 1
171 79 1
171 80 1
171 81 1
171 82 1
171 83 1
171 84 1
171 85 1
171 86 1
171 87 1
171 88 1
171 89 1
171 90 1
171 91 1
171 92 1
171 93 1
171 94 1
171 95 1
171 96 30
171 97 31
171 98 1
171 99 1
172 1 1
172 2 1
172 3 1
172 4 1
172 5 1
172 6 1
172 7 1
172 8 1
172 9 1
172 10 1
172 11 1
172 12 1
172 13 1
172 14 1
172 17 1
172 18 1
172 19 1
172 20 1
172 21 1
172 33 1
172 34 1
172 35 1
172 36 1
172 37 1
172 38 1
172 39 1
172 40 1
172 41 1
172 42 1
172 43 1
172 44 1
172 45 1
172 46 1
172 47 1
172 48 1
172 49 1
172 50 1
172 51 1
172 56 1
172 57 1
172 62 1
172 63 1
172 68 1
172 69 1
172 70 1
172 71 1
172 72 1
172 73 1
172 74 1
172 77 1
172 78 1
172 79 1
172 80 1
172 81 1
172 82 1
172 83 1
172 84 1
172 85 1
172 86 1
172 87 1
172 88 1
172 89 1
172 90 1
172 91 1
172 92 1
172 93 1
172 94 1
172 95 1
172 96 30
172 97 31
172 98 1
172 99 1
173 1 1
173 2 1
173 3 1
173 4 1
173 5 1
173 6 1
173 7 1
173 8 1
173 9 1
173 10 1
173 11 1
173 12 1
173 13 1
173 14 1
173 17 1
173 18 1
173 19 1
173 20 1
173 21 1
173 22 1
173 23 1
173 24 1
173 25 1
173 26 1
173 27 1
173 28 1
173 29 1
173 30 1
173 33 1
173 34 1
173 35 1
173 36 1
173 37 1
173 38 1
173 39 1
173 40 1
173 41 1
173 42 1
173 43 1
173 44 1
173 45 1
173 46 1
173 47 1
173 48 1
173 49 1
173 50 1
173 51 1
173 56 1
173 57 1
173 60 17
173 61 19
173 62 1
173 63 1
173 66 17
173 67 19
173 68 1
173 69 1
173 70 1
173 71 1
173 72 1
173 73 1
173 74 1
173 77 1
173 78 1
173 79 1
173 80 1
173 81 1
173 82 1
173 83 1
173 84 1
173 85 1
173 86 1
173 87 1
173 88 1
173 89 1
173 90 1
173 91 1
173 92 1
173 93 1
173 94 1
173 95 1
173 96 30
173 97 31
173 98 1
173 99 1
174 1 1
174 2 1
174 3 1
174 4 1
174 5 1
174 6 1
174 7 1
174 8 1
174 9 1
174 10 1
174 11 1
174 12 1
174 13 1
174 14 1
174 17 1
174 18 1
174 19 1
174 20 1
174 21 1
174 22 1
174 23 1
174 24 1
174 25 1
174 26 1
174 27 1
174 28 1
174 29 1
174 30 1
174 33 1
174 34 1
174 35 1
174 36 1
174 37 1
174 38 1
174 39 1
174 40 1
174 41 1
174 42 1
174 43 1
174 44 1
174 45 1
174 46 1
174 47 1
174 48 1
174 49 1
174 50 1
174 51 1
174 56 1
174 57 1
174 60 16
174 61 18
174 62 1
174 63 1
174 66 16
174 67 18
174 68 1
174 69 1
174 70 1
174 71 1
174 72 1
174 73 1
174 74 1
174 77 1
174 78 1
174 79 1
174 80 1
174 81 1
174 82 1
174 83 1
174 84 1
174 85 1
174 86 1
174 87 1
174 88 1
174 89 1
174 90 1
174 91 1
174 92 1
174 93 1
174 94 1
174 95 1
174 96 30
174 97 31
174 98 1
174 99 1
175 1 1
175 2 1
175 3 1
175 4 1
175 5 1
175 6 1
175 7 1
175 8 1
175 9 1
175 10 1
175 11 1
175 12 1
175 13 1
175 14 1
175 17 1
175 18 1
175 19 1
175 20 1
175 21 1
175 22 1
175 23 1
175 24 1
175 25 1
175 26 1
175 27 1
175 28 1
175 29 1
175 30 1
175 33 1
175 34 1
175 35 1
175 36 1
175 37 1
175 38 1
175 39 1
175 40 1
175 41 1
175 42 1
175 43 1
175 44 1
175 45 1
175 46 1
175 47 1
175 48 1
175 49 1
175 50 1
175 51 1
175 54 17
175 55 19
175 56 1
175 57 1
175 62 1
175 63 1
175 68 1
175 69 1
175 70 1
175 71 1
175 72 1
175 73 1
175 74 1
175 77 1
175 78 1
175 79 1
175 80 1
175 81 1
175 82 1
175 83 1
175 84 1
175 85 1
175 86 1
175 87 1
175 88 1
175 89 1
175 90 1
175 91 1
175 92 1
175 93 1
175 94 1
175 95 1
175 96 30
175 97 31
175 98 1
175 99 1
176 1 1
176 2 1
176 3 1
176 4 1
176 5 1
176 6 1
176 7 1
176 8 1
176 9 1
176 10 1
176 11 1
176 12 1
176 13 1
176 14 1
176 17 1
176 18 1
176 19 1
176 20 1
176 21 1
176 22 1
176 23 1
176 24 1
176 25 1
176 26 1
176 27 1
176 28 1
176 29 1
176 30 1
176 33 1
176 34 1
176 35 1
176 36 1
176 37 1
176 38 1
176 39 1
176 40 1
176 41 1
176 42 1
176 43 1
176 44 1
176 45 1
176 46 1
176 47 1
176 48 1
176 49 1
176 50 1
176 51 1
176 54 16
176 55 18
176 56 1
176 57 1
176 62 1
176 63 1
176 68 1
176 69 1
176 70 1
176 71 1
176 72 1
176 73 1
176 74 1
176 77 1
176 78 1
176 79 1
176 80 1
176 81 1
176 82 1
176 83 1
176 84 1
176 85 1
176 86 1
176 87 1
176 88 1
176 89 1
176 90 1
176 91 1
176 92 1
176 93 1
176 94 1
176 95 1
176 96 30
176 97 31
176 98 1
176 99 1
177 1 1
177 2 1
177 3 1
177 4 1
177 5 1
177 6 1
177 7 1
177 8 1
177 9 1
177 10 1
177 11 1
177 12 1
177 13 1
177 14 1
177 33 1
177 34 1
177 35 1
177 36 1
177 37 1
177 38 1
177 39 1
177 40 1
177 41 1
177 42 1
177 43 1
177 44 1
177 45 1
177 46 1
177 47 1
177 48 1
177 49 1
177 50 1
177 51 1
177 56 1
177 57 1
177 62 1
177 63 1
177 68 1
177 69 1
177 70 1
177 71 1
177 72 1
177 73 1
177 74 1
177 77 1
177 78 1
177 79 1
177 80 1
177 81 1
177 82 1
177 83 1
177 84 1
177 85 1
177 86 1
177 87 1
177 88 1
177 89 1
177 90 1
177 91 1
177 92 1
177 93 1
177 94 1
177 95 1
177 96 30
177 97 31
177 98 1
177 99 1
178 1 1
178 2 1
178 3 1
178 4 1
178 5 1
178 6 1
178 7 1
178 8 1
178 9 1
178 10 1
178 11 1
178 12 1
178 13 1
178 14 1
178 33 1
178 34 1
178 35 1
178 36 1
178 37 1
178 38 1
178 39 1
178 40 1
178 41 1
178 42 1
178 43 1
178 44 1
178 45 1
178 46 1
178 47 1
178 48 1
178 49 1
178 50 1
178 51 1
178 56 1
178 57 1
178 62 1
178 63 1
178 68 1
178 69 1
178 70 1
178 71 1
178 72 1
178 73 1
178 74 1
178 77 1
178 78 1
178 79 1
178 80 1
178 81 1
178 82 1
178 83 1
178 84 1
178 85 1
178 86 1
178 87 1
178 88 1
178 89 1
178 90 1
178 91 1
178 92 1
178 93 1
178 94 1
178 95 1
178 96 30
178 97 31
178 98 1
178 99 1
179 1 1
179 2 1
179 3 1
179 4 1
179 5 1
179 6 1
179 7 1
179 8 1
179 9 1
179 10 1
179 11 1
179 12 1
179 13 1
179 14 1
179 15 1
179 16 1
179 17 1
179 18 1
179 19 1
179 20 1
179 21 1
179 22 1
179 23 1
179 24 1
179 25 1
179 26 1
179 27 1
179 28 1
179 29 1
179 30 1
179 31 1
179 32 1
179 33 1
179 34 1
179 35 1
179 36 1
179 37 1
179 38 1
179 39 1
179 40 1
179 41 1
179 42 1
179 43 1
179 44 1
179 45 1
179 46 1
179 47 1
179 48 1
179 49 1
179 50 1
179 51 1
179 62 1
179 63 1
179 68 1
179 69 1
179 70 1
179 71 1
179 72 1
179 73 1
179 74 1
179 77 1
179 78 1
179 79 1
179 80 1
179 81 1
179 82 1
179 83 1
179 84 1
179 85 1
179 86 1
179 87 1
179 88 1
179 89 1
179 90 1
179 91 1
179 92 1
179 93 1
179 94 1
179 95 1
179 96 30
179 97 31
179 98 1
179 99 1
180 1 1
180 2 1
180 3 1
180 4 1
180 5 1
180 6 1
180 7 1
180 8 1
180 9 1
180 10 1
180 11 1
180 12 1
180 13 1
180 14 1
180 15 1
180 16 1
180 17 1
180 18 1
180 19 1
180 20 1
180 21 1
180 22 1
180 23 1
180 24 1
180 25 1
180 26 1
180 27 1
180 28 1
180 29 1
180 30 1
180 31 1
180 32 1
180 33 1
180 34 1
180 35 1
180 36 1
180 37 1
180 38 1
180 39 1
180 40 1
180 41 1
180 42 1
180 43 1
180 44 1
180 45 1
180 46 1
180 47 1
180 48 1
180 49 1
180 50 1
180 51 1
180 62 1
180 63 1
180 68 1
180 69 1
180 70 1
180 71 1
180 72 1
180 73 1
180 74 1
180 77 1
180 78 1
180 79 1
180 80 1
180 81 1
180 82 1
180 83 1
180 84 1
180 85 1
180 86 1
180 87 1
180 88 1
180 89 1
180 90 1
180 91 1
180 92 1
180 93 1
180 94 1
180 95 1
180 96 30
180 97 31
180 98 1
180 99 1
181 1 1
181 2 1
181 3 1
181 4 1
181 5 1
181 6 1
181 7 1
181 8 1
181 9 1
181 10 1
181 11 1
181 12 1
181 13 1
181 14 1
181 15 1
181 16 1
181 17 1
181 18 1
181 19 1
181 20 1
181 21 1
181 22 1
181 23 1
181 24 1
181 25 1
181 26 1
181 27 1
181 28 1
181 29 1
181 30 1
181 31 1
181 32 1
181 33 1
181 34 1
181 35 1
181 36 1
181 37 1
181 38 1
181 39 1
181 40 1
181 41 1
181 42 1
181 43 1
181 44 1
181 45 1
181 46 1
181 47 1
181 48 1
181 49 1
181 50 1
181 51 1
181 52 1
181 53 1
181 54 1
181 55 1
181 56 1
181 57 1
181 58 1
181 59 1
181 60 1
181 61 1
181 62 1
181 63 1
181 64 1
181 67 1
181 68 1
181 69 1
181 70 1
181 71 1
181 72 1
181 73 1
181 74 1
181 77 1
181 78 1
181 79 1
181 80 1
181 81 1
181 82 1
181 83 1
181 84 1
181 85 1
181 86 1
181 87 1
181 88 1
181 89 1
181 90 1
181 91 1
181 92 1
181 93 1
181 94 1
181 95 1
181 96 30
181 97 31
181 98 1
181 99 1
182 1 1
182 2 1
182 3 1
182 4 1
182 5 1
182 6 1
182 7 1
182 8 1
182 9 1
182 10 1
182 11 1
182 12 1
182 13 1
182 14 1
182 15 1
182 16 1
182 17 1
182 18 1
182 19 1
182 20 1
182 21 1
182 22 1
182 23 1
182 24 1
182 25 1
182 26 1
182 27 1
182 28 1
182 29 1
182 30 1
182 31 1
182 32 1
182 33 1
182 34 1
182 35 1
182 36 1
182 37 1
182 38 1
182 39 1
182 40 1
182 41 1
182 42 1
182 43 1
182 44 1
182 45 1
182 46 1
182 47 1
182 48 1
182 49 1
182 50 1
182 51 1
182 52 1
182 53 1
182 54 1
182 55 1
182 56 1
182 57 1
182 58 1
182 59 1
182 60 1
182 61 1
182 62 1
182 63 1
182 64 1
182 77 1
182 78 1
182 79 1
182 80 1
182 81 1
182 82 1
182 83 1
182 84 1
182 85 1
182 86 1
182 87 1
182 88 1
182 89 1
182 90 1
182 91 1
182 92 1
182 93 1
182 94 1
182 95 1
182 96 30
182 97 31
182 98 1
182 99 1
183 1 1
183 2 1
183 3 1
183 4 1
183 5 1
183 6 1
183 7 1
183 8 1
183 9 1
183 10 1
183 11 1
183 12 1
183 13 1
183 14 1
183 15 1
183 16 1
183 17 1
183 18 1
183 19 1
183 20 1
183 21 1
183 22 1
183 23 1
183 24 1
183 25 1
183 26 1
183 27 1
183 28 1
183 29 1
183 30 1
183 31 1
183 32 1
183 33 1
183 34 1
183 35 1
183 36 1
183 37 1
183 38 1
183 39 1
183 40 1
183 41 1
183 42 1
183 43 1
183 44 1
183 45 1
183 46 1
183 47 1
183 48 1
183 49 1
183 50 1
183 51 1
183 52 1
183 53 1
183 54 1
183 55 1
183 56 1
183 57 1
183 58 1
183 59 1
183 60 1
183 61 1
183 62 1
183 63 1
183 64 1
183 77 1
183 78 1
183 79 1
183 80 1
183 81 1
183 82 1
183 83 1
183 84 1
183 85 1
183 86 1
183 87 1
183 88 1
183 89 1
183 90 1
183 91 1
183 92 1
183 93 1
183 94 1
183 95 1
183 96 30
183 97 31
183 98 1
183 99 1
184 1 1
184 2 1
184 3 1
184 4 1
184 5 1
184 6 1
184 7 1
184 8 1
184 9 1
184 10 1
184 11 1
184 12 1
184 13 1
184 14 1
184 15 1
184 16 1
184 17 1
184 18 1
184 19 1
184 20 1
184 21 1
184 22 1
184 23 1
184 24 1
184 25 1
184 26 1
184 27 1
184 28 1
184 29 1
184 30 1
184 31 1
184 32 1
184 33 1
184 34 1
184 35 1
184 36 1
184 37 1
184 38 1
184 39 1
184 40 1
184 41 1
184 42 1
184 43 1
184 44 1
184 45 1
184 46 1
184 47 1
184 48 1
184 49 1
184 50 1
184 51 1
184 52 1
184 53 1
184 54 1
184 55 1
184 56 1
184 57 1
184 58 1
184 59 1
184 60 1
184 61 1
184 62 1
184 63 1
184 64 1
184 65 1
184 66 1
184 67 1
184 68 1
184 69 1
184 70 1
184 71 1
184 72 1
184 73 1
184 74 1
184 75 1
184 76 1
184 77 1
184 78 1
184 79 1
184 80 1
184 81 1
184 82 1
184 83 1
184 84 1
184 85 1
184 86 1
184 87 1
184 88 1
184 89 1
184 90 1
184 91 1
184 92 1
184 93 1
184 94 1
184 95 1
184 96 30
184 97 31
184 98 1
184 99 1
185 1 1
185 2 1
185 3 1
185 4 1
185 5 1
185 6 1
185 7 1
185 8 1
185 9 1
185 10 1
185 11 1
185 12 1
185 13 1
185 14 1
185 15 1
185 16 1
185 17 1
185 18 1
185 19 1
185 20 1
185 21 1
185 22 1
185 23 1
185 24 1
185 25 1
185 26 1
185 27 1
185 28 1
185 29 1
185 30 1
185 31 1
185 32 1
185 33 1
185 34 1
185 35 1
185 36 1
185 37 1
185 38 1
185 39 1
185 40 1
185 41 1
185 42 1
185 43 1
185 44 1
185 45 1
185 46 1
185 47 1
185 48 1
185 49 1
185 50 1
185 51 1
185 52 1
185 53 1
185 54 1
185 55 1
185 56 1
185 57 1
185 58 1
185 59 1
185 60 1
185 61 1
185 62 1
185 63 1
185 64 1
185 65 1
185 66 1
185 67 1
185 68 1
185 69 1
185 70 1
185 71 1
185 72 1
185 73 1
185 74 1
185 75 1
185 76 1
185 77 1
185 78 1
185 79 1
185 80 1
185 81 1
185 82 1
185 83 1
185 84 1
185 85 1
185 86 1
185 87 1
185 88 1
185 89 1
185 90 1
185 91 1
185 92 1
185 93 1
185 94 1
185 95 1
185 96 30
185 97 31
185 98 1
185 99 1
186 1 1
186 2 1
186 3 1
186 4 1
186 5 1
186 6 1
186 7 1
186 8 1
186 9 1
186 10 1
186 11 1
186 12 1
186 13 1
186 14 1
186 15 1
186 16 1
186 17 1
186 18 1
186 19 1
186 20 1
186 21 1
186 22 1
186 23 1
186 24 1
186 25 1
186 26 1
186 27 1
186 28 1
186 29 1
186 30 1
186 31 1
186 32 1
186 33 1
186 34 1
186 35 1
186 36 1
186 37 1
186 38 1
186 39 1
186 40 1
186 41 1
186 42 1
186 43 1
186 44 1
186 45 1
186 46 1
186 47 1
186 48 1
186 49 1
186 50 1
186 51 1
186 52 1
186 53 1
186 54 1
186 55 1
186 56 1
186 57 1
186 58 1
186 59 1
186 60 1
186 61 1
186 62 1
186 63 1
186 64 1
186 65 1
186 66 1
186 67 1
186 68 1
186 69 1
186 70 1
186 71 1
186 72 1
186 73 1
186 74 1
186 75 1
186 76 1
186 77 1
186 78 1
186 79 1
186 80 1
186 81 1
186 82 1
186 83 1
186 84 1
186 85 1
186 86 1
186 87 1
186 88 1
186 89 1
186 90 1
186 91 1
186 92 1
186 93 1
186 94 1
186 95 1
186 96 30
186 97 31
186 98 1
186 99 1
187 1 1
187 2 1
187 3 1
187 4 1
187 5 1
187 6 1
187 7 1
187 8 1
187 9 1
187 10 1
187 11 1
187 12 1
187 13 1
187 14 1
187 15 1
187 16 1
187 17 1
187 18 1
187 19 1
187 20 1
187 21 1
187 22 1
187 23 1
187 24 1
187 25 1
187 26 1
187 27 1
187 28 1
187 29 1
187 30 1
187 31 1
187 32 1
187 33 1
187 34 1
187 35 1
187 36 1
187 37 1
187 38 1
187 39 1
187 40 1
187 41 1
187 42 1
187 43 1
187 44 1
187 45 1
187 46 1
187 47 1
187 48 1
187 49 1
187 50 1
187 51 1
187 52 1
187 53 1
187 54 1
187 55 1
187 56 1
187 57 1
187 58 1
187 59 1
187 60 1
187 61 1
187 62 1
187 63 1
187 64 1
187 65 1
187 66 1
187 67 1
187 68 1
187 69 1
187 70 1
187 71 1
187 72 1
187 73 1
187 74 1
187 75 1
187 76 1
187 77 1
187 78 1
187 79 1
187 80 1
187 81 1
187 82 1
187 83 1
187 84 1
187 85 1
187 86 1
187 87 1
187 88 1
187 89 1
187 90 1
187 91 1
187 92 1
187 93 1
187 94 1
187 95 1
187 96 30
187 97 31
187 98 1
187 99 1
188 1 1
188 2 1
188 3 1
188 4 1
188 5 1
188 6 1
188 7 1
188 8 1
188 9 1
188 10 1
188 11 1
188 12 1
188 13 1
188 14 1
188 15 1
188 16 1
188 17 1
188 18 1
188 19 1
188 20 1
188 21 1
188 22 1
188 23 1
188 24 1
188 25 1
188 26 1
188 27 1
188 28 1
188 29 1
188 30 1
188 31 1
188 32 1
188 33 1
188 34 1
188 35 1
188 36 1
188 37 1
188 38 1
188 39 1
188 40 1
188 41 1
188 42 1
188 43 1
188 44 1
188 45 1
188 46 1
188 47 1
188 48 1
188 49 1
188 50 1
188 51 1
188 52 1
188 53 1
188 54 1
188 55 1
188 56 1
188 57 1
188 58 1
188 59 1
188 60 1
188 61 1
188 62 1
188 63 1
188 64 1
188 65 1
188 66 1
188 67 1
188 68 1
188 69 1
188 70 1
188 71 1
188 72 1
188 73 1
188 74 1
188 75 1
188 76 1
188 77 1
188 78 1
188 79 1
188 80 1
188 81 1
188 82 1
188 83 1
188 84 1
188 85 1
188 86 1
188 87 1
188 88 1
188 89 1
188 90 1
188 91 1
188 92 1
188 93 1
188 94 1
188 95 1
188 96 30
188 97 31
188 98 1
188 99 1
189 1 1
189 2 1
189 3 1
189 4 1
189 5 1
189 6 1
189 7 1
189 8 1
189 9 1
189 10 1
189 11 1
189 12 1
189 13 1
189 14 1
189 15 1
189 16 1
189 17 1
189 18 1
189 19 1
189 20 1
189 21 1
189 22 1
189 23 1
189 24 1
189 25 1
189 26 1
189 27 1
189 28 1
189 29 1
189 30 1
189 31 1
189 32 1
189 33 1
189 34 1
189 35 1
189 36 1
189 37 1
189 38 1
189 39 1
189 40 1
189 41 1
189 42 1
189 43 1
189 44 1
189 45 1
189 46 1
189 47 1
189 48 1
189 49 1
189 50 1
189 51 1
189 52 1
189 53 1
189 54 1
189 55 1
189 56 1
189 57 1
189 58 1
189 59 1
189 60 1
189 61 1
189 62 1
189 63 1
189 64 1
189 65 1
189 66 1
189 67 1
189 68 1
189 69 1
189 70 1
189 71 1
189 72 1
189 73 1
189 74 1
189 75 1
189 76 1
189 77 1
189 78 1
189 79 1
189 80 1
189 81 1
189 82 1
189 83 1
189 84 1
189 85 1
189 86 1
189 87 1
189 88 1
189 89 1
189 90 1
189 91 1
189 92 1
189 93 1
189 94 1
189 95 1
189 96 30
189 97 31
189 98 1
189 99 1
190 1 1
190 2 1
190 3 1
190 4 1
190 5 1
190 6 1
190 7 1
190 8 1
190 9 1
190 10 1
190 11 1
190 12 1
190 13 1
190 14 1
190 15 1
190 16 1
190 17 1
190 18 1
190 19 1
190 20 1
190 21 1
190 22 1
190 23 1
190 24 1
190 25 1
190 26 1
190 27 1
190 28 1
190 29 1
190 30 1
190 31 1
190 32 1
190 33 1
190 34 1
190 35 1
190 36 1
190 37 1
190 38 1
190 39 1
190 40 1
190 41 1
190 42 1
190 43 1
190 44 1
190 45 1
190 46 1
190 47 1
190 48 1
190 49 1
190 50 1
190 51 1
190 52 1
190 53 1
190 54 1
190 55 1
190 56 1
190 57 1
190 58 1
190 59 1
190 60 1
190 61 1
190 62 1
190 63 1
190 64 1
190 65 1
190 66 1
190 67 1
190 68 1
190 69 1
190 70 1
190 71 1
190 72 1
190 73 1
190 74 1
190 75 1
190 76 1
190 77 1
190 78 1
190 79 1
190 80 1
190 81 1
190 82 1
190 83 1
190 84 1
190 85 1
190 86 1
190 87 1
190 88 1
190 89 1
190 90 1
190 91 1
190 92 1
190 93 1
190 94 1
190 95 1
190 96 30
190 97 31
190 98 1
190 99 1
191 81 1
191 82 1
191 83 1
191 84 1
191 85 1
191 86 1
191 87 1
191 88 1
191 89 1
191 90 1
191 91 1
191 92 1
191 93 1
191 94 1
191 95 1
191 96 30
191 97 31
191 98 1
191 99 1
192 96 30
192 97 31
::TILES-> END
::BONUS-> BEGIN
146 49 3
155 65 3
159 26 1
160 26 1
161 26 1
162 26 1
163 26 1
164 26 1
165 26 1
165 29 16
166 26 1
166 29 16
167 26 1
167 29 16
168 26 1
168 29 16
169 26 1
170 26 1
171 23 2
171 26 1
172 26 1
178 53 3
::BONUS-> END
::COIN-> BEGIN
152 39
152 40
152 41
152 42
152 43
153 39
153 40
153 41
153 42
153 43
154 42
154 43
155 38
155 39
155 40
155 42
155 43
156 38
156 39
156 40
156 42
156 43
157 39
157 40
157 41
157 42
157 43
157 54
157 55
157 77
157 78
157 79
157 80
157 81
157 82
157 83
157 84
157 85
157 92
157 93
157 94
157 95
158 39
158 40
158 41
158 42
158 43
158 54
158 55
158 86
158 87
158 88
158 89
158 90
158 91
159 27
160 27
161 13
161 15
161 16
161 17
161 18
161 19
161 27
161 54
161 55
162 13
162 14
162 15
162 16
162 17
162 18
162 19
162 27
162 54
162 55
163 27
164 27
165 27
165 54
165 55
166 27
167 27
168 27
168 54
168 55
169 27
169 54
169 55
170 27
171 27
172 27
172 54
172 55
173 54
173 55
174 54
174 55
177 20
177 21
177 22
178 20
178 21
178 22
::COIN-> END
SPINY 147 67
SPINY 148 67
SPINY 149 67
SPINY 150 65
KILLERBLUME 151 59
KILLERBLUME 151 65
CANNON 152 84
CANNON 152 85
CANNON 152 86
CANNON 152 87
CANNON 152 88
CANNON 152 89
CANNON 152 90
CANNON 152 91
CANNON 152 92
CANNON 152 93
CANNON 152 94
SPINY 153 60
SPINY 153 67
TURTLEFLY 154 59
SPINY 154 67
KILLERBLUME 155 53
SPINY 155 59
TURTLEFLY 155 60
SPINY 155 67
GOOMBA 156 43
SPINY 156 59
SPINY 156 67
GOOMBA 157 43
SPINY 157 59
SPINY 157 67
SPINY 158 59
KILLERBLUME 159 53
KILLERBLUME 159 59
KILLERBLUME 159 65
GOOMBA 161 15
SPINY 161 61
SPINY 161 67
TURTLEFLY 162 60
SPINY 162 61
SPINY 162 67
KILLERBLUME 163 53
SPINY 163 61
SPINY 163 67
CANNON 163 84
CANNON 163 85
CANNON 163 86
CANNON 163 87
CANNON 163 88
CANNON 163 89
CANNON 163 90
CANNON 163 91
CANNON 163 92
CANNON 163 93
CANNON 163 94
TURTLEFLY 164 59
SPINY 164 61
SPINY 164 67
SPINY 165 61
SPINY 165 67
GOOMBA 166 25
KILLERBLUME 166 53
KILLERBLUME 167 59
KILLERBLUME 167 65
SPINY 169 67
KILLERBLUME 170 53
SPINY 170 67
GOOMBA 171 25
SPINY 171 67
FIRE 172 17
FIRE 173 17
KILLERBLUME 173 59
KILLERBLUME 173 65
FIRE 174 17
FIRE 175 17
KILLERBLUME 175 53
TURTLE 175 60
SPINY 175 67
TURTLE 176 60
SPINY 176 67
TURTLE 177 60
SPINY 177 67
TURTLE 178 60
SPINY 178 67
TURTLE 179 60
RESTART data/levels/23/main
START 0 6455 524 1
EXIT 0 6159 3870 data/levels/23/main 0 2
START 1 0 0 0
EXIT 1 6460 3873 data/levels/24/main 0 1
START 2 0 0 0
EXIT 2 0 0 NONE 0 0
START 3 0 0 0
EXIT 3 0 0 NONE 0 0
START 4 0 0 0
EXIT 4 0 0 NONE 0 0
BGCOLOR 1

#If you want Background music:
MUSIC coolgroove.mid
#if you want a big static background:
BACKGROUND data/gfx/background/egypt.jpg

