# Level for Mega Mario

TEXTURE data/gfx/tiles/ground/stone0.png
TEXTURE data/gfx/tiles/ground/stone1.png
TEXTURE data/gfx/tiles/ground/stone2.png
TEXTURE data/gfx/tiles/ground/stone3.png
TEXTURE data/gfx/tiles/ground/stone4.png
TEXTURE data/gfx/tiles/ground/stone5.png
TEXTURE data/gfx/tiles/ground/stone6.png
TEXTURE data/gfx/tiles/ground/bricks.png
TEXTURE data/gfx/tiles/ground/bricks2.png
TEXTURE data/gfx/tiles/ground/snowy.png
TEXTURE data/gfx/tiles/ground/grass.png
TEXTURE data/gfx/tiles/ground/sand.png
TEXTURE data/gfx/tiles/ground/metal.png
TEXTURE data/gfx/tiles/cannonset1.png
TEXTURE data/gfx/tiles/cannonset2.png
TEXTURE data/gfx/tiles/pipes/up/1.png
TEXTURE data/gfx/tiles/pipes/up/2.png
TEXTURE data/gfx/tiles/pipes/up/3.png
TEXTURE data/gfx/tiles/pipes/up/4.png
TEXTURE data/gfx/tiles/pipes/down/1.png
TEXTURE data/gfx/tiles/pipes/down/2.png
TEXTURE data/gfx/tiles/pipes/down/3.png
TEXTURE data/gfx/tiles/pipes/down/4.png
TEXTURE data/gfx/tiles/pipes/right/1.png
TEXTURE data/gfx/tiles/pipes/right/2.png
TEXTURE data/gfx/tiles/pipes/right/3.png
TEXTURE data/gfx/tiles/pipes/right/4.png
TEXTURE data/gfx/tiles/pipes/left/1.png
TEXTURE data/gfx/tiles/pipes/left/2.png
TEXTURE data/gfx/tiles/pipes/left/3.png
TEXTURE data/gfx/tiles/pipes/left/4.png
TEXTURE data/gfx/tiles/conveyorL.png
TEXTURE data/gfx/tiles/conveyorR.png
::TILES-> BEGIN
3 73 22
3 74 22
3 75 22
3 76 22
3 77 22
3 78 22
3 79 22
3 80 22
3 81 22
3 82 20
4 73 23
4 74 23
4 75 23
4 76 23
4 77 23
4 78 23
4 79 23
4 80 23
4 81 23
4 82 21
5 75 23
125 96 28
125 97 29
::TILES-> END
::BONUS-> BEGIN
1 70 16
1 71 16
1 72 16
1 73 16
1 74 16
1 75 16
1 76 16
1 77 16
1 78 16
1 79 16
1 80 16
1 81 16
1 82 16
1 83 16
1 84 16
1 85 16
1 86 16
1 87 16
1 88 16
1 89 16
1 90 16
1 91 16
1 92 16
1 93 16
1 94 16
1 95 16
1 96 16
1 97 16
1 98 16
1 99 16
2 70 16
2 71 16
2 72 16
2 73 4
2 74 4
2 75 4
2 76 4
2 77 4
2 78 4
2 79 4
2 80 4
2 81 16
2 82 16
2 83 16
2 84 16
2 85 16
2 86 16
2 87 16
2 88 16
2 89 16
2 90 16
2 91 16
2 92 16
2 93 16
2 94 16
2 95 16
2 96 16
2 97 16
2 98 16
2 99 3
3 70 16
3 71 16
3 72 16
3 99 3
4 70 16
4 71 16
4 72 16
4 99 3
5 70 16
5 71 16
5 72 16
5 73 16
5 74 16
5 75 16
5 76 16
5 77 16
5 78 16
5 79 16
5 80 16
5 81 16
5 82 16
5 99 3
6 70 16
6 71 16
6 72 16
6 73 16
6 79 16
6 80 16
6 81 16
6 82 16
6 87 3
6 88 3
6 89 3
6 90 3
6 91 3
6 92 3
6 93 3
6 94 3
6 95 16
6 99 3
7 69 16
7 70 16
7 71 16
7 79 16
7 80 16
7 81 16
7 82 16
7 87 3
7 88 3
7 89 3
7 90 3
7 91 3
7 92 3
7 93 3
7 94 3
7 95 16
7 99 3
8 79 16
8 80 16
8 81 16
8 82 16
8 87 3
8 88 3
8 89 3
8 90 3
8 91 3
8 92 3
8 93 3
8 94 3
8 95 16
8 99 3
9 79 16
9 80 16
9 81 16
9 82 16
9 99 3
10 79 16
10 80 16
10 81 16
10 82 16
10 99 3
11 79 16
11 80 16
11 81 16
11 82 16
11 87 3
11 88 3
11 89 3
11 90 3
11 91 3
11 92 3
11 93 3
11 94 3
11 95 3
11 96 3
11 97 3
11 98 3
11 99 3
12 79 16
12 80 16
12 81 16
12 82 16
12 87 3
12 88 3
12 89 3
12 90 3
12 91 3
12 92 3
12 93 3
12 94 3
12 95 3
12 96 3
12 97 3
12 98 3
12 99 3
13 79 16
13 80 16
13 81 16
13 82 16
13 87 3
13 88 3
13 89 3
13 90 3
13 91 3
13 92 3
13 93 3
13 94 3
13 95 3
13 96 3
13 97 3
13 98 3
13 99 3
14 79 16
14 80 16
14 81 16
14 82 16
14 95 3
14 96 3
14 97 3
14 98 3
14 99 3
15 79 16
15 80 16
15 81 16
15 82 16
15 95 3
15 96 3
15 97 3
15 98 3
15 99 3
16 79 16
16 80 16
16 81 16
16 82 16
16 92 3
16 93 3
16 94 3
16 95 3
16 96 3
16 97 3
16 98 3
16 99 3
17 79 16
17 80 16
17 81 16
17 82 16
17 90 3
17 91 3
17 92 3
17 93 3
17 94 3
17 95 3
17 96 3
17 97 3
17 98 3
17 99 3
18 79 16
18 80 16
18 81 16
18 82 16
18 88 3
18 89 3
18 90 3
18 91 3
18 92 3
18 93 3
18 94 3
18 95 3
18 96 3
18 97 3
18 98 3
18 99 3
19 79 16
19 80 16
19 81 16
19 82 16
19 87 3
19 88 3
19 89 3
19 90 3
19 91 3
19 92 3
19 93 3
19 94 3
19 95 3
19 96 3
19 97 3
19 98 3
19 99 3
20 79 16
20 80 16
20 81 16
20 82 16
20 87 3
20 88 3
20 89 3
20 90 3
20 91 3
20 92 3
20 93 3
20 94 3
20 95 3
20 96 3
20 97 3
20 98 3
20 99 3
21 79 16
21 80 16
21 81 16
21 82 16
21 94 16
21 95 16
21 96 16
21 97 16
21 98 16
21 99 16
22 79 16
22 80 16
22 81 16
22 82 16
22 99 16
23 79 16
23 80 16
23 81 16
23 82 16
23 99 16
24 79 16
24 80 16
24 81 16
24 82 16
24 83 16
24 84 16
24 85 16
24 86 16
24 87 16
24 88 16
24 89 16
24 90 16
24 91 16
24 92 16
24 93 16
24 95 16
24 99 16
25 79 16
25 80 16
25 81 16
25 82 16
25 83 16
25 84 16
25 85 16
25 86 16
25 87 16
25 88 16
25 89 16
25 90 16
25 91 16
25 92 16
25 93 16
25 94 16
25 95 16
25 99 16
26 79 16
26 80 16
26 81 16
26 82 16
26 83 16
26 84 16
26 85 16
26 86 16
26 87 16
26 88 16
26 89 16
26 90 16
26 91 16
26 92 16
26 93 16
26 94 16
26 95 16
26 99 16
27 79 16
27 80 16
27 81 16
27 82 16
27 83 16
27 84 16
27 85 16
27 86 16
27 87 16
27 88 16
27 89 16
27 90 16
27 91 16
27 92 16
27 93 16
27 95 2
27 99 16
28 99 16
29 99 16
30 98 16
30 99 16
31 98 16
31 99 16
32 98 16
32 99 16
33 79 16
33 80 16
33 81 16
33 82 16
33 83 16
33 84 16
33 85 16
33 86 16
33 87 16
33 88 16
33 89 16
33 90 16
33 91 16
33 92 16
33 97 16
33 98 16
33 99 16
34 79 16
34 80 16
34 81 16
34 82 16
34 83 16
34 84 16
34 85 16
34 86 16
34 87 16
34 88 16
34 89 16
34 90 16
34 91 16
34 92 16
34 97 16
34 98 16
34 99 16
35 79 16
35 80 16
35 81 16
35 82 16
35 83 16
35 84 16
35 85 16
35 86 16
35 87 16
35 88 16
35 89 16
35 90 16
35 91 16
35 92 16
35 97 16
35 98 16
35 99 16
36 96 16
36 97 16
36 98 16
36 99 16
37 96 16
37 97 16
37 98 16
37 99 16
38 96 16
38 97 16
38 98 16
38 99 16
39 95 16
39 96 16
39 97 16
39 98 16
39 99 16
40 95 16
40 96 16
40 97 16
40 98 16
40 99 16
41 95 16
41 96 16
41 97 16
41 98 16
41 99 16
42 94 16
42 95 16
42 96 16
42 97 16
42 98 16
42 99 16
43 94 16
43 95 16
43 96 16
43 97 16
43 98 16
43 99 16
44 94 16
44 95 16
44 96 16
44 97 16
44 98 16
44 99 16
45 93 16
45 94 16
45 95 16
45 96 16
45 97 16
45 98 16
45 99 16
46 93 16
46 94 16
46 95 16
46 96 16
46 97 16
46 98 16
46 99 16
47 93 16
47 94 16
47 95 16
47 96 16
47 97 16
47 98 16
47 99 16
48 92 16
48 93 16
48 94 16
48 95 16
48 96 16
48 97 16
48 98 16
48 99 16
49 92 16
49 93 16
49 94 16
49 95 16
49 96 16
49 97 16
49 98 16
49 99 16
50 92 16
50 93 16
50 94 16
50 95 16
50 96 16
50 97 16
50 98 16
50 99 16
51 91 16
51 92 16
51 93 16
51 94 16
51 95 16
51 96 16
51 97 16
51 98 16
51 99 16
52 91 16
52 92 16
52 93 16
52 94 16
52 95 16
52 96 16
52 97 16
52 98 16
52 99 16
53 91 16
53 92 16
53 93 16
53 94 16
53 95 16
53 96 16
53 97 16
53 98 16
53 99 16
54 71 16
54 72 16
54 73 16
54 74 16
54 75 16
54 76 16
54 77 16
54 78 16
54 79 16
54 80 16
54 81 16
54 82 16
54 83 16
54 84 16
54 85 16
54 86 16
54 87 16
54 99 16
55 71 16
55 72 16
55 73 16
55 74 16
55 75 16
55 76 16
55 77 16
55 78 16
55 79 16
55 80 16
55 81 16
55 82 16
55 83 16
55 84 16
55 85 16
55 86 16
55 87 16
55 99 16
56 77 16
56 78 16
56 79 16
56 80 16
56 81 16
56 82 16
56 83 16
56 84 16
56 85 16
56 86 16
56 87 16
56 99 16
57 77 16
57 78 16
57 79 16
57 80 16
57 81 16
57 82 16
57 83 16
57 84 16
57 85 16
57 86 16
57 87 16
57 91 16
57 92 16
57 93 16
57 94 16
57 95 16
57 98 16
57 99 16
58 76 16
58 77 16
58 78 16
58 79 16
58 80 16
58 81 16
58 82 16
58 83 16
58 84 16
58 85 16
58 86 16
58 87 16
58 92 16
58 93 16
58 94 16
58 95 16
58 99 16
59 76 16
59 77 16
59 78 16
59 79 16
59 80 16
59 81 16
59 82 16
59 83 16
59 84 16
59 85 16
59 86 16
59 87 16
59 93 16
59 94 16
59 95 16
59 99 16
60 76 16
60 77 16
60 78 16
60 79 16
60 80 16
60 81 16
60 82 16
60 83 16
60 84 16
60 85 16
60 86 16
60 87 16
60 94 16
60 95 16
60 99 16
61 76 16
61 77 16
61 78 16
61 79 16
61 80 16
61 81 16
61 82 16
61 83 16
61 84 16
61 85 16
61 86 16
61 87 16
61 88 16
61 95 4
61 99 16
62 76 16
62 77 16
62 78 16
62 79 16
62 80 16
62 81 16
62 82 16
62 83 16
62 84 16
62 85 16
62 86 16
62 87 16
62 88 16
62 99 16
63 76 16
63 77 16
63 78 16
63 79 16
63 80 16
63 81 16
63 82 16
63 83 16
63 84 16
63 85 16
63 86 16
63 87 16
63 88 16
63 89 16
63 99 16
64 72 16
64 73 16
64 74 16
64 75 16
64 76 16
64 77 16
64 78 16
64 79 16
64 80 16
64 81 16
64 82 16
64 83 16
64 84 16
64 85 16
64 86 16
64 87 16
64 88 16
64 89 16
64 99 16
65 73 16
65 74 16
65 75 16
65 76 16
65 77 16
65 78 16
65 79 16
65 80 16
65 81 16
65 82 16
65 83 16
65 84 16
65 85 16
65 86 16
65 87 16
65 88 16
65 89 16
65 90 16
65 95 2
65 99 16
66 78 16
66 79 16
66 80 16
66 81 16
66 82 16
66 83 16
66 84 16
66 85 16
66 86 16
66 87 16
66 88 16
66 89 16
66 90 16
66 99 16
67 78 16
67 79 16
67 80 16
67 81 16
67 82 16
67 83 16
67 84 16
67 85 16
67 86 16
67 87 16
67 88 16
67 89 16
67 90 16
67 91 16
67 99 16
68 88 16
68 89 16
68 90 16
68 91 16
68 92 16
68 99 16
69 88 16
69 89 16
69 90 16
69 91 16
69 92 16
69 93 16
69 99 16
70 88 16
70 89 16
70 90 16
70 91 16
70 92 16
70 93 16
70 94 16
70 99 16
71 88 16
71 89 16
71 90 16
71 91 16
71 92 16
71 93 16
71 94 16
71 99 16
72 90 16
72 91 16
72 92 16
72 93 16
72 94 16
72 99 16
73 91 16
73 92 16
73 93 16
73 94 16
73 99 16
74 92 16
74 93 16
74 94 16
74 98 16
74 99 16
75 93 16
75 94 16
75 99 16
76 93 16
76 94 16
76 98 16
76 99 16
77 93 16
77 94 16
77 99 16
78 93 16
78 94 16
78 98 16
78 99 16
79 93 16
79 94 16
79 99 16
80 93 16
80 94 16
80 98 16
80 99 16
81 93 16
81 94 16
81 99 16
82 93 16
82 94 16
82 98 16
82 99 16
83 93 16
83 94 16
83 99 16
84 93 16
84 94 16
84 99 16
85 93 16
85 94 16
85 99 16
86 93 16
86 94 16
86 99 16
87 93 16
87 94 16
87 99 16
88 93 16
88 94 16
88 99 16
89 93 16
89 94 16
89 99 16
90 93 16
90 94 16
90 99 16
91 93 16
91 94 16
91 99 16
92 93 16
92 94 16
92 99 16
93 93 16
93 94 16
93 99 16
94 93 16
94 94 16
94 99 16
95 93 16
95 94 16
95 99 16
96 93 16
96 94 16
96 99 16
97 93 16
97 94 16
97 99 16
98 93 16
98 94 16
98 99 16
99 93 16
99 94 16
99 99 16
100 93 16
100 94 16
100 99 16
101 93 16
101 94 16
101 99 16
102 93 16
102 94 16
102 99 16
103 93 16
103 94 16
103 99 16
104 93 16
104 94 16
104 99 16
105 93 16
105 94 16
105 99 16
106 93 16
106 94 16
106 99 16
107 93 16
107 94 16
107 99 16
108 93 16
108 94 16
108 99 16
109 93 16
109 94 16
109 99 16
110 93 16
110 94 16
110 99 16
111 93 16
111 94 16
111 99 16
112 93 16
112 94 16
112 99 16
113 93 16
113 94 16
113 99 16
114 93 16
114 94 16
114 99 16
115 93 16
115 94 16
115 99 16
116 93 16
116 94 16
116 99 16
117 93 16
117 94 16
117 99 16
118 93 16
118 94 16
118 99 16
119 93 16
119 94 16
119 99 16
120 93 16
120 94 16
120 99 16
121 93 16
121 94 16
121 99 16
122 93 16
122 94 16
122 99 16
123 93 16
123 94 16
123 95 16
123 98 16
123 99 16
124 93 16
124 94 16
124 95 16
124 98 16
124 99 16
125 93 16
125 94 16
125 95 16
125 98 16
125 99 16
126 93 16
126 94 16
126 95 16
126 96 16
126 97 16
126 98 16
126 99 16
127 93 16
127 94 16
127 95 16
127 96 16
127 97 16
127 98 16
127 99 16
128 93 16
128 94 16
128 95 16
128 96 16
128 97 16
128 98 16
128 99 16
::BONUS-> END
::COIN-> BEGIN
14 87
14 88
14 89
14 90
14 91
14 92
14 93
14 94
15 87
15 88
15 89
15 90
15 91
15 92
15 93
15 94
16 87
16 88
16 89
16 90
16 91
17 87
17 88
17 89
18 87
::COIN-> END
BRETT 80 3600
GOOMBA 6 98
TURTLEFLY 51 88
TURTLE 59 97
TURTLE 64 97
TURTLE 69 97
TURTLE 87 97
SPINY 89 98
SPINY 90 98
SPINY 92 98
SPINY 93 98
TURTLE 95 97
RESTART data/levels/18/main
START 0 136 3327 1
EXIT 0 4987 3876 data/levels/19/main 0 1
START 1 0 0 0
EXIT 1 0 0 NONE 0 0
START 2 0 0 0
EXIT 2 0 0 NONE 0 0
START 3 0 0 0
EXIT 3 0 0 NONE 0 0
START 4 0 0 0
EXIT 4 0 0 NONE 0 0
BGCOLOR 2000030

MUSIC groove6.mid
BACKGROUND data/gfx/background/egypt.jpg
