# Level for Mega Mario

TEXTURE data/gfx/tiles/ground/stone0.png
TEXTURE data/gfx/tiles/ground/stone1.png
TEXTURE data/gfx/tiles/ground/stone2.png
TEXTURE data/gfx/tiles/ground/stone3.png
TEXTURE data/gfx/tiles/ground/sand.png
TEXTURE data/gfx/tiles/ground/metal.png
TEXTURE data/gfx/tiles/ground/stone4.png
TEXTURE data/gfx/tiles/pipes/up/1.png
TEXTURE data/gfx/tiles/pipes/up/2.png
TEXTURE data/gfx/tiles/pipes/up/3.png
TEXTURE data/gfx/tiles/pipes/up/4.png
TEXTURE data/gfx/tiles/pipes/down/1.png
TEXTURE data/gfx/tiles/pipes/down/2.png
TEXTURE data/gfx/tiles/pipes/down/3.png
TEXTURE data/gfx/tiles/pipes/down/4.png
TEXTURE data/gfx/tiles/pipes/right/1.png
TEXTURE data/gfx/tiles/pipes/right/2.png
TEXTURE data/gfx/tiles/pipes/right/3.png
TEXTURE data/gfx/tiles/pipes/right/4.png
TEXTURE data/gfx/tiles/pipes/left/1.png
TEXTURE data/gfx/tiles/pipes/left/2.png
TEXTURE data/gfx/tiles/pipes/left/3.png
TEXTURE data/gfx/tiles/pipes/left/4.png
TEXTURE data/gfx/tiles/cannonset1.png
TEXTURE data/gfx/tiles/cannonset2.png
::TILES-> BEGIN
1 48 4
1 49 4
1 50 4
1 51 4
1 52 4
1 53 4
1 54 4
1 55 4
1 56 4
1 57 4
1 58 4
1 59 4
1 60 4
1 61 4
1 62 4
1 63 4
1 64 4
1 65 4
1 66 4
1 67 4
1 68 4
1 69 4
1 70 4
1 71 4
1 72 4
1 73 4
1 74 4
1 75 4
1 76 4
1 77 4
1 78 4
1 79 4
1 80 4
1 81 4
1 82 4
1 83 4
1 84 4
1 85 4
2 48 4
2 49 4
2 50 4
2 51 4
2 52 4
2 53 4
2 54 4
2 55 4
2 56 4
2 57 4
2 58 4
2 59 4
2 60 4
2 61 4
2 62 4
2 63 4
2 64 4
2 65 4
2 66 4
2 67 4
2 68 4
2 69 4
2 70 4
2 71 4
2 72 4
2 73 4
2 74 4
2 75 4
2 76 4
2 77 4
2 78 4
2 79 4
2 80 4
2 81 4
2 82 4
2 83 4
2 84 4
2 85 4
2 86 4
3 48 4
3 49 4
3 50 4
3 51 4
3 52 4
3 53 4
3 54 4
3 55 4
3 56 4
3 57 4
3 58 4
3 59 4
3 60 4
3 61 4
3 62 4
3 63 4
3 64 4
3 65 4
3 66 4
3 67 4
3 68 4
3 69 4
3 70 4
3 71 4
3 72 4
3 73 4
3 74 4
3 75 4
3 76 4
3 77 4
3 78 4
3 79 4
3 80 4
3 81 4
3 82 4
3 83 4
3 84 4
3 85 4
3 86 4
3 87 4
3 88 12
4 48 4
4 49 4
4 85 4
4 86 4
4 87 4
4 88 13
5 48 4
5 49 4
5 85 4
5 86 4
6 48 4
6 49 4
6 85 4
7 48 4
7 49 4
8 48 4
8 49 4
9 48 4
9 49 4
10 48 4
10 49 4
11 48 4
11 49 4
12 48 4
12 49 4
13 48 4
13 49 4
14 48 4
14 49 4
15 48 4
15 49 4
16 48 4
16 49 4
16 97 20
16 98 21
17 48 4
17 49 4
17 88 11
17 89 11
17 90 11
17 91 11
17 92 11
17 93 11
17 94 11
17 95 11
17 96 11
17 97 22
17 98 23
18 48 4
18 49 4
19 48 4
19 49 4
20 48 4
20 49 4
21 48 4
21 49 4
21 83 2
22 48 4
22 49 4
23 48 4
23 49 4
24 48 4
24 49 4
25 48 4
25 49 4
26 48 4
26 49 4
27 48 4
27 49 4
28 48 4
28 49 4
29 48 4
29 49 4
30 48 4
30 49 4
31 48 4
31 49 4
32 48 4
32 49 4
33 48 4
33 49 4
34 48 4
34 49 4
35 48 4
35 49 4
::TILES-> END
::BONUS-> BEGIN
1 77 14
1 78 14
1 79 14
1 80 14
1 81 14
1 82 14
1 83 14
1 84 14
1 85 14
1 86 14
1 87 14
1 88 14
1 89 14
1 90 14
1 91 14
1 92 14
1 93 14
1 94 14
1 95 14
1 96 14
1 97 14
1 98 14
1 99 14
2 77 14
2 78 14
2 79 14
2 80 14
2 81 14
2 82 14
2 83 14
2 84 14
2 85 14
2 86 14
2 87 14
2 88 14
2 89 14
2 90 14
2 91 14
2 92 14
2 93 14
2 94 14
2 95 14
2 96 14
2 97 14
2 98 14
2 99 14
3 77 14
3 78 14
3 79 14
3 80 14
3 81 14
3 82 14
3 83 14
3 84 14
3 85 14
3 86 14
3 87 14
3 99 14
4 77 14
4 78 14
4 79 14
4 80 14
4 81 14
4 82 14
4 83 14
4 84 14
4 85 14
4 86 14
4 87 14
4 99 14
5 77 14
5 78 14
5 79 14
5 80 14
5 81 14
5 82 14
5 83 14
5 84 14
5 85 14
5 86 14
5 87 14
5 99 14
6 77 14
6 78 14
6 79 14
6 80 14
6 81 14
6 82 14
6 83 14
6 84 14
6 85 14
6 86 14
6 87 14
6 99 14
7 77 14
7 78 14
7 79 14
7 80 14
7 81 14
7 82 14
7 83 14
7 84 14
7 85 14
7 86 14
7 87 14
7 88 14
7 96 14
7 97 14
7 98 14
7 99 14
8 77 14
8 78 14
8 79 14
8 80 14
8 81 14
8 82 14
8 83 14
8 84 14
8 85 14
8 86 14
8 87 14
8 88 14
8 96 14
8 97 14
8 98 14
8 99 14
9 77 14
9 78 14
9 79 14
9 80 14
9 81 14
9 84 14
9 87 14
9 88 14
9 96 14
9 97 14
9 98 14
9 99 14
10 77 14
10 78 14
10 79 14
10 80 14
10 81 14
10 84 14
10 87 14
10 88 14
10 96 14
10 97 14
10 98 14
10 99 14
11 77 14
11 78 14
11 79 14
11 80 14
11 84 2
11 87 14
11 88 14
11 96 14
11 97 14
11 98 14
11 99 14
12 77 14
12 78 14
12 79 14
12 80 14
12 83 14
12 84 14
12 87 14
12 88 14
12 96 14
12 97 14
12 98 14
12 99 14
13 77 14
13 78 14
13 79 14
13 80 14
13 83 14
13 84 14
13 87 14
13 99 14
14 77 14
14 78 14
14 79 14
14 80 14
14 83 14
14 84 14
14 87 14
14 99 14
15 77 14
15 78 14
15 79 14
15 80 14
15 83 14
15 84 14
15 91 14
15 99 14
16 77 14
16 78 14
16 79 14
16 80 14
16 83 14
16 84 14
16 91 14
16 99 14
17 77 14
17 78 14
17 79 14
17 80 14
17 83 14
17 84 14
17 85 14
17 86 14
17 87 14
17 99 14
18 77 14
18 78 14
18 79 14
18 80 14
18 83 14
18 84 14
18 85 14
18 86 14
18 87 14
18 88 14
18 89 14
18 90 14
18 91 14
18 92 14
18 93 14
18 94 14
18 95 14
18 96 14
18 97 14
18 98 14
18 99 14
19 77 14
19 78 14
19 79 14
19 80 14
19 83 14
19 84 14
19 85 14
19 86 14
19 87 14
19 88 14
19 89 14
19 90 14
19 91 14
19 92 14
19 93 14
19 94 14
19 95 14
19 96 14
19 97 14
19 98 14
19 99 14
20 77 14
20 78 14
20 79 14
20 80 14
20 83 14
20 84 14
20 85 14
20 86 14
20 87 14
20 88 14
20 89 14
20 90 14
20 91 14
20 92 14
20 93 14
20 94 14
20 95 14
20 96 14
20 97 14
20 98 14
20 99 14
21 77 14
21 78 14
21 79 14
21 80 14
21 83 14
21 84 14
21 85 14
21 86 14
21 87 14
21 88 14
21 89 14
21 90 14
21 91 14
21 92 14
21 93 14
21 94 14
21 95 14
21 96 14
21 97 14
21 98 14
21 99 14
22 77 14
22 78 14
22 79 14
22 80 14
22 86 14
22 87 14
22 88 14
22 89 14
22 90 14
22 91 14
22 92 14
22 93 14
22 94 14
22 95 14
22 96 14
22 97 14
22 98 14
22 99 14
23 77 14
23 78 14
23 79 14
23 80 14
23 86 14
23 87 14
23 88 14
23 89 14
23 90 14
23 91 14
23 92 14
23 93 14
23 94 14
23 95 14
23 96 14
23 97 14
23 98 14
23 99 14
24 77 14
24 78 14
24 79 14
24 80 14
24 81 14
24 82 14
24 83 14
24 86 14
24 87 14
24 88 14
24 89 14
24 90 14
24 91 14
24 92 14
24 93 14
24 94 14
24 95 14
24 96 14
24 97 14
24 98 14
24 99 14
25 77 14
25 78 14
25 79 14
25 80 14
25 83 14
25 86 14
25 87 14
25 88 14
25 89 14
25 90 14
25 91 14
25 92 14
25 93 14
25 94 14
25 95 14
25 96 14
25 97 14
25 98 14
25 99 14
26 77 14
26 78 14
26 79 14
26 80 14
26 83 14
26 86 14
26 87 14
26 88 14
26 89 14
26 90 14
26 91 14
26 92 14
26 93 14
26 94 14
26 95 14
26 96 14
26 97 14
26 98 14
26 99 14
27 77 14
27 78 14
27 79 14
27 80 14
27 83 14
27 84 14
27 85 14
27 86 14
27 87 14
27 88 14
27 89 14
27 90 14
27 91 14
27 92 14
27 93 14
27 94 14
27 95 14
27 96 14
27 97 14
27 98 14
27 99 14
28 52 14
28 53 14
28 54 14
28 55 14
28 56 14
28 57 14
28 58 14
28 59 14
28 60 14
28 61 14
28 62 14
28 63 14
28 64 14
28 65 14
28 66 14
28 67 14
28 68 14
28 69 14
28 70 14
28 71 14
28 72 14
28 73 14
28 76 14
28 77 14
28 78 14
28 79 14
28 80 14
28 86 14
28 87 14
28 88 14
28 89 14
28 90 14
28 91 14
28 92 14
28 93 14
28 94 14
28 95 14
28 96 14
28 97 14
28 98 14
28 99 14
29 52 14
29 53 14
29 54 14
29 55 14
29 56 14
29 57 14
29 58 14
29 59 14
29 60 14
29 61 14
29 62 14
29 63 14
29 64 14
29 65 14
29 66 14
29 67 14
29 68 14
29 69 14
29 70 14
29 71 14
29 72 14
29 73 14
29 76 14
29 77 14
29 78 14
29 79 14
29 80 14
29 81 14
29 82 14
29 83 14
29 86 14
29 87 14
29 88 14
29 89 14
29 90 14
29 91 14
29 92 14
29 93 14
29 94 14
29 95 14
29 96 14
29 97 14
29 98 14
29 99 14
30 51 14
30 52 14
30 53 14
30 54 14
30 55 14
30 56 14
30 57 14
30 58 14
30 59 14
30 60 14
30 61 14
30 62 14
30 63 14
30 64 14
30 65 14
30 66 14
30 67 14
30 68 14
30 69 14
30 70 14
30 71 14
30 72 14
30 73 14
30 74 14
30 75 14
30 78 14
30 79 14
30 80 14
30 86 14
30 87 14
30 88 14
30 89 14
30 90 14
30 91 14
30 92 14
30 93 14
30 94 14
30 95 14
30 96 14
30 97 14
30 98 14
30 99 14
31 51 14
31 52 14
31 53 14
31 54 14
31 55 14
31 56 14
31 57 14
31 58 14
31 59 14
31 60 14
31 61 14
31 62 14
31 63 14
31 64 14
31 65 14
31 66 14
31 67 14
31 68 14
31 69 14
31 70 14
31 71 14
31 72 14
31 73 14
31 74 14
31 75 14
31 78 14
31 79 14
31 80 14
31 84 14
31 85 14
31 86 14
31 87 14
31 88 14
31 89 14
31 90 14
31 91 14
31 92 14
31 93 14
32 50 14
32 51 14
32 52 14
32 53 14
32 54 14
32 55 14
32 56 14
32 57 14
32 58 14
32 59 14
32 60 14
32 61 14
32 62 14
32 63 14
32 64 14
32 65 14
32 66 14
32 67 14
32 68 14
32 69 14
32 70 14
32 71 14
32 72 14
32 73 14
32 74 14
32 75 14
32 78 14
32 82 14
32 83 14
32 84 14
32 85 14
32 86 14
32 87 14
32 88 14
32 89 14
32 90 14
32 91 14
32 92 14
32 93 14
32 94 14
32 95 14
33 52 14
33 53 14
33 54 14
33 55 14
33 56 14
33 57 14
33 58 14
33 59 14
33 60 14
33 61 14
33 62 14
33 63 14
33 64 14
33 65 14
33 66 14
33 67 14
33 68 14
33 69 14
33 70 14
33 71 14
33 72 14
33 73 14
33 74 14
33 75 14
33 78 14
33 81 14
33 82 14
33 83 14
33 84 14
33 85 14
33 86 14
33 87 14
33 88 14
33 89 14
33 90 14
33 91 14
33 92 14
33 93 14
33 94 14
34 52 14
34 53 14
34 54 14
34 55 14
34 56 14
34 57 14
34 58 14
34 59 14
34 60 14
34 61 14
34 62 14
34 63 14
34 64 14
34 65 14
34 66 14
34 67 14
34 68 14
34 69 14
34 70 14
34 71 14
34 72 14
34 73 14
34 74 14
34 75 14
34 76 14
34 77 14
34 78 14
34 81 14
34 82 14
34 83 14
34 84 14
34 85 14
34 86 14
34 87 14
34 88 14
34 89 14
34 90 14
34 91 14
34 92 14
34 93 14
34 94 14
35 49 14
35 50 14
35 51 14
35 52 14
35 53 14
35 54 14
35 55 14
35 56 14
35 57 14
35 58 14
35 59 14
35 60 14
35 61 14
35 62 14
35 63 14
35 64 14
35 65 14
35 66 14
35 67 14
35 68 14
35 69 14
35 70 14
35 71 14
35 72 14
35 73 14
35 74 14
35 75 14
35 76 14
35 77 14
35 78 14
35 79 14
35 80 14
35 81 14
35 82 14
35 83 14
35 84 14
35 85 14
35 86 14
35 87 14
35 88 14
35 89 14
35 90 14
35 91 14
35 92 14
35 93 14
35 94 14
36 49 14
36 50 14
36 51 14
36 52 14
36 53 14
36 54 14
36 55 14
36 56 14
36 57 14
36 58 14
36 59 14
36 60 14
36 61 14
36 62 14
36 63 14
36 64 14
36 65 14
36 66 14
36 67 14
36 68 14
36 69 14
36 70 14
36 71 14
36 72 14
36 73 14
36 74 14
36 75 14
36 76 14
36 77 14
36 78 14
36 79 14
36 80 14
36 81 14
36 82 14
36 83 14
36 84 14
36 85 14
36 86 14
36 87 14
36 88 14
36 89 14
36 90 14
36 91 14
36 92 14
36 93 14
37 60 14
37 61 14
37 62 14
37 63 14
37 64 14
37 65 14
37 66 14
37 67 14
37 68 14
37 69 14
37 70 14
37 71 14
37 72 14
37 73 14
37 74 14
37 75 14
37 76 14
37 77 14
37 78 14
37 79 14
37 80 14
37 81 14
37 82 14
37 83 14
37 84 14
37 85 14
37 86 14
37 87 14
37 88 14
37 89 14
37 90 14
37 91 14
37 92 14
37 93 14
37 94 14
38 60 14
38 61 14
38 62 14
38 63 14
38 64 14
38 65 14
38 66 14
38 67 14
38 68 14
38 69 14
38 70 14
38 71 14
38 72 14
38 73 14
38 74 14
38 75 14
38 76 14
38 77 14
38 78 14
38 79 14
38 80 14
38 81 14
38 82 14
38 83 14
38 84 14
38 85 14
38 86 14
38 87 14
38 88 14
38 89 14
38 90 14
38 91 14
38 92 14
38 93 14
38 94 14
39 60 14
39 61 14
39 62 14
39 63 14
39 64 14
39 65 14
39 66 14
39 67 14
39 68 14
39 69 14
39 70 14
39 71 14
39 72 14
39 73 14
39 74 14
39 75 14
39 76 14
39 77 14
39 78 14
39 79 14
39 80 14
39 81 14
39 82 14
39 83 14
39 84 14
39 85 14
39 86 14
39 87 14
39 88 14
39 89 14
39 90 14
39 91 14
39 92 14
39 93 14
40 56 14
40 57 14
40 58 14
40 59 14
40 60 14
40 61 14
40 62 14
40 63 14
40 64 14
40 65 14
40 66 14
40 67 14
40 68 14
40 69 14
40 70 14
40 71 14
40 72 14
40 73 14
40 74 14
40 75 14
40 76 14
40 77 14
40 78 14
40 79 14
40 80 14
40 81 14
40 82 14
40 83 14
40 84 14
40 85 14
40 86 14
40 87 14
40 88 14
40 89 14
40 90 14
40 91 14
40 92 14
40 93 14
::BONUS-> END
::COIN-> BEGIN
7 93
7 95
8 93
8 95
9 93
9 95
10 93
10 95
11 93
11 95
12 93
12 95
::COIN-> END
SPINY 5 52
SPINY 5 53
SPINY 5 59
SPINY 5 60
GOOMBA 5 67
GOOMBA 5 68
GOOMBA 5 69
SPINY 6 52
SPINY 6 57
SPINY 6 58
GOOMBA 6 63
TURTLEFLY 6 66
GOOMBA 6 70
GOOMBA 6 71
TURTLEFLY 6 72
TURTLEFLY 6 73
SPINY 7 51
SPINY 7 55
SPINY 7 56
GOOMBA 7 62
TURTLEFLY 7 66
TURTLEFLY 7 69
GOOMBA 7 71
GOOMBA 7 72
TURTLEFLY 7 73
SPINY 8 51
GOOMBA 8 54
GOOMBA 8 60
GOOMBA 8 61
TURTLEFLY 8 65
TURTLEFLY 8 69
GOOMBA 8 72
SPINY 9 51
GOOMBA 9 54
SPINY 9 57
SPINY 10 58
SPINY 10 62
TURTLEFLY 10 65
TURTLEFLY 10 69
TURTLEFLY 10 71
TURTLEFLY 10 72
SPINY 11 51
GOOMBA 11 54
SPINY 11 58
SPINY 11 63
TURTLEFLY 11 68
TURTLEFLY 11 69
TURTLEFLY 11 70
TURTLEFLY 11 73
SPINY 12 52
SPINY 12 56
SPINY 12 58
SPINY 12 63
TURTLEFLY 12 64
TURTLEFLY 12 68
TURTLEFLY 12 74
SPINY 13 52
GOOMBA 13 53
SPINY 13 56
SPINY 13 57
TURTLEFLY 13 60
SPINY 13 63
TURTLEFLY 13 64
GOOMBA 13 69
GOOMBA 13 70
GOOMBA 13 71
GOOMBA 13 72
GOOMBA 14 53
SPINY 14 56
SPINY 14 57
TURTLEFLY 14 60
SPINY 14 65
GOOMBA 14 69
GOOMBA 14 72
GOOMBA 14 82
SPINY 15 52
SPINY 15 56
SPINY 15 57
TURTLEFLY 15 63
SPINY 15 65
TURTLEFLY 15 67
GOOMBA 15 69
GOOMBA 15 73
SPINY 16 52
GOOMBA 16 53
SPINY 16 56
SPINY 16 57
TURTLEFLY 16 60
TURTLEFLY 16 63
SPINY 16 65
TURTLEFLY 16 67
GOOMBA 16 69
TURTLEFLY 16 71
GOOMBA 16 73
GOOMBA 17 52
SPINY 17 65
TURTLEFLY 17 68
GOOMBA 17 70
GOOMBA 17 75
GOOMBA 18 51
GOOMBA 18 52
GOOMBA 18 55
TURTLEFLY 18 60
TURTLEFLY 18 68
GOOMBA 18 74
GOOMBA 19 55
TURTLEFLY 19 60
TURTLEFLY 19 69
GOOMBA 19 74
TURTLE 19 75
TURTLEFLY 20 59
SPINY 20 62
TURTLEFLY 20 65
TURTLEFLY 20 66
GOOMBA 20 73
TURTLE 20 75
SPINY 21 52
GOOMBA 21 55
SPINY 21 60
SPINY 21 62
TURTLEFLY 21 66
GOOMBA 21 73
TURTLE 21 75
FIRECIRCLE 21 83 6
SPINY 22 51
SPINY 22 52
GOOMBA 22 55
SPINY 22 58
SPINY 22 59
TURTLEFLY 22 66
GOOMBA 22 72
TURTLE 22 75
SPINY 23 51
SPINY 23 52
GOOMBA 23 54
SPINY 23 57
SPINY 23 58
GOOMBA 23 60
GOOMBA 23 71
TURTLE 23 75
SPINY 24 50
GOOMBA 24 54
SPINY 24 56
SPINY 24 57
GOOMBA 24 58
GOOMBA 24 59
GOOMBA 24 60
GOOMBA 24 61
GOOMBA 24 62
GOOMBA 24 63
TURTLEFLY 24 66
GOOMBA 24 70
TURTLE 24 75
GOOMBA 24 85
GOOMBA 25 51
GOOMBA 25 52
GOOMBA 25 53
SPINY 25 56
GOOMBA 25 57
GOOMBA 25 58
TURTLEFLY 25 65
TURTLE 25 75
SPINY 26 53
SPINY 26 54
SPINY 26 55
SPINY 26 56
TURTLE 26 75
SPINY 27 51
SPINY 27 52
SPINY 28 50
SPINY 28 51
SPINY 30 50
CANNON 35 79
CANNON 35 80
START 0 135 3559 1
EXIT 0 628 3900 data/levels/old/2/main 1 2 1
START 1 0 0 0
EXIT 1 0 0 NONE 0 1 2
START 2 0 0 0
EXIT 2 0 0 NONE 0 1 2
START 3 0 0 0
EXIT 3 0 0 NONE 0 1 2
START 4 0 0 0
EXIT 4 0 0 NONE 0 1 2
BGCOLOR 2000030

#If you want Background music:
MUSIC talltower.mid

#if you want a big static background:
BACKGROUND data/gfx/background/hole.jpg
