# Level for Mega Mario

TEXTURE data/gfx/tiles/ground/stone0.png
TEXTURE data/gfx/tiles/ground/stone1.png
TEXTURE data/gfx/tiles/ground/stone2.png
TEXTURE data/gfx/tiles/ground/stone3.png
TEXTURE data/gfx/tiles/ground/sand.png
TEXTURE data/gfx/tiles/ground/metal.png
TEXTURE data/gfx/tiles/ground/stone4.png
TEXTURE data/gfx/tiles/pipes/up/1.png
TEXTURE data/gfx/tiles/pipes/up/2.png
TEXTURE data/gfx/tiles/pipes/up/3.png
TEXTURE data/gfx/tiles/pipes/up/4.png
::TILES-> BEGIN
1 43 5
1 44 5
1 45 5
1 46 5
1 47 5
1 48 5
1 49 5
1 50 5
1 51 5
1 52 5
1 53 5
1 54 5
1 55 5
1 56 5
1 57 5
1 58 5
1 59 5
1 60 5
1 61 5
1 62 5
1 63 5
1 64 5
1 65 5
1 66 5
1 67 5
2 47 5
2 48 5
2 49 5
2 50 5
2 51 5
2 52 5
2 53 5
2 54 5
2 55 5
2 56 5
2 57 5
2 58 5
2 59 5
2 60 5
2 61 5
2 62 5
2 63 5
2 64 5
2 65 5
3 47 5
3 48 5
3 49 5
3 50 5
3 51 5
3 52 5
3 53 5
3 54 5
3 55 5
3 56 5
3 57 5
3 61 5
3 62 5
3 63 5
3 64 5
3 65 5
3 99 11
4 47 5
4 48 5
4 49 5
4 50 5
4 51 5
4 52 5
4 53 5
4 54 5
4 55 5
4 56 5
4 61 5
4 62 5
4 63 5
4 64 5
4 65 5
4 99 10
5 47 5
5 48 5
5 49 5
5 50 5
5 51 5
5 52 5
5 53 5
5 54 5
5 55 5
5 61 5
5 62 5
5 63 5
5 64 5
5 65 5
6 47 5
6 48 5
6 49 5
6 50 5
6 51 5
6 52 5
6 53 5
6 54 5
6 61 5
6 62 5
6 63 5
6 64 5
6 65 5
7 46 5
7 47 5
7 48 5
7 49 5
7 50 5
7 51 5
7 52 5
7 53 5
7 61 5
7 62 5
7 63 5
7 64 5
7 65 5
8 46 5
8 47 5
8 48 5
8 49 5
8 50 5
8 51 5
8 52 5
8 53 5
8 61 5
8 62 5
8 63 5
8 64 5
8 65 5
9 46 5
9 47 5
9 48 5
9 49 5
9 50 5
9 51 5
9 52 5
9 53 5
9 61 5
9 62 5
9 63 5
9 64 5
9 65 5
10 46 5
10 47 5
10 48 5
10 49 5
10 50 5
10 51 5
10 52 5
10 53 11
10 54 11
10 55 11
10 61 5
10 62 5
10 63 5
10 64 5
10 65 5
11 46 5
11 47 5
11 48 5
11 49 5
11 50 5
11 51 5
11 52 5
11 53 10
11 54 10
11 55 10
11 61 5
11 62 5
11 63 5
11 64 5
11 65 5
11 68 1
12 46 5
12 47 5
12 48 5
12 49 5
12 50 5
12 51 5
12 52 5
12 53 5
12 61 5
12 62 5
12 63 5
12 64 5
12 65 5
12 68 1
13 46 5
13 47 5
13 48 5
13 49 5
13 50 5
13 51 5
13 52 5
13 61 5
13 62 5
13 63 5
13 64 5
13 65 5
13 68 5
14 46 5
14 47 5
14 48 5
14 49 5
14 50 5
14 51 5
14 61 5
14 62 5
14 63 5
14 64 5
14 65 5
14 66 5
14 67 5
14 68 5
14 71 1
14 72 1
14 73 1
14 74 1
14 76 1
14 77 1
15 46 5
15 47 5
15 48 5
15 49 5
15 50 5
15 61 5
15 62 5
15 63 5
15 64 5
15 65 5
15 68 5
15 69 5
15 70 5
15 75 1
15 77 1
16 61 5
16 62 5
16 63 5
16 64 5
16 71 5
16 82 1
16 93 1
17 61 5
17 62 5
17 63 5
17 64 5
17 65 5
17 71 5
18 61 5
18 62 5
18 63 5
18 64 5
18 65 5
18 72 5
19 61 5
19 62 5
19 63 5
19 64 5
19 65 5
20 61 5
20 62 5
20 63 5
20 64 5
20 65 5
20 72 5
21 61 5
21 62 5
21 63 5
21 64 5
21 71 5
22 61 5
22 62 5
22 63 5
22 64 5
22 65 5
22 71 5
23 61 5
23 62 5
23 63 5
23 64 5
23 65 5
23 70 5
24 61 5
24 62 5
24 63 5
24 64 5
24 65 5
25 60 6
25 61 5
25 62 5
25 63 5
25 64 5
25 65 5
25 69 5
26 61 5
26 62 5
26 63 5
26 64 5
26 65 5
26 68 5
27 61 5
27 62 5
27 63 5
27 64 5
27 65 5
27 67 5
28 61 5
28 62 5
28 63 5
28 64 5
28 65 5
28 66 5
29 61 5
29 62 5
29 63 5
29 64 5
29 65 5
30 61 5
30 62 5
30 63 5
30 64 5
30 65 5
31 61 5
31 62 5
31 63 5
31 64 5
31 65 5
32 61 5
32 62 5
32 63 5
32 64 5
32 65 5
33 61 5
33 62 5
33 63 5
33 64 5
33 65 5
34 61 5
34 62 5
34 63 5
34 64 5
34 65 5
35 61 5
35 62 5
35 63 5
35 64 5
35 65 5
36 61 5
36 62 5
36 63 5
36 65 5
37 62 5
37 63 5
37 64 5
37 65 5
38 63 5
::TILES-> END
::BONUS-> BEGIN
1 68 14
1 69 14
1 70 14
1 95 14
1 98 14
1 99 14
2 74 14
2 75 14
2 76 14
2 77 14
2 78 14
2 84 14
2 87 14
2 88 14
2 90 14
2 91 14
2 92 14
2 93 14
2 95 14
3 80 14
3 94 14
3 99 14
4 71 14
4 73 14
4 74 14
4 81 14
4 83 14
4 86 14
5 69 14
5 74 14
5 89 14
5 92 14
5 94 14
5 99 14
6 69 14
6 99 14
7 68 14
7 72 14
7 74 14
7 99 14
8 68 14
8 70 14
8 80 14
8 81 14
8 86 14
8 87 14
8 88 14
8 99 14
9 71 14
9 79 14
9 94 14
9 99 14
10 68 14
10 73 14
10 74 14
10 76 14
10 79 14
10 82 14
10 83 14
10 84 14
10 96 14
10 97 14
10 99 14
11 69 14
11 73 14
11 76 14
11 83 14
11 84 14
11 85 14
11 86 14
11 87 14
11 88 14
11 89 14
11 90 14
11 91 14
11 92 14
12 69 14
12 70 14
12 73 14
12 74 14
12 77 14
12 78 14
12 80 14
12 82 14
12 83 14
12 84 14
12 85 14
12 86 14
12 87 14
12 88 14
12 89 14
12 92 14
13 99 14
14 75 14
14 78 14
14 80 14
14 82 14
14 83 14
14 85 14
14 86 14
14 89 14
14 93 14
14 94 14
15 78 14
15 79 14
15 80 14
15 83 14
15 89 14
15 90 14
15 91 14
15 94 14
15 95 14
::BONUS-> END
::COIN-> BEGIN
::COIN-> END
TURTLEFLY 11 59
TURTLEFLY 13 53
START 0 420 2242 1
EXIT 0 150 3872 data/levels/old/2/main 1 2 1
START 1 0 0 0
EXIT 1 0 0 NONE 0 2 2
START 2 0 0 0
EXIT 2 0 0 NONE 0 2 2
START 3 0 0 0
EXIT 3 0 0 NONE 0 2 2
START 4 0 0 0
EXIT 4 0 0 NONE 0 2 2
BGCOLOR 2000030

#CASTLE 1800 2100 0 data/levels/1/3 0
BOWSER 35 54 30

RESTART data/levels/1/1

#If you want Background music:
#MUSIC megamusic.mid

