# Level for Mega Mario

TEXTURE data/gfx/tiles/ground/stone0.png
TEXTURE data/gfx/tiles/ground/stone1.png
TEXTURE data/gfx/tiles/ground/stone2.png
TEXTURE data/gfx/tiles/ground/stone3.png
TEXTURE data/gfx/tiles/ground/stone4.png
TEXTURE data/gfx/tiles/ground/stone5.png
TEXTURE data/gfx/tiles/ground/stone6.png
TEXTURE data/gfx/tiles/ground/bricks.png
TEXTURE data/gfx/tiles/ground/bricks2.png
TEXTURE data/gfx/tiles/ground/snowy.png
TEXTURE data/gfx/tiles/ground/sand.png
TEXTURE data/gfx/tiles/ground/metal.png
TEXTURE data/gfx/tiles/cannonset1.png
TEXTURE data/gfx/tiles/cannonset2.png
TEXTURE data/gfx/tiles/pipes/up/1.png
TEXTURE data/gfx/tiles/pipes/up/2.png
TEXTURE data/gfx/tiles/pipes/up/3.png
TEXTURE data/gfx/tiles/pipes/up/4.png
TEXTURE data/gfx/tiles/pipes/down/1.png
TEXTURE data/gfx/tiles/pipes/down/2.png
TEXTURE data/gfx/tiles/pipes/down/3.png
TEXTURE data/gfx/tiles/pipes/down/4.png
TEXTURE data/gfx/tiles/pipes/right/1.png
TEXTURE data/gfx/tiles/pipes/right/2.png
TEXTURE data/gfx/tiles/pipes/right/3.png
TEXTURE data/gfx/tiles/pipes/right/4.png
TEXTURE data/gfx/tiles/pipes/left/1.png
TEXTURE data/gfx/tiles/pipes/left/2.png
TEXTURE data/gfx/tiles/pipes/left/3.png
TEXTURE data/gfx/tiles/pipes/left/4.png
::TILES-> BEGIN
1 86 7
1 87 7
1 88 7
1 89 7
1 90 7
1 91 7
1 92 7
1 93 7
1 94 7
1 95 7
1 96 7
1 97 7
1 98 7
1 99 7
2 86 7
2 87 7
2 88 7
2 89 7
2 90 7
2 91 7
2 92 7
2 93 7
2 94 7
2 95 7
2 96 7
2 97 7
2 98 7
2 99 7
3 86 7
3 87 7
3 88 7
3 89 7
3 90 7
3 95 7
3 96 7
3 97 7
3 98 7
3 99 7
4 86 7
4 87 7
4 88 7
4 89 7
4 90 7
4 95 7
4 96 7
4 97 7
4 98 7
4 99 7
5 86 7
5 87 7
5 88 7
5 89 7
5 90 7
5 91 19
5 96 7
5 97 7
5 98 7
5 99 7
6 86 7
6 87 7
6 88 7
6 89 7
6 90 7
6 91 20
6 96 7
6 97 7
6 98 7
6 99 7
7 86 7
7 87 7
7 88 7
7 89 7
7 90 7
7 96 7
7 97 7
7 98 7
7 99 7
8 86 7
8 87 7
8 88 7
8 89 7
8 90 7
8 96 7
8 97 7
8 98 7
8 99 7
9 86 7
9 87 7
9 88 7
9 89 7
9 90 7
9 97 7
9 98 7
9 99 7
10 86 7
10 87 7
10 88 7
10 89 7
10 90 7
10 91 7
10 98 7
10 99 7
11 86 7
11 87 7
11 88 7
11 89 7
11 90 7
11 91 7
11 98 7
11 99 7
12 86 7
12 87 7
12 88 7
12 89 7
12 90 7
12 91 7
12 92 7
12 98 7
12 99 7
13 86 7
13 87 7
13 88 7
13 89 7
13 90 7
13 91 7
13 92 7
13 98 7
13 99 7
14 86 7
14 87 7
14 88 7
14 89 7
14 90 7
14 91 7
14 92 7
14 97 7
14 98 7
14 99 7
15 86 7
15 87 7
15 88 7
15 89 7
15 90 7
15 91 7
15 92 7
15 97 7
15 98 7
15 99 7
16 86 7
16 87 7
16 88 7
16 89 7
16 90 7
16 91 7
16 92 7
16 97 2
16 98 7
16 99 7
17 86 7
17 87 7
17 88 7
17 89 7
17 90 7
17 91 7
17 92 7
17 98 7
17 99 7
18 86 7
18 87 7
18 88 7
18 89 7
18 90 7
18 91 7
18 92 7
18 98 7
18 99 7
19 86 7
19 87 7
19 88 7
19 89 7
19 90 7
19 91 7
19 92 7
19 93 7
19 99 7
20 86 7
20 87 7
20 88 7
20 89 7
20 90 7
20 91 7
20 92 7
20 93 7
20 99 7
21 86 7
21 87 7
21 88 7
21 89 7
21 90 7
21 91 7
21 92 7
21 93 7
21 98 7
21 99 7
22 86 7
22 87 7
22 88 7
22 89 7
22 90 7
22 91 7
22 92 7
22 93 7
22 98 7
22 99 7
23 86 7
23 87 7
23 88 7
23 89 7
23 90 7
23 91 7
23 92 7
23 93 7
23 98 7
23 99 7
24 86 7
24 87 7
24 88 7
24 89 7
24 90 7
24 91 7
24 92 7
24 93 7
24 98 7
24 99 7
25 86 7
25 87 7
25 88 7
25 89 7
25 90 7
25 91 7
25 92 7
25 93 7
25 98 7
25 99 7
26 86 7
26 87 7
26 88 7
26 89 7
26 90 7
26 91 7
26 92 7
26 93 7
26 98 7
26 99 7
27 88 7
27 89 7
27 90 7
27 91 7
27 92 7
27 93 7
27 98 7
27 99 7
28 88 7
28 89 7
28 90 7
28 91 7
28 92 7
28 93 7
28 98 7
28 99 7
29 88 7
29 89 7
29 90 7
29 91 7
29 92 7
29 93 7
29 97 7
29 98 7
29 99 7
30 88 7
30 89 7
30 90 7
30 91 7
30 92 7
30 93 7
30 97 2
30 98 7
30 99 7
31 88 7
31 89 7
31 90 7
31 91 7
31 92 7
31 93 7
31 98 7
31 99 7
32 88 7
32 89 7
32 90 7
32 91 7
32 92 7
32 93 7
32 99 7
33 88 7
33 89 7
33 90 7
33 91 7
33 92 7
33 93 7
33 94 2
33 99 7
34 88 7
34 89 7
34 90 7
34 91 7
34 92 7
34 93 7
34 94 7
34 99 7
35 88 7
35 89 7
35 90 7
35 91 7
35 92 7
35 93 7
35 94 9
35 99 7
36 88 7
36 89 7
36 90 7
36 91 7
36 92 7
36 93 7
36 94 9
36 99 7
37 88 7
37 89 7
37 90 7
37 91 7
37 92 7
37 93 7
37 99 7
38 88 7
38 89 7
38 90 7
38 91 7
38 92 7
38 93 7
38 99 2
39 88 7
39 89 7
39 90 7
39 91 7
39 92 7
39 93 7
39 99 9
40 88 7
40 89 7
40 90 7
40 91 7
40 92 7
40 93 7
40 94 9
40 99 9
41 88 7
41 89 7
41 90 7
41 91 7
41 92 7
41 93 7
41 94 9
41 99 9
42 88 7
42 89 7
42 90 7
42 91 7
42 92 7
42 93 7
42 94 9
42 99 9
43 88 7
43 89 7
43 90 7
43 91 7
43 92 7
43 93 7
43 94 9
43 99 9
44 88 7
44 89 7
44 90 7
44 91 7
44 92 7
44 93 7
44 94 9
44 99 9
45 88 7
45 89 7
45 90 7
45 91 7
45 92 7
45 93 7
45 94 9
45 99 9
46 88 7
46 89 7
46 90 7
46 91 7
46 92 7
46 93 7
46 94 9
46 99 9
47 88 7
47 89 7
47 90 7
47 91 7
47 92 7
47 93 7
47 94 9
47 99 9
48 88 7
48 89 7
48 90 7
48 91 7
48 92 7
48 93 7
48 94 9
48 99 9
49 88 7
49 89 7
49 90 7
49 91 7
49 92 7
49 93 7
49 94 9
49 99 9
50 88 7
50 89 7
50 90 7
50 91 7
50 92 7
50 93 7
50 94 9
50 99 9
51 88 7
51 89 7
51 90 7
51 91 7
51 92 7
51 93 7
51 94 9
51 99 9
52 88 7
52 89 7
52 90 7
52 91 7
52 92 7
52 93 7
52 94 9
52 99 9
53 88 7
53 89 7
53 90 7
53 91 7
53 92 7
53 93 7
53 94 9
53 99 9
54 88 7
54 89 7
54 90 7
54 91 7
54 92 7
54 93 7
54 94 9
54 99 9
55 91 7
55 92 7
55 93 7
55 94 9
55 99 9
56 91 7
56 92 7
56 93 7
56 94 7
56 99 9
57 91 7
57 92 7
57 93 7
57 94 7
57 99 9
58 90 7
58 91 7
58 92 7
58 93 7
58 99 9
59 90 7
59 91 7
59 92 7
59 93 7
59 99 9
60 90 7
60 91 7
60 92 7
60 99 9
61 90 7
61 91 7
61 92 7
61 99 9
62 89 7
62 90 7
62 91 7
62 92 7
62 99 9
63 88 7
63 89 7
63 90 7
63 91 7
63 92 7
63 99 9
64 88 7
64 89 7
64 90 7
64 91 7
64 97 16
64 98 18
64 99 18
65 88 7
65 89 7
65 90 7
65 97 15
65 98 17
65 99 17
66 88 7
66 89 7
66 90 7
67 88 7
67 89 7
67 90 7
68 88 7
68 89 7
68 90 7
69 88 7
69 89 7
69 90 7
70 88 7
70 89 7
70 90 6
70 96 16
70 97 18
70 98 18
70 99 18
71 88 7
71 89 7
71 90 7
71 96 15
71 97 17
71 98 17
71 99 17
72 88 7
72 89 7
72 90 7
73 88 7
73 89 7
73 90 7
74 88 7
74 89 7
74 90 7
75 88 7
75 89 7
75 90 7
75 91 7
75 96 16
75 97 18
75 98 18
75 99 18
76 88 7
76 89 7
76 90 7
76 91 7
76 96 15
76 97 17
76 98 17
76 99 17
77 88 7
77 89 7
77 90 7
77 91 7
77 92 7
77 99 9
78 88 6
78 89 6
78 90 6
78 91 7
78 92 7
78 99 9
79 88 7
79 89 7
79 90 7
79 91 7
79 99 9
80 99 9
81 99 9
82 99 9
83 98 7
83 99 9
84 97 7
84 98 7
84 99 9
85 96 7
85 97 7
85 98 7
85 99 9
86 96 7
86 97 7
86 98 7
86 99 9
87 96 7
87 97 7
87 98 7
87 99 9
88 96 7
88 97 7
88 98 7
88 99 9
89 96 7
89 97 7
89 98 7
89 99 9
90 96 7
90 97 7
90 98 7
90 99 9
91 96 7
91 97 7
91 98 7
91 99 9
92 96 7
92 97 7
92 98 7
92 99 9
93 98 7
93 99 9
94 98 7
94 99 9
95 96 7
95 97 7
95 98 7
95 99 9
96 96 7
96 97 7
96 98 7
96 99 9
97 96 7
97 97 7
97 98 7
97 99 9
98 96 7
98 97 7
98 98 7
98 99 9
99 96 7
99 97 7
99 98 7
99 99 9
100 96 7
100 97 7
100 98 7
100 99 9
101 96 7
101 97 7
101 98 7
101 99 9
102 96 7
102 97 7
102 98 7
102 99 9
103 96 7
103 97 7
103 98 7
103 99 9
104 96 7
104 97 7
104 98 7
104 99 9
105 96 7
105 97 7
105 98 7
105 99 9
106 96 7
106 97 7
106 98 7
106 99 9
107 98 7
107 99 9
108 98 7
108 99 9
109 96 7
109 97 7
109 98 7
109 99 9
110 96 7
110 97 7
110 98 7
110 99 9
111 96 7
111 97 7
111 98 7
111 99 9
112 96 7
112 97 7
112 98 7
112 99 9
113 96 7
113 97 7
113 98 7
113 99 9
114 96 7
114 97 7
114 98 7
114 99 9
115 96 7
115 97 7
115 98 7
115 99 9
116 96 7
116 97 7
116 98 7
116 99 9
117 96 7
117 97 7
117 98 7
117 99 9
118 99 9
119 99 9
120 99 9
121 96 7
121 99 9
122 96 7
122 99 9
123 99 9
124 99 9
125 96 7
125 97 7
125 98 7
125 99 9
126 96 7
126 97 7
126 98 7
126 99 9
127 96 7
127 97 7
127 98 7
127 99 9
128 96 7
128 97 7
128 98 7
128 99 9
129 96 7
129 97 7
129 98 7
129 99 9
130 96 7
130 97 7
130 98 7
130 99 9
131 96 7
131 97 7
131 98 7
131 99 9
132 96 7
132 97 7
132 98 7
132 99 9
133 99 9
134 99 9
135 96 7
135 97 7
135 98 7
135 99 9
136 96 7
136 97 7
136 98 7
136 99 9
137 96 7
137 97 7
137 98 7
137 99 9
138 96 7
138 97 7
138 98 7
138 99 9
139 96 7
139 97 7
139 98 7
139 99 9
140 96 7
140 97 7
140 98 7
140 99 9
141 98 7
141 99 9
142 98 7
142 99 9
143 96 7
143 97 7
143 98 7
143 99 9
144 96 7
144 97 7
144 98 7
144 99 9
145 96 7
145 97 7
145 98 7
145 99 9
146 96 7
146 97 7
146 98 7
146 99 9
147 97 7
147 98 7
147 99 9
148 97 7
148 98 7
148 99 9
149 96 7
149 97 7
149 98 7
149 99 9
150 96 7
150 97 7
150 98 7
150 99 9
151 96 7
151 97 7
151 98 7
151 99 9
177 92 21
177 93 21
177 94 21
177 95 19
178 92 22
178 93 22
178 94 22
178 95 20
::TILES-> END
::BONUS-> BEGIN
38 96 2
48 96 16
49 96 16
50 96 16
70 87 14
71 87 14
72 87 14
73 87 14
74 87 14
75 87 14
76 87 14
77 87 14
77 88 14
77 90 14
78 87 14
78 88 14
78 90 14
79 87 14
79 88 14
79 90 14
80 87 14
80 88 14
80 89 14
80 90 14
80 91 14
81 87 14
81 88 14
81 89 14
81 90 14
81 91 14
82 87 14
82 88 14
82 89 14
82 90 14
82 91 14
83 87 14
83 88 14
83 89 14
83 90 14
83 91 14
84 87 14
84 88 14
84 89 14
84 90 14
84 91 14
85 87 14
85 88 14
85 89 14
85 90 14
85 91 14
86 87 14
86 88 14
86 89 14
86 90 14
86 91 14
87 87 14
87 88 14
87 89 14
87 90 14
87 91 14
88 87 14
88 88 14
88 89 14
88 90 14
88 91 14
89 87 14
89 88 14
89 89 14
89 90 14
89 91 14
90 87 14
90 88 14
90 89 14
90 90 14
90 91 14
91 87 14
91 88 14
91 89 14
91 90 14
91 91 14
92 87 14
92 88 14
92 89 14
92 90 14
92 91 14
93 87 14
93 88 14
93 89 14
93 90 14
93 91 14
94 87 14
94 88 14
94 89 14
94 90 14
94 91 14
95 87 14
95 88 14
95 89 14
95 90 14
95 91 14
96 87 14
96 88 14
96 89 14
96 90 14
96 91 14
97 87 14
97 88 14
97 89 14
97 90 14
97 91 14
98 87 14
98 88 14
98 89 14
98 90 14
98 91 14
99 87 14
99 88 14
99 89 14
99 90 14
99 91 14
100 87 14
100 88 14
100 89 14
100 90 14
100 91 14
101 87 14
101 88 14
101 89 14
101 90 14
101 91 14
102 87 14
102 88 14
102 89 14
102 90 14
102 91 14
103 87 14
103 88 14
103 89 14
103 90 14
103 91 14
104 87 14
104 88 14
104 89 14
104 90 14
104 91 14
105 87 14
105 88 14
105 89 14
105 90 14
105 91 14
106 87 14
106 88 14
106 89 14
106 90 14
106 91 14
107 87 14
107 88 14
107 89 14
107 90 14
107 91 14
108 87 14
108 88 14
108 89 14
108 90 14
108 91 14
109 87 14
109 88 14
109 89 14
109 90 14
109 91 14
110 87 14
110 88 14
110 89 14
110 90 14
110 91 14
111 87 14
111 88 14
111 89 14
111 90 14
111 91 14
112 87 14
112 88 14
112 89 14
112 90 14
112 91 14
113 87 14
113 88 14
113 89 14
113 90 14
113 91 14
114 87 14
114 88 14
114 89 14
114 90 14
114 91 14
115 87 14
115 88 14
115 89 14
115 90 14
115 91 14
116 87 14
116 88 14
116 89 14
116 90 14
116 91 14
117 87 14
117 88 14
117 89 14
117 90 14
117 91 14
118 87 14
118 88 14
118 89 14
118 90 14
118 91 14
119 87 14
119 88 14
119 89 14
119 90 14
119 91 14
120 87 14
120 88 14
120 89 14
120 90 14
120 91 14
121 87 14
121 88 14
121 89 14
121 90 14
121 91 14
122 87 14
122 88 14
122 89 14
122 90 14
122 91 14
123 87 14
123 88 14
123 89 14
123 90 14
123 91 14
124 87 14
124 88 14
124 89 14
124 90 14
124 91 14
125 87 14
125 88 14
125 89 14
125 90 14
125 91 14
126 87 14
126 88 14
126 89 14
126 90 14
126 91 14
127 87 14
127 88 14
127 89 14
127 90 14
127 91 14
128 87 14
128 88 14
128 89 14
128 90 14
128 91 14
129 87 14
129 88 14
129 89 14
129 90 14
129 91 14
130 87 14
130 88 14
130 89 14
130 90 14
130 91 14
131 87 14
131 88 14
131 89 14
131 90 14
131 91 14
132 87 14
132 88 14
132 89 14
132 90 14
132 91 14
133 87 14
133 88 14
133 89 14
133 90 14
133 91 14
134 87 14
134 88 14
134 89 14
134 90 14
134 91 14
135 87 14
135 88 14
135 89 14
135 90 14
135 91 14
136 87 14
136 88 14
136 89 14
136 90 14
136 91 14
137 87 14
137 88 14
137 89 14
137 90 14
137 91 14
138 87 14
138 88 14
138 89 14
138 90 14
138 91 14
139 87 14
139 88 14
139 89 14
139 90 14
139 91 14
140 87 14
140 88 14
140 89 14
140 90 14
140 91 14
141 87 14
141 88 14
141 89 14
141 90 14
141 91 14
142 87 14
142 88 14
142 89 14
142 90 14
142 91 14
143 87 14
143 88 14
143 89 14
143 90 14
143 91 14
144 87 14
144 88 14
144 89 14
144 90 14
144 91 14
145 87 14
145 88 14
145 89 14
145 90 14
145 91 14
146 87 14
146 88 14
146 89 14
146 90 14
146 91 14
147 87 14
147 88 14
147 89 14
147 90 14
147 91 14
148 87 14
148 88 14
148 89 14
148 90 14
148 91 14
149 87 14
149 88 14
149 89 14
149 90 14
149 91 14
150 87 14
150 88 14
150 89 14
150 90 14
150 91 14
151 87 14
151 88 14
151 89 14
151 90 14
151 91 14
152 87 14
152 88 14
152 89 14
152 90 14
152 91 14
153 87 14
153 88 14
153 89 14
153 90 14
153 91 14
154 87 14
154 88 14
154 89 14
154 90 14
154 91 14
155 87 14
155 88 14
155 89 14
155 90 14
155 91 14
156 87 14
156 88 14
156 89 14
156 90 14
156 91 14
157 87 14
157 88 14
157 89 14
157 90 14
157 91 14
158 87 14
158 88 14
158 89 14
158 90 14
158 91 14
159 87 14
159 88 14
159 89 14
159 90 14
159 91 14
160 87 14
160 88 14
160 89 14
160 90 14
160 91 14
161 87 14
161 88 14
161 89 14
161 90 14
161 91 14
162 87 14
162 88 14
162 89 14
162 90 14
162 91 14
163 87 14
163 88 14
163 89 14
163 90 14
163 91 14
164 87 14
164 88 14
164 89 14
164 90 14
164 91 14
165 87 14
165 88 14
165 89 14
165 90 14
165 91 14
166 87 14
166 88 14
166 89 14
166 90 14
166 91 14
167 87 14
167 88 14
167 89 14
167 90 14
167 91 14
167 96 14
167 97 14
167 98 14
167 99 14
168 87 14
168 88 14
168 89 14
168 90 14
168 91 14
168 97 14
168 98 14
168 99 14
169 87 14
169 88 14
169 89 14
169 90 14
169 91 14
169 98 14
169 99 14
170 87 14
170 88 14
170 89 14
170 90 14
170 91 14
170 99 14
171 87 14
171 88 14
171 89 14
171 90 14
171 91 14
171 99 14
172 87 14
172 88 14
172 89 14
172 90 14
172 91 14
172 99 14
173 87 14
173 88 14
173 89 14
173 90 14
173 91 14
173 99 14
174 87 14
174 88 14
174 89 14
174 90 14
174 91 14
174 99 14
175 87 14
175 88 14
175 89 14
175 90 14
175 91 14
175 99 14
176 87 14
176 88 14
176 89 14
176 90 14
176 91 14
176 99 14
177 87 14
177 88 14
177 89 14
177 90 14
177 91 14
177 99 14
178 87 14
178 88 14
178 89 14
178 90 14
178 91 14
178 99 14
179 87 14
179 88 14
179 89 14
179 90 14
179 91 14
179 99 14
180 87 14
180 88 14
180 89 14
180 90 14
180 91 14
180 99 14
181 87 14
181 88 14
181 89 14
181 90 14
181 91 14
181 92 14
181 98 14
181 99 14
182 87 14
182 88 14
182 89 14
182 90 14
182 91 14
182 92 14
182 93 14
182 97 14
182 98 14
182 99 14
183 87 14
183 88 14
183 89 14
183 90 14
183 91 14
183 92 14
183 93 14
183 94 14
183 95 14
183 96 14
183 97 14
183 98 14
183 99 14
184 87 14
184 88 14
184 89 14
184 90 14
184 91 14
184 92 14
184 93 14
184 94 14
184 95 14
184 96 14
184 97 14
184 98 14
184 99 14
185 87 14
185 88 14
185 89 14
185 90 14
185 91 14
185 92 14
185 93 14
185 94 14
185 95 14
185 96 14
185 97 14
185 98 14
185 99 14
186 87 14
186 88 14
186 89 14
186 90 14
186 91 14
186 92 14
186 93 14
186 94 14
186 95 14
186 96 14
186 97 14
186 98 14
186 99 14
187 87 14
187 88 14
187 89 14
187 90 14
187 91 14
187 92 14
187 93 14
187 94 14
187 95 14
187 96 14
187 97 14
187 98 14
187 99 14
188 87 14
188 88 14
188 89 14
188 90 14
188 91 14
188 92 14
188 93 14
188 94 14
188 95 14
188 96 14
188 97 14
188 98 14
188 99 14
189 87 14
189 88 14
189 89 14
189 90 14
189 91 14
189 92 14
189 93 14
189 94 14
189 95 14
189 96 14
189 97 14
189 98 14
189 99 14
190 87 14
190 88 14
190 89 14
190 90 14
190 91 14
190 92 14
190 93 14
190 94 14
190 95 14
190 96 14
190 97 14
190 98 14
190 99 14
::BONUS-> END
::COIN-> BEGIN
107 96
107 97
108 96
108 97
121 97
121 98
122 97
122 98
147 96
148 96
168 93
168 94
169 93
169 94
169 95
170 94
170 95
170 96
171 95
171 96
171 97
172 96
172 97
173 96
173 97
174 96
174 97
175 96
175 97
176 96
176 97
177 96
177 97
178 96
178 97
::COIN-> END
FIRECIRCLE 16 97 6
FIRECIRCLE 30 97 6
FIRECIRCLE 33 94 6
FIRECIRCLE 38 99 6
KILLERBLUME 64 96
FIRE 66 98
FIRE 67 98
FIRE 68 98
FIRE 69 98
FIRECIRCLE 70 90 8
KILLERBLUME 70 95
FIRE 72 98
FIRE 73 98
FIRE 74 98
KILLERBLUME 75 95
FIRE 152 98
FIRE 153 98
FIRE 154 98
FIRE 155 98
FIRE 156 98
FIRE 157 98
FIRE 158 98
FIRE 159 98
FIRE 160 98
FIRE 161 98
FIRE 162 98
FIRE 163 98
FIRE 164 98
FIRE 165 98
FIRE 166 98
START 0 216 3679 1
EXIT 0 7100 3834 data/levels/old/2/main 0 4 0
START 1 0 0 0
EXIT 1 0 0 NONE 0 1 0
START 2 0 0 0
EXIT 2 0 0 NONE 0 1 0
START 3 0 0 0
EXIT 3 0 0 NONE 0 1 0
START 4 0 0 0
EXIT 4 0 0 NONE 0 1 0
BGCOLOR 2000030
RESTART data/levels/old/2/main

BOWSER 152 92 0

MUSIC castle.mid

BACKGROUND data/gfx/background/bowsercastle.jpg
