# Level for Mega Mario

TEXTURE data/gfx/tiles/ground/stone0.png
TEXTURE data/gfx/tiles/ground/stone1.png
TEXTURE data/gfx/tiles/ground/stone2.png
TEXTURE data/gfx/tiles/ground/stone3.png
TEXTURE data/gfx/tiles/ground/sand.png
TEXTURE data/gfx/tiles/ground/metal.png
TEXTURE data/gfx/tiles/ground/stone4.png
TEXTURE data/gfx/tiles/pipes/up/1.png
TEXTURE data/gfx/tiles/pipes/up/2.png
TEXTURE data/gfx/tiles/pipes/up/3.png
TEXTURE data/gfx/tiles/pipes/up/4.png
TEXTURE data/gfx/tiles/pipes/down/1.png
TEXTURE data/gfx/tiles/pipes/down/2.png
TEXTURE data/gfx/tiles/pipes/down/3.png
TEXTURE data/gfx/tiles/pipes/down/4.png
TEXTURE data/gfx/tiles/pipes/right/1.png
TEXTURE data/gfx/tiles/pipes/right/2.png
TEXTURE data/gfx/tiles/pipes/right/3.png
TEXTURE data/gfx/tiles/pipes/right/4.png
TEXTURE data/gfx/tiles/pipes/left/1.png
TEXTURE data/gfx/tiles/pipes/left/2.png
TEXTURE data/gfx/tiles/pipes/left/3.png
TEXTURE data/gfx/tiles/pipes/left/4.png
TEXTURE data/gfx/tiles/cannonset1.png
TEXTURE data/gfx/tiles/cannonset2.png
TEXTURE data/gfx/tiles/ground/bricks.png
TEXTURE data/gfx/tiles/ground/bricks2.png
TEXTURE data/gfx/tiles/ground/stone6.png
TEXTURE data/gfx/tiles/ground/snowy.png
::TILES-> BEGIN
1 99 3
2 99 3
3 99 3
4 99 3
5 99 3
6 99 3
7 99 3
8 99 3
9 99 3
10 99 3
11 99 3
12 99 3
13 99 3
14 99 3
15 99 3
16 99 3
17 99 3
18 99 3
19 99 3
20 99 3
21 99 3
22 99 3
23 99 3
24 97 9
24 98 11
24 99 3
25 97 8
25 98 10
25 99 3
26 99 3
27 99 3
28 99 3
29 99 3
30 99 3
31 99 3
32 99 3
33 99 3
34 96 9
34 97 11
34 98 11
34 99 3
35 96 8
35 97 10
35 98 10
35 99 3
36 99 3
37 99 3
38 99 3
39 99 3
40 99 3
41 99 3
42 99 3
43 99 3
44 95 9
44 96 11
44 97 11
44 98 11
44 99 3
45 95 8
45 96 10
45 97 10
45 98 10
45 99 3
46 99 3
47 99 3
48 99 3
49 99 3
50 99 3
51 99 3
52 99 3
53 99 3
54 99 3
55 99 3
56 95 9
56 96 11
56 97 11
56 98 11
56 99 3
57 95 8
57 96 10
57 97 10
57 98 10
57 99 3
58 99 3
59 99 3
60 99 3
61 99 3
62 99 3
63 99 3
64 99 3
65 99 3
66 99 3
67 99 3
68 99 3
71 99 3
72 99 3
73 99 3
74 99 3
75 99 3
76 99 3
77 99 3
78 99 3
79 99 3
80 99 3
81 99 3
82 99 3
83 99 3
84 99 3
85 99 3
89 98 7
89 99 29
90 99 29
91 99 29
92 99 29
93 99 29
94 99 29
95 99 29
96 99 29
97 99 29
98 99 29
99 99 29
100 99 29
101 99 29
102 99 29
103 99 29
104 99 29
105 99 29
106 99 29
107 99 29
108 99 29
109 99 29
110 99 29
111 99 29
112 99 29
113 99 29
114 99 29
115 99 29
116 99 29
117 99 29
118 99 29
119 99 29
120 99 29
121 99 29
122 99 29
123 99 29
124 99 29
125 99 29
126 99 29
127 99 29
128 99 29
129 99 29
130 99 29
131 99 29
132 99 29
133 99 29
134 99 29
135 99 29
136 99 29
137 99 29
138 99 29
139 99 29
140 99 29
141 98 7
141 99 29
142 97 7
142 98 7
142 99 29
143 96 7
143 97 7
143 98 7
143 99 29
144 95 7
144 96 7
144 97 7
144 98 7
144 99 29
145 99 29
146 99 29
147 95 7
147 96 7
147 97 7
147 98 7
147 99 29
148 96 7
148 97 7
148 98 7
148 99 29
149 97 7
149 98 7
149 99 29
150 98 7
150 99 29
151 99 29
152 99 29
153 99 29
154 99 29
155 99 29
156 99 29
157 99 29
158 98 7
158 99 29
159 97 7
159 98 7
159 99 29
160 96 7
160 97 7
160 98 7
160 99 29
161 95 7
161 96 7
161 97 7
161 98 7
161 99 29
162 95 7
162 96 7
162 97 7
162 98 7
162 99 29
165 95 7
165 96 7
165 97 7
165 98 7
165 99 29
166 96 7
166 97 7
166 98 7
166 99 29
167 97 7
167 98 7
167 99 29
168 98 7
168 99 29
169 99 29
170 99 29
171 99 29
172 97 9
172 98 11
172 99 29
173 97 8
173 98 10
173 99 29
174 99 29
175 99 29
176 99 29
177 99 29
178 99 29
179 99 29
180 99 29
181 99 29
182 99 29
183 99 29
184 99 29
185 97 9
185 98 11
185 99 29
186 97 8
186 98 10
186 99 29
187 98 7
187 99 29
188 97 7
188 98 7
188 99 29
189 96 7
189 97 7
189 98 7
189 99 29
190 95 7
190 96 7
190 97 7
190 98 7
190 99 29
191 94 7
191 95 7
191 96 7
191 97 7
191 98 7
191 99 29
192 93 7
192 94 7
192 95 7
192 96 7
192 97 7
192 98 7
192 99 29
193 92 7
193 93 7
193 94 7
193 95 7
193 96 7
193 97 7
193 98 7
193 99 29
194 91 7
194 92 7
194 93 7
194 94 7
194 95 7
194 96 7
194 97 7
194 98 7
194 99 29
195 91 7
195 92 7
195 93 7
195 94 7
195 95 7
195 96 7
195 97 7
195 98 7
195 99 29
196 91 7
196 92 7
196 93 7
196 94 7
196 95 7
196 96 7
196 97 7
196 98 7
196 99 29
197 99 29
198 99 29
199 99 29
200 99 29
201 99 29
202 99 29
203 99 29
204 99 29
205 99 29
206 99 29
207 99 29
208 99 29
209 99 29
210 98 7
210 99 29
211 99 29
212 99 29
213 99 29
214 99 29
215 99 29
216 99 29
217 99 29
218 99 29
219 99 29
220 99 29
221 99 29
222 99 29
223 99 29
224 99 29
225 99 29
226 99 29
227 99 29
228 99 29
229 99 29
230 99 29
231 99 29
232 99 29
233 99 29
234 99 29
235 99 29
236 99 29
237 99 29
238 99 29
239 99 29
240 99 29
241 99 29
242 99 29
243 99 29
244 99 29
245 99 29
246 99 29
247 99 29
248 99 29
249 99 29
250 99 29
251 99 29
252 99 29
253 99 29
254 99 29
255 99 29
256 99 29
257 99 29
258 38 29
258 39 29
258 40 29
258 41 29
258 42 29
258 43 29
258 44 29
258 45 29
258 46 29
258 47 29
258 48 29
258 49 29
258 50 29
258 51 29
258 52 29
258 53 29
258 54 29
258 55 29
258 56 29
258 57 29
258 58 29
258 59 29
258 60 29
258 61 29
258 62 29
258 63 29
258 64 29
258 65 29
258 66 29
258 67 29
258 68 29
258 69 29
258 70 29
258 71 29
258 72 29
258 73 29
258 74 29
258 75 29
258 76 29
258 77 29
258 78 29
258 79 29
258 80 29
258 81 29
258 82 29
258 83 29
258 84 29
258 85 29
258 86 29
258 87 29
258 88 29
258 89 29
258 90 29
258 91 29
258 92 29
258 93 29
258 94 29
258 95 29
258 96 29
258 97 29
258 98 29
258 99 29
::TILES-> END
::BONUS-> BEGIN
12 95 16
16 95 1
17 95 2
18 91 16
18 95 1
19 95 16
20 95 1
64 95 15
76 95 1
77 95 16
78 95 1
79 91 1
80 91 1
81 91 1
82 91 1
83 91 1
84 91 1
85 91 1
86 91 1
87 91 1
88 91 1
89 91 1
93 91 1
94 91 1
95 91 1
96 91 16
96 95 1
103 95 1
104 95 1
110 95 16
113 91 2
113 95 16
116 95 16
123 95 1
126 91 1
127 91 1
128 91 1
129 91 1
130 91 1
135 91 1
136 91 16
136 95 1
137 91 16
137 95 1
138 91 1
177 95 1
178 95 1
179 95 16
180 95 1
197 91 15
198 91 15
199 91 15
200 91 15
201 91 15
202 91 15
203 91 15
204 91 15
205 91 15
206 91 15
207 91 15
208 91 15
209 70 15
209 71 15
209 72 15
209 73 15
209 74 15
209 75 15
209 76 15
209 77 15
209 78 15
209 79 15
209 80 15
209 81 15
209 82 15
209 83 15
209 84 15
209 85 15
209 86 15
209 87 15
209 88 15
209 89 15
209 90 15
209 91 15
::BONUS-> END
::COIN-> BEGIN
208 90
::COIN-> END
GOOMBA 21 98
GOOMBA 40 98
GOOMBA 50 98
GOOMBA 51 98
GOOMBA 89 90
TURTLE 111 97
GOOMBA 119 98
GOOMBA 120 98
GOOMBA 136 98
GOOMBA 137 98
GOOMBA 178 98
GOOMBA 179 98
RESTART data/levels/old/2/main
START 0 85 3865 0
EXIT 0 2274 3791 data/levels/old/2/1 0 0
START 1 6898 3803 4
EXIT 1 0 0 NONE 0 0
START 2 0 0 0
EXIT 2 0 0 NONE 0 0
START 3 0 0 0
EXIT 3 0 0 NONE 0 0
START 4 0 0 0
EXIT 4 8326 3608 data/levels/old/2/castle 0 1
BGCOLOR 2000030

CASTLE 8398 3602 0 data/levels/old/2/castle 0
MUSIC megamusic.mid
#if you want a big static background:
#BACKGROUND data/gfx/background/VH.jpg

