# Level for Mega Mario

TEXTURE data/gfx/tiles/ground/stone0.png
TEXTURE data/gfx/tiles/ground/stone1.png
TEXTURE data/gfx/tiles/ground/stone2.png
TEXTURE data/gfx/tiles/ground/stone3.png
TEXTURE data/gfx/tiles/ground/sand.png
TEXTURE data/gfx/tiles/ground/metal.png
TEXTURE data/gfx/tiles/cannonset1.png
TEXTURE data/gfx/tiles/cannonset2.png
TEXTURE data/gfx/tiles/pipes/up/1.png
TEXTURE data/gfx/tiles/pipes/up/2.png
TEXTURE data/gfx/tiles/pipes/up/3.png
TEXTURE data/gfx/tiles/pipes/up/4.png
TEXTURE data/gfx/tiles/pipes/down/1.png
TEXTURE data/gfx/tiles/pipes/down/2.png
TEXTURE data/gfx/tiles/pipes/down/3.png
TEXTURE data/gfx/tiles/pipes/down/4.png
TEXTURE data/gfx/tiles/pipes/right/1.png
TEXTURE data/gfx/tiles/pipes/right/2.png
TEXTURE data/gfx/tiles/pipes/right/3.png
TEXTURE data/gfx/tiles/pipes/right/4.png
TEXTURE data/gfx/tiles/pipes/left/1.png
TEXTURE data/gfx/tiles/pipes/left/2.png
TEXTURE data/gfx/tiles/pipes/left/3.png
TEXTURE data/gfx/tiles/pipes/left/4.png
::TILES-> BEGIN
1 1 1
1 97 5
1 98 5
1 99 5
2 97 5
2 98 5
2 99 5
3 97 5
3 98 5
3 99 5
4 97 5
4 98 5
4 99 5
5 97 5
5 98 5
5 99 5
6 97 5
6 98 5
6 99 5
7 97 5
7 98 5
7 99 5
8 97 5
8 98 5
8 99 5
9 97 5
9 98 5
9 99 5
10 97 5
10 98 5
10 99 5
11 97 5
11 98 5
11 99 5
12 97 5
12 98 5
12 99 5
13 97 5
13 98 5
13 99 5
14 97 5
14 98 5
14 99 5
15 97 5
15 98 5
15 99 5
16 97 5
16 98 5
16 99 5
17 97 5
17 98 5
17 99 5
18 97 5
18 98 5
18 99 5
19 97 5
19 98 5
19 99 5
20 97 5
20 98 5
20 99 5
21 94 10
21 95 12
21 96 12
21 97 5
21 98 5
21 99 5
22 94 9
22 95 11
22 96 11
22 97 5
22 98 5
22 99 5
23 97 5
23 98 5
23 99 5
24 97 5
24 98 5
24 99 5
25 97 5
25 98 5
25 99 5
26 97 5
26 98 5
26 99 5
27 97 5
27 98 5
27 99 5
28 97 5
28 98 5
28 99 5
29 97 5
29 98 5
29 99 5
30 97 5
30 98 5
30 99 5
31 97 5
31 98 5
31 99 5
32 97 5
32 98 5
32 99 5
33 97 5
33 98 5
33 99 5
34 97 5
34 98 5
34 99 5
35 97 5
35 98 5
35 99 5
36 97 5
36 98 5
36 99 5
37 97 5
37 98 5
37 99 5
38 97 5
38 98 5
38 99 5
39 97 5
39 98 5
39 99 5
40 97 5
40 98 5
40 99 5
41 97 5
41 98 5
41 99 5
42 97 5
42 98 5
42 99 5
43 97 5
43 98 5
43 99 5
47 97 5
47 98 5
47 99 5
48 97 5
48 98 5
48 99 5
49 97 5
49 98 5
49 99 5
50 97 5
50 98 5
50 99 5
51 96 1
51 97 5
51 98 5
51 99 5
52 97 5
52 98 5
52 99 5
53 97 5
53 98 5
53 99 5
54 97 5
54 98 5
54 99 5
55 97 5
55 98 5
55 99 5
56 78 1
56 79 1
56 80 15
56 81 15
56 82 15
56 83 15
56 84 15
56 85 15
56 86 15
56 87 15
56 88 15
56 89 15
56 90 15
56 91 13
56 97 5
56 98 5
56 99 5
57 78 1
57 79 1
57 80 16
57 81 16
57 82 16
57 83 16
57 84 16
57 85 16
57 86 16
57 87 16
57 88 16
57 89 16
57 90 16
57 91 14
57 97 5
57 98 5
57 99 5
58 97 5
58 98 5
58 99 5
59 97 5
59 98 5
59 99 5
60 97 5
60 98 5
60 99 5
61 97 5
61 98 5
61 99 5
62 97 5
62 98 5
62 99 5
63 96 1
63 97 5
63 98 5
63 99 5
64 97 5
64 98 5
64 99 5
65 97 5
65 98 5
65 99 5
66 97 5
66 98 5
66 99 5
67 97 5
67 98 5
67 99 5
68 97 5
68 98 5
68 99 5
69 97 5
69 98 5
69 99 5
70 97 5
70 98 5
70 99 5
71 97 5
71 98 5
71 99 5
72 97 5
72 98 5
72 99 5
73 97 5
73 98 5
73 99 5
74 96 1
74 97 5
74 98 5
74 99 5
75 97 5
75 98 5
75 99 5
76 97 5
76 98 5
76 99 5
77 97 5
77 98 5
77 99 5
78 97 5
78 98 5
78 99 5
79 97 5
79 98 5
79 99 5
80 97 5
80 98 5
80 99 5
81 97 5
81 98 5
81 99 5
82 97 5
82 98 5
82 99 5
83 97 5
83 98 5
83 99 5
84 97 5
84 98 5
84 99 5
85 97 5
85 98 5
85 99 5
86 83 15
86 84 15
86 85 15
86 86 15
86 87 15
86 88 15
86 89 15
86 90 15
86 91 15
86 92 15
86 93 13
86 97 5
86 98 5
86 99 5
87 83 16
87 84 16
87 85 16
87 86 16
87 87 16
87 88 16
87 89 16
87 90 16
87 91 16
87 92 16
87 93 14
87 97 5
87 98 5
87 99 5
88 97 5
88 98 5
88 99 5
89 97 5
89 98 5
89 99 5
90 97 5
90 98 5
90 99 5
91 97 5
91 98 5
91 99 5
92 97 5
92 98 5
92 99 5
93 97 5
93 98 5
93 99 5
94 97 5
94 98 5
94 99 5
95 97 5
95 98 5
95 99 5
96 97 5
96 98 5
96 99 5
97 85 15
97 86 15
97 87 15
97 88 15
97 89 15
97 90 15
97 91 15
97 92 15
97 93 13
97 97 1
97 98 5
97 99 5
98 83 16
98 84 16
98 85 16
98 86 16
98 87 16
98 88 16
98 89 16
98 90 16
98 91 16
98 92 16
98 93 14
98 97 1
98 98 1
98 99 5
99 97 1
99 98 1
99 99 1
100 97 6
100 98 6
100 99 6
102 97 6
102 98 6
102 99 6
104 97 6
104 98 6
104 99 6
106 97 6
106 98 6
106 99 6
107 97 1
107 98 1
107 99 1
108 97 1
108 98 1
108 99 5
109 97 1
109 98 5
109 99 5
110 97 1
110 98 5
110 99 5
111 97 5
111 98 5
111 99 5
112 97 5
112 98 5
112 99 5
113 97 5
113 98 5
113 99 5
114 97 5
114 98 5
114 99 5
115 97 5
115 98 5
115 99 5
116 97 5
116 98 5
116 99 5
117 97 5
117 98 5
117 99 5
118 97 5
118 98 5
118 99 5
119 97 5
119 98 5
119 99 5
120 97 5
120 98 5
120 99 5
121 97 5
121 98 5
121 99 5
122 97 5
122 98 5
122 99 5
123 97 5
123 98 5
123 99 5
124 97 5
124 98 5
124 99 5
125 97 5
125 98 5
125 99 5
126 97 5
126 98 5
126 99 5
127 97 5
127 98 5
127 99 5
128 97 5
128 98 5
128 99 5
129 97 1
129 98 5
129 99 5
130 97 1
130 98 1
130 99 5
131 97 1
131 98 1
131 99 1
132 97 1
133 97 1
133 98 6
133 99 6
134 97 1
135 97 1
135 98 6
135 99 6
136 97 1
137 97 1
137 98 6
137 99 6
138 97 1
139 97 1
139 98 6
139 99 6
140 97 1
141 97 1
141 98 6
141 99 6
142 97 1
143 97 1
143 98 1
143 99 1
144 97 1
144 98 1
144 99 5
145 97 1
145 98 5
145 99 5
146 97 5
146 98 5
146 99 5
147 97 5
147 98 5
147 99 5
148 97 5
148 98 5
148 99 5
149 97 5
149 98 5
149 99 5
150 97 5
150 98 5
150 99 5
151 97 5
151 98 5
151 99 5
152 97 5
152 98 5
152 99 5
153 97 5
153 98 5
153 99 5
154 97 5
154 98 5
154 99 5
155 97 5
155 98 5
155 99 5
156 97 5
156 98 5
156 99 5
157 97 5
157 98 5
157 99 5
158 97 5
158 98 5
158 99 5
159 97 5
159 98 5
159 99 5
160 97 5
160 98 5
160 99 5
161 97 5
161 98 5
161 99 5
162 97 5
162 98 5
162 99 5
163 97 5
163 98 5
163 99 5
164 97 5
164 98 5
164 99 5
165 97 5
165 98 5
165 99 5
166 97 5
166 98 5
166 99 5
167 97 5
167 98 5
167 99 5
168 97 5
168 98 5
168 99 5
169 97 5
169 98 5
169 99 5
170 97 4
170 98 5
170 99 5
171 97 5
171 98 5
171 99 5
172 97 4
172 98 5
172 99 5
173 97 5
173 98 5
173 99 5
174 87 1
174 97 5
174 98 5
174 99 5
175 87 1
175 88 1
175 97 4
175 98 5
175 99 5
176 87 1
176 88 1
176 89 1
176 97 5
176 98 5
176 99 5
177 87 1
177 88 1
177 89 5
177 90 1
177 97 4
177 98 5
177 99 5
178 87 1
178 88 1
178 89 5
178 90 5
178 91 1
178 97 4
178 98 5
178 99 5
179 87 1
179 88 1
179 89 5
179 90 5
179 91 5
179 92 1
179 97 4
179 98 5
179 99 5
180 87 1
180 88 5
180 89 5
180 90 5
180 91 5
180 92 5
180 97 4
180 98 5
180 99 5
181 87 5
181 88 5
181 89 5
181 90 5
181 91 5
181 92 5
181 97 4
181 98 5
181 99 5
182 87 5
182 88 5
182 89 5
182 90 5
182 91 5
182 92 5
182 97 4
182 98 5
182 99 5
183 87 5
183 88 5
183 89 5
183 90 5
183 91 5
183 92 5
183 97 4
183 98 5
183 99 5
184 87 5
184 88 5
184 89 5
184 90 5
184 91 5
184 92 5
184 97 4
184 98 5
184 99 5
185 87 5
185 88 5
185 89 5
185 90 5
185 91 5
185 92 5
185 97 4
185 98 5
185 99 5
186 87 5
186 88 5
186 89 5
186 90 5
186 91 5
186 92 5
186 97 4
186 98 5
186 99 5
187 87 5
187 88 5
187 89 5
187 90 5
187 91 5
187 92 5
187 97 4
187 98 5
187 99 5
188 87 5
188 88 5
188 89 5
188 90 5
188 91 5
188 92 5
188 97 4
188 98 5
188 99 5
189 87 5
189 88 5
189 89 5
189 90 5
189 91 5
189 92 5
189 97 4
189 98 5
189 99 5
190 87 5
190 88 5
190 89 5
190 90 5
190 91 5
190 92 5
190 97 4
190 98 5
190 99 5
191 87 5
191 88 5
191 89 5
191 90 5
191 91 5
191 92 5
191 97 4
191 98 5
191 99 5
192 87 5
192 88 5
192 89 5
192 90 5
192 91 5
192 92 5
192 97 4
192 98 5
192 99 5
193 87 5
193 88 5
193 89 5
193 90 5
193 91 5
193 92 5
193 97 4
193 98 5
193 99 5
194 87 5
194 88 5
194 89 5
194 90 5
194 91 5
194 92 5
194 97 4
194 98 5
194 99 5
195 87 5
195 88 5
195 89 5
195 90 5
195 91 5
195 92 5
195 97 4
195 98 5
195 99 5
196 87 5
196 88 5
196 89 5
196 90 5
196 91 5
196 92 5
196 97 4
196 98 5
196 99 5
197 87 5
197 88 5
197 89 5
197 90 5
197 91 5
197 92 5
197 97 4
197 98 5
197 99 5
198 87 5
198 88 5
198 89 5
198 90 5
198 91 5
198 92 5
198 97 4
198 98 5
198 99 5
199 87 5
199 88 5
199 89 5
199 90 5
199 91 5
199 92 5
199 97 4
199 98 5
199 99 5
200 87 5
200 88 5
200 89 5
200 90 5
200 91 5
200 92 5
200 97 4
200 98 5
200 99 5
201 87 5
201 88 5
201 89 5
201 90 5
201 91 5
201 92 5
201 97 4
201 98 5
201 99 5
202 87 5
202 88 5
202 89 5
202 90 5
202 91 5
202 92 5
202 97 4
202 98 5
202 99 5
203 87 5
203 88 5
203 89 5
203 90 5
203 91 5
203 92 5
203 97 4
203 98 5
203 99 5
204 87 5
204 88 5
204 89 5
204 90 5
204 91 5
204 92 5
204 97 4
204 98 5
204 99 5
205 87 5
205 88 5
205 89 5
205 90 5
205 91 5
205 92 5
205 97 4
205 98 5
205 99 5
206 87 5
206 88 5
206 89 5
206 90 5
206 91 5
206 92 5
206 97 4
206 98 5
206 99 5
207 87 5
207 88 5
207 89 5
207 90 5
207 91 5
207 92 5
207 97 4
207 98 5
207 99 5
208 87 5
208 88 5
208 89 5
208 90 5
208 91 5
208 92 5
208 97 4
208 98 5
208 99 5
209 87 5
209 88 5
209 89 5
209 90 5
209 91 5
209 92 5
209 97 4
209 98 5
209 99 5
210 87 5
210 88 5
210 89 5
210 90 5
210 91 5
210 92 5
210 97 4
210 98 5
210 99 5
211 87 5
211 88 5
211 89 5
211 90 5
211 91 5
211 92 5
211 97 4
211 98 5
211 99 5
212 87 5
212 88 5
212 89 5
212 90 5
212 91 5
212 92 5
212 97 4
212 98 5
212 99 5
213 87 5
213 88 5
213 89 5
213 90 5
213 91 5
213 92 5
213 97 4
213 98 5
213 99 5
214 87 5
214 88 5
214 89 5
214 90 5
214 91 5
214 92 5
214 97 4
214 98 5
214 99 5
215 87 5
215 88 5
215 89 5
215 90 5
215 91 5
215 92 5
215 97 4
215 98 5
215 99 5
216 87 5
216 88 5
216 89 5
216 90 5
216 91 5
216 92 5
216 97 4
216 98 5
216 99 5
217 87 5
217 88 5
217 89 5
217 90 5
217 91 5
217 92 5
217 97 4
217 98 5
217 99 5
218 87 5
218 88 5
218 89 5
218 90 5
218 91 5
218 92 5
218 97 4
218 98 5
218 99 5
219 87 5
219 88 5
219 89 5
219 90 5
219 91 5
219 92 5
219 97 4
219 98 5
219 99 5
220 87 5
220 88 5
220 89 5
220 90 5
220 91 5
220 92 5
220 97 4
220 98 5
220 99 5
221 87 5
221 88 5
221 89 5
221 90 5
221 91 5
221 92 5
221 97 4
221 98 5
221 99 5
222 87 5
222 88 5
222 89 5
222 90 5
222 91 5
222 92 5
222 97 4
222 98 5
222 99 5
223 87 5
223 88 5
223 89 5
223 90 5
223 91 5
223 92 5
223 97 4
223 98 5
223 99 5
224 87 5
224 88 5
224 89 5
224 90 5
224 91 5
224 92 5
224 97 4
224 98 5
224 99 5
225 87 5
225 88 5
225 89 5
225 90 5
225 91 5
225 92 5
225 97 4
225 98 5
225 99 5
226 87 5
226 88 5
226 89 5
226 90 5
226 91 5
226 92 5
226 97 4
226 98 5
226 99 5
227 87 5
227 88 5
227 89 5
227 90 5
227 91 5
227 92 5
227 97 4
227 98 5
227 99 5
228 87 5
228 88 5
228 89 5
228 90 5
228 91 5
228 92 5
228 97 4
228 98 5
228 99 5
229 87 5
229 88 5
229 89 5
229 90 5
229 91 5
229 92 5
229 97 4
229 98 5
229 99 5
230 87 5
230 88 5
230 89 5
230 90 5
230 91 5
230 92 5
230 97 4
230 98 5
230 99 5
231 87 5
231 88 5
231 89 5
231 90 5
231 91 5
231 92 5
231 97 4
231 98 5
231 99 5
232 87 5
232 88 5
232 89 5
232 90 5
232 91 5
232 92 5
232 97 4
232 98 5
232 99 5
233 87 5
233 88 5
233 89 5
233 90 5
233 91 5
233 92 5
233 97 4
233 98 5
233 99 5
234 87 5
234 88 5
234 89 5
234 90 5
234 91 5
234 92 5
234 97 4
234 98 5
234 99 5
235 87 5
235 88 5
235 89 5
235 90 5
235 91 5
235 92 5
235 97 4
235 98 5
235 99 5
236 87 5
236 88 5
236 89 5
236 90 5
236 91 5
236 92 5
236 97 4
236 98 5
236 99 5
237 87 5
237 88 5
237 89 5
237 90 5
237 91 5
237 92 5
237 97 4
237 98 5
237 99 5
238 87 5
238 88 5
238 89 5
238 90 5
238 91 5
238 92 5
238 97 4
238 98 5
238 99 5
239 87 5
239 88 5
239 89 5
239 90 5
239 91 5
239 92 5
239 97 4
239 98 5
239 99 5
240 87 5
240 88 5
240 89 5
240 90 5
240 91 5
240 92 5
240 97 4
240 98 5
240 99 5
241 87 5
241 88 5
241 89 5
241 90 5
241 91 5
241 92 5
241 97 4
241 98 5
241 99 5
242 87 5
242 88 5
242 89 5
242 90 5
242 91 5
242 92 5
242 97 4
242 98 5
242 99 5
243 87 5
243 88 5
243 89 5
243 90 5
243 91 5
243 92 5
243 97 4
243 98 5
243 99 5
244 87 5
244 88 5
244 89 5
244 90 5
244 91 5
244 92 5
244 97 4
244 98 5
244 99 5
245 87 5
245 88 5
245 89 5
245 90 5
245 91 5
245 92 5
245 97 4
245 98 5
245 99 5
246 87 5
246 88 5
246 89 5
246 90 5
246 91 5
246 92 5
246 97 4
246 98 5
246 99 5
247 87 5
247 88 5
247 89 5
247 90 5
247 91 5
247 92 5
247 97 4
247 98 5
247 99 5
248 87 5
248 88 5
248 89 5
248 90 5
248 91 5
248 92 5
248 97 4
248 98 5
248 99 5
249 87 5
249 88 5
249 89 5
249 90 5
249 91 5
249 92 5
249 97 4
249 98 5
249 99 5
250 87 5
250 88 5
250 89 5
250 90 5
250 91 5
250 92 5
250 97 4
250 98 5
250 99 5
251 87 5
251 88 5
251 89 5
251 90 5
251 91 5
251 92 5
251 97 4
251 98 5
251 99 5
252 87 5
252 88 5
252 89 5
252 90 5
252 91 5
252 92 5
252 97 4
252 98 5
252 99 5
253 87 5
253 88 5
253 89 5
253 90 5
253 91 5
253 92 5
253 97 4
253 98 5
253 99 5
254 87 5
254 88 5
254 89 5
254 90 5
254 91 5
254 92 5
254 97 4
254 98 5
254 99 5
255 87 5
255 88 5
255 89 5
255 90 5
255 91 5
255 92 5
255 97 4
255 98 5
255 99 5
256 87 5
256 88 5
256 89 5
256 90 5
256 91 5
256 92 5
256 97 4
256 98 5
256 99 5
257 87 5
257 88 5
257 89 5
257 90 5
257 91 5
257 92 5
257 97 4
257 98 5
257 99 5
258 87 5
258 88 5
258 89 5
258 90 5
258 91 5
258 92 5
258 97 4
258 98 5
258 99 5
259 87 5
259 88 5
259 89 5
259 90 5
259 91 5
259 92 5
259 97 4
259 98 5
259 99 5
260 87 5
260 88 5
260 89 5
260 90 5
260 91 5
260 92 5
260 97 4
260 98 5
260 99 5
261 87 5
261 88 5
261 89 5
261 90 5
261 91 5
261 92 5
261 97 4
261 98 5
261 99 5
262 87 5
262 88 5
262 89 5
262 90 5
262 91 5
262 92 5
262 97 4
262 98 5
262 99 5
263 87 5
263 88 5
263 89 5
263 90 5
263 91 5
263 92 5
263 97 4
263 98 5
263 99 5
264 87 5
264 88 5
264 89 5
264 90 5
264 91 5
264 92 5
264 97 4
264 98 5
264 99 5
265 87 5
265 88 5
265 89 5
265 90 5
265 91 5
265 92 5
265 97 4
265 98 5
265 99 5
266 87 5
266 88 5
266 89 5
266 90 5
266 91 5
266 92 5
266 97 4
266 98 5
266 99 5
267 87 5
267 88 5
267 89 5
267 90 5
267 91 5
267 92 5
267 97 4
267 98 5
267 99 5
268 87 5
268 88 5
268 89 5
268 90 5
268 91 5
268 92 5
268 97 4
268 98 5
268 99 5
269 87 5
269 88 5
269 89 5
269 90 5
269 91 5
269 92 5
269 97 4
269 98 5
269 99 5
270 87 5
270 88 5
270 89 5
270 90 5
270 91 5
270 92 5
270 97 4
270 98 5
270 99 5
271 87 5
271 88 5
271 89 5
271 90 5
271 91 5
271 92 5
271 97 4
271 98 5
271 99 5
272 87 5
272 88 5
272 89 5
272 90 5
272 91 5
272 92 5
272 97 4
272 98 5
272 99 5
273 87 5
273 88 5
273 89 5
273 90 5
273 91 5
273 92 5
273 97 4
273 98 5
273 99 5
274 87 5
274 88 5
274 89 5
274 90 5
274 91 5
274 92 5
274 97 4
274 98 5
274 99 5
275 87 5
275 88 5
275 89 5
275 90 5
275 91 5
275 92 5
275 97 4
275 98 5
275 99 5
276 87 5
276 88 5
276 89 5
276 90 5
276 91 5
276 92 5
276 97 4
276 98 5
276 99 5
277 87 5
277 88 5
277 89 5
277 90 5
277 91 5
277 92 5
277 97 4
277 98 5
277 99 5
278 87 5
278 88 5
278 89 5
278 90 5
278 91 5
278 92 5
278 97 4
278 98 5
278 99 5
279 87 5
279 88 5
279 89 5
279 90 5
279 91 5
279 92 5
279 97 4
279 98 5
279 99 5
280 87 5
280 88 5
280 89 5
280 90 5
280 91 5
280 92 5
280 97 4
280 98 5
280 99 5
281 87 5
281 88 5
281 89 5
281 90 5
281 91 5
281 92 5
281 97 4
281 98 5
281 99 5
282 87 5
282 88 5
282 89 5
282 90 5
282 91 5
282 92 5
282 97 4
282 98 5
282 99 5
283 87 5
283 88 5
283 89 5
283 90 5
283 91 5
283 92 5
283 97 4
283 98 5
283 99 5
284 87 5
284 88 5
284 89 5
284 90 5
284 91 5
284 92 5
284 97 4
284 98 5
284 99 5
285 87 5
285 88 5
285 89 5
285 90 5
285 91 5
285 92 5
285 97 4
285 98 5
285 99 5
286 87 5
286 88 5
286 89 5
286 90 5
286 91 5
286 92 5
286 97 4
286 98 5
286 99 5
287 87 5
287 88 5
287 89 5
287 90 5
287 91 5
287 92 5
287 97 4
287 98 5
287 99 5
288 87 5
288 88 5
288 89 5
288 90 5
288 91 5
288 92 5
288 97 4
288 98 5
288 99 5
289 87 5
289 88 5
289 89 5
289 90 5
289 91 5
289 92 5
289 97 4
289 98 5
289 99 5
290 87 5
290 88 5
290 89 5
290 90 5
290 91 5
290 92 5
290 97 4
290 98 5
290 99 5
291 87 5
291 88 5
291 89 5
291 90 5
291 91 5
291 92 5
291 97 4
291 98 5
291 99 5
292 87 5
292 88 5
292 89 5
292 90 5
292 91 5
292 92 5
292 97 4
292 98 5
292 99 5
293 87 5
293 88 5
293 89 5
293 90 5
293 91 5
293 92 5
293 97 4
293 98 5
293 99 5
294 87 5
294 88 5
294 89 5
294 90 5
294 91 5
294 92 5
294 97 4
294 98 5
294 99 5
295 87 5
295 88 5
295 89 5
295 90 5
295 91 5
295 92 5
295 97 4
295 98 5
295 99 5
296 87 5
296 88 5
296 89 5
296 90 5
296 91 5
296 92 5
296 97 4
296 98 5
296 99 5
297 87 5
297 88 5
297 89 5
297 90 5
297 91 5
297 92 5
297 97 4
297 98 5
297 99 5
298 87 5
298 88 5
298 89 5
298 90 5
298 91 5
298 92 5
298 97 4
298 98 5
298 99 5
299 87 5
299 88 5
299 89 5
299 90 5
299 91 5
299 92 5
299 97 4
299 98 5
299 99 5
300 87 5
300 88 5
300 89 5
300 90 5
300 91 5
300 92 5
300 97 4
300 98 5
300 99 5
301 87 5
301 88 5
301 89 5
301 90 5
301 91 5
301 92 5
301 97 4
301 98 5
301 99 5
302 87 5
302 88 5
302 89 5
302 90 5
302 91 5
302 92 5
302 97 4
302 98 5
302 99 5
303 87 5
303 88 5
303 89 5
303 90 5
303 91 5
303 92 5
303 97 4
303 98 5
303 99 5
304 87 5
304 88 5
304 89 5
304 90 5
304 91 5
304 92 5
304 97 4
304 98 5
304 99 5
305 87 5
305 88 5
305 89 5
305 90 5
305 91 5
305 92 5
305 97 4
305 98 5
305 99 5
306 87 5
306 88 5
306 89 5
306 90 5
306 91 5
306 92 5
306 97 4
306 98 5
306 99 5
307 87 5
307 88 5
307 89 5
307 90 5
307 91 5
307 92 5
307 97 4
307 98 5
307 99 5
308 87 5
308 88 5
308 89 5
308 90 5
308 91 5
308 92 5
308 97 4
308 98 5
308 99 5
309 87 5
309 88 5
309 89 5
309 90 5
309 91 5
309 92 5
309 97 4
309 98 5
309 99 5
310 87 5
310 88 5
310 89 5
310 90 5
310 91 5
310 92 5
310 97 4
310 98 5
310 99 5
311 87 5
311 88 5
311 89 5
311 90 5
311 91 5
311 92 5
311 97 4
311 98 5
311 99 5
312 87 5
312 88 5
312 89 5
312 90 5
312 91 5
312 92 5
312 97 4
312 98 5
312 99 5
313 87 5
313 88 5
313 89 5
313 90 5
313 91 5
313 92 5
313 97 4
313 98 5
313 99 5
314 87 5
314 88 5
314 89 5
314 90 5
314 91 5
314 92 5
314 97 4
314 98 5
314 99 5
315 87 5
315 88 5
315 89 5
315 90 5
315 91 5
315 92 5
315 97 4
315 98 5
315 99 5
316 87 5
316 88 5
316 89 5
316 90 5
316 91 5
316 92 5
316 97 4
316 98 5
316 99 5
317 87 5
317 88 5
317 89 5
317 90 5
317 91 5
317 92 5
317 97 4
317 98 5
317 99 5
318 87 5
318 88 5
318 89 5
318 90 5
318 91 5
318 92 5
318 97 4
318 98 5
318 99 5
319 87 5
319 88 5
319 89 5
319 90 5
319 91 5
319 92 5
319 97 4
319 98 5
319 99 5
320 87 5
320 88 5
320 89 5
320 90 5
320 91 5
320 92 5
320 97 4
320 98 5
320 99 5
321 87 5
321 88 5
321 89 5
321 90 5
321 91 5
321 92 5
321 97 4
321 98 5
321 99 5
322 87 5
322 88 5
322 89 5
322 90 5
322 91 5
322 92 5
322 97 4
322 98 5
322 99 5
323 87 5
323 88 5
323 89 5
323 90 5
323 91 5
323 92 5
323 97 4
323 98 5
323 99 5
324 87 5
324 88 5
324 89 5
324 90 5
324 91 5
324 92 5
324 97 4
324 98 5
324 99 5
325 87 5
325 88 5
325 89 5
325 90 5
325 91 5
325 92 5
325 97 4
325 98 5
325 99 5
326 87 5
326 88 5
326 89 5
326 90 5
326 91 5
326 92 5
326 97 4
326 98 5
326 99 5
327 87 5
327 88 5
327 89 5
327 90 5
327 91 5
327 92 5
327 97 4
327 98 5
327 99 5
328 87 5
328 88 5
328 89 5
328 90 5
328 91 5
328 92 5
328 97 4
328 98 5
328 99 5
329 87 5
329 88 5
329 89 5
329 90 5
329 91 5
329 92 5
329 97 4
329 98 5
329 99 5
330 87 5
330 88 5
330 89 5
330 90 5
330 91 5
330 92 5
330 97 4
330 98 5
330 99 5
331 87 5
331 88 5
331 89 5
331 90 5
331 91 5
331 92 5
331 97 4
331 98 5
331 99 5
332 87 5
332 88 5
332 89 5
332 90 5
332 91 5
332 92 5
332 97 4
332 98 5
332 99 5
333 87 5
333 88 5
333 89 5
333 90 5
333 91 5
333 92 5
333 97 4
333 98 5
333 99 5
334 87 5
334 88 5
334 89 5
334 90 5
334 91 5
334 92 5
334 97 4
334 98 5
334 99 5
335 87 5
335 88 5
335 89 5
335 90 5
335 91 5
335 92 5
335 97 4
335 98 5
335 99 5
336 87 5
336 88 5
336 89 5
336 90 5
336 91 5
336 92 5
336 97 4
336 98 5
336 99 5
337 87 5
337 88 5
337 89 5
337 90 5
337 91 5
337 92 5
337 97 4
337 98 5
337 99 5
338 87 5
338 88 5
338 89 5
338 90 5
338 91 5
338 92 5
338 97 4
338 98 5
338 99 5
339 87 5
339 88 5
339 89 5
339 90 5
339 91 5
339 92 5
339 97 4
339 98 5
339 99 5
340 87 5
340 88 5
340 89 5
340 90 5
340 91 5
340 92 5
340 97 4
340 98 5
340 99 5
341 87 5
341 88 5
341 89 5
341 90 5
341 91 5
341 92 5
341 97 4
341 98 5
341 99 5
342 87 5
342 88 5
342 89 5
342 90 5
342 91 5
342 92 5
342 97 4
342 98 5
342 99 5
343 87 5
343 88 5
343 89 5
343 90 5
343 91 5
343 92 5
343 97 4
343 98 5
343 99 5
344 87 5
344 88 5
344 89 5
344 90 5
344 91 5
344 92 5
344 97 4
344 98 5
344 99 5
345 87 5
345 88 5
345 89 5
345 90 5
345 91 5
345 92 5
345 97 4
345 98 5
345 99 5
346 87 5
346 88 5
346 89 5
346 90 5
346 91 5
346 92 5
346 97 4
346 98 5
346 99 5
347 87 5
347 88 5
347 89 5
347 90 5
347 91 5
347 92 5
347 97 4
347 98 5
347 99 5
348 87 5
348 88 5
348 89 5
348 90 5
348 91 5
348 92 5
348 97 4
348 98 5
348 99 5
349 87 5
349 88 5
349 89 5
349 90 5
349 91 5
349 92 5
349 97 4
349 98 1
349 99 5
350 87 5
350 88 5
350 89 5
350 90 5
350 91 5
350 92 5
350 97 4
350 98 1
350 99 1
351 87 5
351 88 5
351 89 5
351 90 5
351 91 5
351 92 5
351 97 4
351 98 1
351 99 1
352 87 5
352 88 5
352 89 5
352 90 5
352 91 5
352 92 1
352 97 4
353 87 5
353 88 5
353 89 5
353 90 5
353 91 1
353 97 4
353 98 6
353 99 6
354 87 5
354 88 5
354 89 5
354 90 1
354 97 4
355 87 5
355 88 5
355 89 5
355 90 1
355 97 4
355 98 6
355 99 6
356 87 5
356 88 5
356 89 1
356 97 4
357 87 5
357 88 1
357 97 4
357 98 6
357 99 6
358 87 5
358 88 1
358 97 4
359 87 1
359 97 4
359 98 6
359 99 6
360 97 4
361 97 4
361 98 6
361 99 6
362 97 4
363 98 6
363 99 6
364 99 6
365 99 6
366 99 6
367 99 6
368 99 6
369 97 4
369 98 6
369 99 6
370 97 4
371 96 7
371 97 4
371 98 6
371 99 6
372 97 4
373 97 4
373 98 6
373 99 6
374 97 4
375 97 4
375 98 6
375 99 6
376 97 4
377 97 4
377 98 6
377 99 6
379 98 5
380 97 5
380 98 5
380 99 5
::TILES-> END
::BONUS-> BEGIN
1 1 1
1 35 1
1 36 1
1 37 1
1 38 1
1 39 1
1 40 1
1 41 1
1 42 1
1 43 1
1 44 1
1 45 14
1 46 1
1 47 1
1 48 1
1 49 14
1 50 1
1 51 1
1 52 1
1 53 1
1 54 1
1 55 14
1 56 1
1 57 1
1 61 1
1 62 1
1 63 1
1 64 1
1 65 1
1 66 1
1 67 1
1 68 1
1 69 1
1 70 1
1 71 1
2 35 1
2 36 1
2 37 1
2 38 1
2 39 1
2 40 1
2 41 1
2 42 1
2 43 1
2 44 1
2 45 1
2 46 1
2 47 1
2 48 1
2 49 1
2 50 1
2 51 1
2 52 1
2 53 1
2 54 14
2 55 1
2 56 1
2 57 1
2 61 1
2 62 1
2 63 1
2 64 1
2 65 1
2 66 1
2 67 1
2 68 1
2 69 1
2 70 1
2 71 1
3 35 1
3 36 1
3 37 1
3 38 1
3 39 1
3 40 1
3 41 1
3 42 1
3 43 1
3 44 1
3 45 1
3 46 14
3 61 1
3 62 14
3 63 1
3 64 1
3 65 1
3 66 1
3 67 1
3 68 1
3 69 1
3 70 1
3 71 1
4 35 1
4 36 1
4 37 1
4 38 1
4 39 1
4 40 1
4 41 1
4 42 14
4 43 1
4 44 1
4 45 1
4 46 1
4 61 1
4 62 1
4 63 1
4 64 1
4 65 1
4 66 1
4 67 1
4 68 1
4 69 1
4 70 1
4 71 1
5 35 1
5 36 1
5 37 1
5 38 1
5 39 1
5 40 1
5 49 1
5 50 1
5 51 1
5 52 14
5 53 1
5 54 1
5 55 1
5 56 1
5 57 1
5 61 1
5 62 14
5 63 1
5 64 14
5 65 1
5 66 1
5 67 1
5 68 1
5 69 1
5 70 1
5 71 1
5 72 1
6 35 1
6 36 1
6 37 1
6 38 1
6 39 14
6 40 1
6 49 1
6 50 1
6 51 1
6 52 1
6 53 1
6 54 1
6 55 1
6 56 1
6 57 14
6 61 1
6 62 1
6 63 1
6 64 1
6 65 1
6 66 1
6 67 1
6 68 1
6 69 1
6 70 1
6 71 1
6 72 1
6 73 1
6 74 1
7 35 1
7 36 1
7 37 1
7 38 1
7 39 1
7 40 1
7 41 1
7 42 1
7 43 1
7 44 1
7 45 1
7 46 1
7 47 1
7 48 1
7 49 14
7 50 1
7 51 1
7 52 1
7 53 1
7 54 1
7 55 14
7 56 1
7 57 1
7 61 1
7 62 1
7 63 1
7 64 1
7 65 1
7 66 1
7 67 1
7 68 1
7 69 1
7 70 1
7 71 1
7 72 1
7 73 1
7 74 1
8 35 1
8 36 1
8 37 1
8 38 1
8 39 1
8 40 1
8 41 1
8 42 1
8 43 1
8 44 14
8 45 1
8 46 1
8 47 1
8 48 1
8 49 1
8 50 1
8 51 1
8 52 14
8 53 1
8 54 1
8 55 1
8 56 1
8 57 1
8 61 1
8 62 1
8 63 14
8 64 1
8 65 1
8 66 1
8 67 1
8 68 1
8 69 1
8 70 1
8 71 1
8 72 1
8 73 1
8 74 1
9 35 1
9 36 1
9 37 1
9 38 1
9 39 1
9 40 1
9 41 1
9 42 1
9 43 1
9 44 1
9 45 1
9 46 14
9 47 1
9 48 1
9 49 1
9 50 1
9 51 1
9 52 1
9 53 1
9 54 14
9 55 1
9 56 1
9 57 1
9 61 1
9 62 1
9 63 1
9 64 1
9 65 14
9 66 1
9 67 1
9 68 1
9 69 1
9 70 1
9 71 1
9 72 1
9 73 1
9 74 1
10 35 1
10 36 1
10 37 1
10 38 1
10 39 1
10 40 1
10 41 1
10 42 14
10 43 1
10 44 1
10 45 1
10 46 1
10 47 1
10 48 1
10 49 1
10 50 1
10 51 1
10 52 1
10 53 1
10 54 1
10 55 1
10 56 1
10 57 1
10 61 14
10 62 1
10 63 1
10 64 1
10 65 1
10 66 1
10 67 1
10 68 1
10 69 1
10 70 1
10 71 1
10 72 1
10 73 1
11 35 1
11 36 1
11 37 1
11 38 1
11 39 1
11 40 1
11 41 1
11 42 1
11 43 1
11 44 1
11 45 1
11 46 1
11 47 1
11 48 1
11 49 14
11 50 1
11 51 1
11 52 14
11 53 1
11 54 1
11 55 1
11 56 1
11 57 14
11 61 1
11 62 1
11 63 1
11 64 1
11 65 1
11 66 1
11 67 14
11 68 1
11 69 1
11 70 1
11 71 1
11 72 1
11 73 1
12 35 1
12 36 1
12 37 1
12 38 1
12 39 1
12 40 1
12 41 1
12 42 1
12 43 1
12 44 1
12 45 1
12 46 1
12 47 1
12 48 1
12 49 1
12 50 1
12 51 1
12 52 1
12 53 1
12 54 1
12 55 14
12 57 2
12 61 1
12 62 1
12 63 14
12 64 1
12 65 1
12 66 1
12 67 1
12 68 1
12 69 1
12 70 1
12 71 1
12 72 1
12 73 1
12 74 1
12 75 1
12 76 1
12 77 1
12 78 1
12 79 1
12 80 1
12 81 1
13 35 1
13 36 1
13 37 1
13 38 1
13 39 1
13 40 1
13 41 1
13 42 1
13 43 1
13 44 1
13 45 1
13 46 1
13 47 1
13 48 1
13 49 1
13 50 1
13 51 1
13 52 1
13 53 1
13 54 1
13 55 1
13 62 1
13 63 1
13 64 1
13 65 1
13 66 1
13 67 1
13 68 1
13 69 1
13 70 1
13 71 1
13 72 1
13 73 1
13 74 1
13 75 1
13 76 1
13 77 1
13 78 1
13 79 1
13 80 1
13 81 1
14 35 1
14 36 1
14 37 1
14 38 1
14 39 1
14 40 1
14 41 1
14 42 1
14 43 1
14 44 1
14 45 1
14 46 1
14 47 1
14 48 1
14 49 1
14 50 1
14 51 1
14 52 1
14 53 14
14 54 1
14 55 1
14 56 1
14 57 1
14 63 1
14 64 1
14 65 14
14 66 1
14 67 1
14 68 1
14 69 14
14 70 1
14 71 1
14 72 1
14 73 1
14 74 1
14 75 1
14 76 1
14 77 1
14 78 1
14 79 1
14 80 1
14 81 1
15 35 1
15 36 1
15 37 1
15 38 1
15 39 1
15 40 1
15 41 1
15 42 1
15 43 1
15 44 1
15 46 1
15 47 1
15 48 1
15 49 1
15 50 1
15 51 1
15 52 1
15 53 1
15 54 1
15 55 1
15 56 1
15 57 1
15 58 1
15 64 1
15 65 1
15 66 1
15 67 1
15 68 1
15 69 1
15 70 1
15 71 1
15 72 1
15 73 1
15 74 1
15 75 1
15 76 1
15 77 1
15 78 1
15 79 1
15 80 14
15 81 1
16 50 1
16 51 1
16 52 1
16 53 1
16 54 1
16 55 1
16 56 14
16 57 1
16 58 1
16 59 1
16 65 1
16 66 1
16 67 1
16 68 1
16 69 1
16 70 1
16 71 1
16 72 1
16 73 1
16 74 1
16 75 1
16 76 1
16 77 14
16 78 1
16 79 1
16 80 1
16 81 1
17 51 1
17 52 1
17 53 1
17 54 1
17 55 1
17 56 1
17 57 1
17 58 1
17 59 1
17 60 1
17 66 1
17 67 1
17 68 14
17 69 1
17 70 1
17 71 1
17 72 1
17 73 1
17 74 1
17 75 1
17 76 1
17 77 1
17 78 1
17 79 1
17 80 1
17 81 1
18 52 1
18 53 1
18 54 1
18 55 1
18 56 1
18 57 1
18 58 1
18 59 14
18 60 1
18 61 1
18 67 1
18 68 1
18 69 1
18 70 14
18 71 1
18 72 1
18 73 1
18 74 1
18 75 1
18 76 1
18 77 1
18 78 1
18 79 1
18 80 1
18 81 1
19 53 1
19 54 1
19 55 1
19 56 1
19 57 1
19 58 1
19 59 1
19 60 1
19 61 1
19 62 1
19 68 1
19 69 1
19 70 1
19 71 1
19 72 1
19 73 1
19 74 1
19 75 1
19 76 1
19 77 1
19 78 1
19 79 1
19 80 14
19 81 1
20 54 1
20 55 1
20 56 1
20 57 1
20 58 1
20 59 1
20 60 1
20 61 1
20 62 1
20 63 1
20 69 1
20 70 1
20 71 1
20 72 1
20 73 1
20 74 14
20 75 1
20 76 1
20 77 1
20 78 1
20 79 1
20 80 1
20 81 1
20 82 1
21 54 1
21 55 1
21 56 1
21 57 1
21 58 1
21 59 1
21 60 1
21 61 14
21 62 1
21 63 1
21 64 1
21 70 1
21 71 1
21 72 1
21 73 1
21 74 1
21 75 1
21 76 1
21 77 1
21 78 1
21 79 1
21 80 1
21 81 1
21 82 1
21 83 1
22 54 1
22 55 1
22 56 1
22 57 1
22 58 1
22 59 1
22 60 1
22 61 1
22 62 1
22 63 1
22 64 14
22 65 1
22 71 1
22 72 1
22 73 1
22 74 1
22 75 1
22 76 1
22 77 14
22 78 1
22 79 1
22 80 14
22 81 1
22 82 1
22 83 14
22 84 1
23 54 1
23 55 1
23 56 1
23 57 1
23 58 1
23 59 1
23 60 1
23 61 1
23 62 1
23 63 1
23 64 1
23 65 1
23 66 1
23 73 14
23 74 1
23 75 1
23 76 1
23 77 1
23 78 1
23 79 1
23 80 1
23 81 1
23 82 14
23 83 1
23 84 1
23 85 1
24 55 1
24 56 1
24 57 1
24 58 1
24 59 1
24 60 1
24 61 1
24 62 1
24 63 1
24 64 1
24 65 14
24 66 1
24 67 1
25 56 1
25 57 1
25 58 1
25 59 1
25 60 1
25 61 1
25 62 1
25 63 1
25 64 1
25 65 1
25 66 1
25 67 1
25 68 1
26 57 1
26 58 1
26 59 1
26 60 1
26 61 1
26 62 1
26 63 1
26 64 1
26 65 1
26 66 1
26 67 1
26 68 14
26 69 1
27 58 1
27 59 1
27 60 1
27 61 1
27 62 1
27 63 1
27 64 1
27 65 1
27 66 1
27 67 1
27 68 1
27 69 1
27 70 1
28 59 1
28 60 1
28 61 1
28 62 1
28 63 1
28 64 1
28 65 1
28 66 1
28 67 1
28 68 1
28 69 1
28 70 14
28 71 1
28 72 1
28 73 1
28 74 1
28 75 14
28 76 1
28 77 1
28 78 1
28 79 1
28 80 1
28 81 1
28 82 14
28 83 1
28 84 1
28 85 14
29 60 1
29 61 1
29 62 1
29 63 1
29 64 1
29 65 1
29 66 1
29 67 1
29 68 1
29 69 1
29 70 1
29 71 1
29 72 1
29 73 1
29 74 1
29 75 1
29 76 1
29 77 1
29 78 1
29 79 14
29 80 1
29 81 1
29 82 1
29 83 1
29 84 1
30 61 1
30 62 1
30 63 1
30 64 1
30 65 1
30 66 1
30 67 1
30 68 1
30 69 1
30 70 1
30 71 1
30 72 1
30 73 1
30 74 1
30 75 14
30 76 1
30 77 1
30 78 1
30 79 1
30 80 1
30 81 1
30 82 1
30 83 14
31 62 1
31 63 1
31 64 1
31 65 1
31 66 1
31 67 1
31 68 1
31 69 1
31 70 1
31 71 1
31 72 1
31 73 1
31 74 1
31 75 1
31 76 1
31 77 1
31 78 1
31 79 1
31 80 1
31 81 1
31 82 1
32 63 1
32 64 1
32 65 1
32 66 1
32 67 1
32 68 1
32 69 1
32 70 1
32 71 1
32 72 1
32 73 1
32 74 1
32 75 1
32 76 1
32 77 1
32 78 1
32 79 1
32 80 1
32 81 1
33 64 1
33 65 1
33 66 1
33 67 1
33 68 1
33 69 1
33 70 1
33 71 1
33 72 1
33 73 1
33 74 1
33 75 1
33 76 1
33 77 1
33 78 1
33 79 1
33 80 1
33 81 1
34 65 1
34 66 1
34 67 1
34 68 1
34 69 1
34 70 1
34 71 1
34 72 1
34 73 1
34 74 1
34 75 1
34 76 1
34 77 1
34 78 1
34 79 1
34 80 1
34 81 1
35 65 1
35 66 1
35 67 1
35 68 1
35 69 1
35 70 1
35 71 1
35 72 1
35 73 1
35 74 1
35 75 1
35 76 1
35 77 1
35 78 1
35 79 1
35 80 1
35 81 1
36 90 14
36 91 14
36 92 14
36 93 14
37 90 14
37 93 14
38 90 14
38 93 15
39 90 14
39 93 14
40 90 14
40 91 14
40 92 14
40 93 14
44 98 15
44 99 15
45 98 15
45 99 15
46 98 15
46 99 15
63 92 16
101 97 15
103 97 15
105 97 15
::BONUS-> END
::COIN-> BEGIN
1 1
3 54
3 55
3 56
3 57
4 54
4 55
4 56
4 57
14 60
15 61
16 62
17 63
18 64
19 65
20 66
21 67
22 68
23 69
24 70
24 91
24 92
25 71
25 90
25 93
26 90
26 93
27 91
27 92
28 84
44 92
45 91
46 92
74 96
100 96
102 96
104 96
106 96
126 96
127 96
128 96
129 96
130 96
150 96
151 96
152 96
153 96
154 96
155 96
156 96
157 96
177 96
178 96
179 96
180 96
181 96
233 96
234 96
235 96
236 96
237 96
238 96
239 96
240 96
270 96
271 96
272 96
273 96
274 96
275 96
276 96
324 96
325 96
326 96
327 96
328 96
329 96
330 96
331 96
332 96
333 96
::COIN-> END
KILLERBLUME 21 93
TURTLE 53 95
GOOMBA 57 96
GOOMBA 58 96
GOOMBA 59 96
GOOMBA 60 96
GOOMBA 61 96
TURTLE 65 95
TURTLE 68 95
TURTLE 69 95
TURTLE 70 95
TURTLE 71 95
TURTLE 72 95
TURTLEFLY 339 95
TURTLEFLY 344 94
TURTLEFLY 347 95
TURTLEFLY 349 93
TURTLEFLY 352 94
CANNON 371 95
RESTART data/levels/menulevel
START 0 240 1800 0
EXIT 0 0 0 NONE 0 0
START 1 0 0 0
EXIT 1 0 0 NONE 0 0
START 2 0 0 0
EXIT 2 0 0 NONE 0 0
START 3 0 0 0
EXIT 3 0 0 NONE 0 0
START 4 0 0 0
EXIT 4 0 0 NONE 0 0
BGCOLOR 1

MUSIC orig.mid
#if you want a big static background:
#BACKGROUND data/gfx/background/VH.jpg

