# Level for Mega Mario

TEXTURE data/gfx/tiles/ground/stone0.png
TEXTURE data/gfx/tiles/ground/stone1.png
TEXTURE data/gfx/tiles/ground/stone2.png
TEXTURE data/gfx/tiles/ground/stone3.png
TEXTURE data/gfx/tiles/ground/sand.png
TEXTURE data/gfx/tiles/ground/metal.png
::TILES-> BEGIN
1 1 1
::TILES-> END
::BONUS-> BEGIN
1 1 14
1 2 14
1 3 14
1 4 14
1 6 14
1 7 14
1 8 14
1 9 14
1 10 14
1 11 14
1 12 14
1 13 14
1 16 14
1 19 14
1 20 14
1 21 14
1 22 14
1 23 14
1 25 14
1 26 14
1 27 14
1 28 14
1 29 14
1 30 14
1 31 14
1 32 14
1 33 14
1 34 14
1 35 14
1 36 14
1 37 14
1 38 14
1 39 14
1 41 14
1 42 14
1 43 14
1 44 14
1 45 14
1 46 14
1 49 14
1 50 14
1 51 14
1 52 14
1 53 14
1 54 14
1 56 14
1 57 14
1 58 14
1 59 14
1 61 14
1 62 14
1 63 14
1 64 14
1 65 14
1 66 14
1 67 14
1 68 14
1 69 14
1 70 14
1 71 14
1 72 14
1 73 14
1 74 14
1 75 14
1 76 14
1 77 14
1 78 14
1 79 14
1 80 14
1 81 14
1 83 14
1 84 14
1 85 14
1 86 14
1 87 14
1 88 14
1 90 14
1 91 14
1 92 14
1 93 14
1 94 14
1 95 14
1 96 14
1 97 14
1 98 14
1 99 14
2 1 14
2 2 14
2 4 14
2 5 14
2 6 14
2 7 14
2 8 14
2 9 14
2 10 14
2 11 14
2 12 14
2 13 14
2 14 14
2 15 14
2 16 14
2 17 14
2 19 14
2 20 14
2 21 14
2 22 14
2 23 14
2 24 14
2 25 14
2 26 14
2 27 14
2 28 14
2 38 14
2 39 14
2 42 14
2 45 14
2 46 14
2 47 14
2 48 14
2 53 14
2 54 14
2 55 14
2 60 14
2 61 14
2 62 14
2 63 14
2 64 14
2 65 14
2 66 14
2 67 14
2 68 14
2 69 14
2 70 14
2 71 14
2 72 14
2 73 14
2 74 14
2 75 14
2 76 14
2 77 14
2 78 14
2 79 14
2 80 14
2 81 14
2 82 14
2 83 14
2 84 14
2 85 14
2 86 14
2 87 14
2 88 14
2 90 14
2 91 14
2 92 14
2 94 14
2 95 14
2 96 14
2 97 14
2 98 14
2 99 14
3 1 14
3 3 14
3 4 14
3 7 14
3 8 14
3 9 14
3 10 14
3 11 14
3 12 14
3 13 14
3 14 14
3 15 14
3 16 14
3 17 14
3 18 14
3 19 14
3 20 14
3 21 14
3 22 14
3 24 14
3 25 14
3 26 14
3 27 14
3 28 14
3 29 14
3 30 14
3 31 14
3 32 14
3 33 14
3 34 14
3 35 14
3 36 14
3 37 14
3 38 14
3 39 14
3 40 14
3 41 14
3 42 14
3 43 14
3 44 14
3 45 14
3 46 14
3 47 14
3 48 14
3 49 14
3 50 14
3 51 14
3 52 14
3 53 14
3 54 14
3 55 14
3 56 14
3 57 14
3 58 14
3 59 14
3 60 14
3 61 14
3 62 14
3 63 14
3 64 14
3 65 14
3 66 14
3 67 14
3 68 14
3 69 14
3 70 14
3 71 14
3 72 14
3 73 14
3 74 14
3 75 14
3 76 14
3 77 14
3 78 14
3 79 14
3 80 14
3 81 14
3 82 14
3 83 14
3 84 14
3 85 14
3 86 14
3 87 14
3 88 14
3 89 14
3 90 14
3 91 14
3 92 14
3 93 14
3 94 14
3 95 14
3 96 14
3 97 14
3 98 14
3 99 14
4 1 14
4 2 14
4 3 14
4 4 14
4 5 14
4 8 14
4 9 14
4 10 14
4 11 14
4 12 14
4 13 14
4 14 14
4 15 14
4 16 14
4 17 14
4 18 14
4 19 14
4 20 14
4 21 14
4 22 14
4 23 14
4 24 14
4 25 14
4 26 14
4 27 14
4 28 14
4 29 14
4 30 14
4 31 14
4 32 14
4 33 14
4 34 14
4 35 14
4 36 14
4 37 14
4 38 14
4 39 14
4 40 14
4 41 14
4 42 14
4 43 14
4 44 14
4 45 14
4 46 14
4 47 14
4 48 14
4 49 14
4 50 14
4 51 14
4 52 14
4 53 14
4 54 14
4 55 14
4 56 14
4 57 14
4 58 14
4 59 14
4 60 14
4 61 14
4 62 14
4 63 14
4 64 14
4 65 14
4 66 14
4 67 14
4 68 14
4 69 14
4 70 14
4 71 14
4 72 14
4 73 14
4 74 14
4 75 14
4 76 14
4 77 14
4 78 14
4 79 14
4 80 14
4 81 14
4 82 14
4 83 14
4 84 14
4 85 14
4 86 14
4 87 14
4 88 14
4 89 14
4 90 14
4 91 14
4 92 14
4 93 14
4 94 14
4 95 14
4 97 14
4 98 14
4 99 14
5 1 14
5 4 14
5 5 14
5 6 14
5 8 14
5 12 14
5 18 14
5 24 14
5 27 14
5 31 14
5 38 14
5 39 14
5 40 14
5 41 14
5 46 14
5 47 14
5 48 14
5 49 14
5 50 14
5 52 14
5 53 14
5 54 14
5 55 14
5 57 14
5 62 14
5 63 14
5 64 14
5 70 14
5 71 14
5 72 14
5 73 14
5 74 14
5 75 14
5 76 14
5 77 14
5 79 14
5 80 14
5 81 14
5 85 14
5 87 14
5 88 14
5 89 14
5 92 14
5 93 14
5 94 14
5 95 14
5 99 14
6 1 14
6 4 14
6 5 14
6 7 14
6 8 14
6 15 14
6 17 14
6 22 14
6 23 14
6 32 14
6 34 14
6 35 14
6 36 14
6 37 14
6 41 14
6 43 14
6 44 14
6 45 14
6 47 14
6 49 14
6 50 14
6 56 14
6 58 14
6 60 14
6 63 14
6 64 14
6 65 14
6 66 14
6 68 14
6 69 14
6 72 14
6 74 14
6 75 14
6 85 14
6 88 14
6 89 14
6 92 14
6 93 14
6 95 14
6 99 14
7 1 14
7 2 14
7 3 14
7 8 14
7 10 14
7 14 14
7 27 14
7 30 14
7 31 14
7 37 14
7 38 14
7 48 14
7 49 14
7 57 14
7 58 14
7 60 14
7 61 14
7 62 14
7 63 14
7 65 14
7 66 14
7 67 14
7 70 14
7 71 14
7 73 14
7 76 14
7 77 14
7 78 14
7 79 14
7 80 14
7 86 14
7 87 14
7 88 14
7 91 14
7 93 14
7 94 14
8 1 14
8 2 14
8 4 14
8 23 14
8 28 14
8 29 14
8 62 14
8 73 14
8 80 14
8 81 14
8 82 14
8 93 14
8 94 14
8 99 14
9 4 14
9 8 14
9 15 14
9 16 14
9 22 14
9 44 14
9 51 14
9 54 14
9 58 14
9 66 14
9 70 14
9 71 14
9 72 14
9 80 14
9 81 14
9 83 14
9 84 14
9 89 14
9 90 14
9 93 14
9 94 14
9 95 14
9 99 14
10 9 14
10 45 14
10 46 14
10 59 14
10 60 14
10 67 14
10 68 14
10 73 14
10 76 14
10 77 14
10 79 14
10 81 14
10 82 14
10 83 14
10 93 14
10 99 14
11 75 14
11 78 14
11 93 14
11 94 14
11 99 14
12 52 14
12 53 14
12 93 14
12 99 14
13 93 14
13 99 14
14 93 14
14 99 14
15 93 14
15 99 14
16 10 14
16 62 14
16 90 14
16 93 14
16 95 14
16 99 14
17 1 14
17 10 14
17 11 14
17 17 14
17 18 14
17 19 14
17 21 14
17 22 14
17 27 14
17 28 14
17 29 14
17 42 14
17 43 14
17 55 14
17 56 14
17 57 14
17 61 14
17 63 14
17 75 14
17 76 14
17 77 14
17 89 14
17 91 14
17 93 14
17 94 14
17 99 14
18 1 14
18 5 14
18 7 14
18 8 14
18 9 14
18 10 14
18 11 14
18 23 14
18 24 14
18 25 14
18 30 14
18 41 14
18 44 14
18 48 14
18 49 14
18 50 14
18 52 14
18 53 14
18 54 14
18 58 14
18 59 14
18 60 14
18 67 14
18 68 14
18 69 14
18 74 14
18 88 14
18 92 14
18 93 14
18 94 14
18 95 14
18 99 14
19 1 14
19 3 14
19 10 14
19 11 14
19 12 14
19 13 14
19 14 14
19 15 14
19 16 14
19 31 14
19 32 14
19 33 14
19 45 14
19 46 14
19 47 14
19 64 14
19 65 14
19 66 14
19 70 14
19 71 14
19 72 14
19 73 14
19 78 14
19 93 14
19 99 14
20 1 14
20 2 14
20 3 14
20 4 14
20 5 14
20 6 14
20 7 14
20 8 14
20 9 14
20 10 14
20 11 14
20 12 14
20 13 14
20 14 14
20 15 14
20 16 14
20 17 14
20 18 14
20 19 14
20 20 14
20 21 14
20 22 14
20 23 14
20 24 14
20 25 14
20 26 14
20 27 14
20 28 14
20 29 14
20 30 14
20 31 14
20 32 14
20 33 14
20 34 14
20 35 14
20 36 14
20 37 14
20 38 14
20 39 14
20 40 14
20 41 14
20 42 14
20 43 14
20 44 14
20 45 14
20 46 14
20 47 14
20 48 14
20 49 14
20 50 14
20 51 14
20 52 14
20 53 14
20 54 14
20 55 14
20 56 14
20 57 14
20 58 14
20 59 14
20 60 14
20 61 14
20 62 14
20 63 14
20 64 14
20 65 14
20 66 14
20 67 14
20 68 14
20 69 14
20 70 14
20 71 14
20 72 14
20 73 14
20 74 14
20 75 14
20 76 14
20 77 14
20 78 14
20 79 14
20 80 14
20 81 14
20 82 14
20 83 14
20 84 14
20 85 14
20 86 14
20 87 14
20 88 14
20 89 14
20 90 14
20 91 14
20 92 14
20 93 14
20 94 14
20 95 14
20 96 14
20 97 14
20 98 14
20 99 14
21 1 14
21 2 14
21 3 14
21 5 14
21 6 14
21 7 14
21 8 14
21 9 14
21 10 14
21 11 14
21 12 14
21 13 14
21 14 14
21 15 14
21 17 14
21 18 14
21 20 14
21 21 14
21 23 14
21 24 14
21 26 14
21 27 14
21 29 14
21 30 14
21 31 14
21 33 14
21 34 14
21 35 14
21 36 14
21 37 14
21 38 14
21 39 14
21 40 14
21 41 14
21 42 14
21 43 14
21 44 14
21 45 14
21 46 14
21 47 14
21 48 14
21 49 14
21 50 14
21 51 14
21 52 14
21 53 14
21 54 14
21 55 14
21 56 14
21 57 14
21 58 14
21 59 14
21 60 14
21 61 14
21 71 14
21 72 14
21 73 14
21 74 14
21 75 14
21 76 14
21 85 14
21 86 14
21 87 14
21 88 14
21 89 14
21 90 14
21 91 14
21 92 14
21 93 14
21 94 14
21 95 14
21 96 14
21 97 14
21 98 14
21 99 14
22 2 14
22 4 14
22 6 14
22 16 14
22 17 14
22 18 14
22 19 14
22 20 14
22 21 14
22 22 14
22 23 14
22 24 14
22 25 14
22 26 14
22 27 14
22 29 14
22 30 14
22 31 14
22 32 14
22 33 14
22 34 14
22 36 14
22 37 14
22 39 14
22 40 14
22 41 14
22 43 14
22 56 14
22 58 14
22 59 14
22 60 14
22 61 14
22 62 14
22 63 14
22 64 14
22 65 14
22 66 14
22 67 14
22 68 14
22 69 14
22 70 14
22 72 14
22 73 14
22 74 14
22 75 14
22 76 14
22 77 14
22 78 14
22 79 14
22 80 14
22 81 14
22 82 14
22 83 14
22 84 14
22 85 14
22 86 14
22 87 14
22 88 14
22 91 14
22 95 14
22 96 14
22 97 14
22 98 14
22 99 14
23 1 14
23 4 14
23 5 14
23 6 14
23 7 14
23 8 14
23 10 14
23 11 14
23 12 14
23 13 14
23 14 14
23 15 14
23 23 14
23 24 14
23 25 14
23 31 14
23 34 14
23 35 14
23 36 14
23 38 14
23 39 14
23 40 14
23 41 14
23 44 14
23 45 14
23 46 14
23 48 14
23 49 14
23 50 14
23 52 14
23 53 14
23 54 14
23 55 14
23 64 14
23 66 14
23 67 14
23 68 14
23 75 14
23 82 14
23 83 14
23 84 14
23 85 14
23 86 14
23 87 14
23 88 14
23 89 14
23 90 14
23 91 14
23 92 14
23 93 14
23 94 14
23 95 14
23 96 14
23 97 14
23 99 14
24 1 14
24 4 14
24 7 14
24 9 14
24 10 14
24 11 14
24 13 14
24 16 14
24 17 14
24 18 14
24 19 14
24 21 14
24 25 14
24 26 14
24 27 14
24 28 14
24 29 14
24 34 14
24 35 14
24 36 14
24 42 14
24 43 14
24 44 14
24 46 14
24 47 14
24 51 14
24 52 14
24 54 14
24 55 14
24 56 14
24 57 14
24 58 14
24 59 14
24 60 14
24 61 14
24 62 14
24 63 14
24 64 14
24 66 14
24 68 14
24 69 14
24 70 14
24 71 14
24 72 14
24 73 14
24 74 14
24 75 14
24 76 14
24 77 14
24 78 14
24 79 14
24 80 14
24 81 14
24 82 14
24 83 14
24 84 14
24 87 14
24 90 14
24 91 14
24 92 14
24 93 14
24 94 14
24 95 14
24 96 14
24 97 14
24 98 14
24 99 14
25 1 14
25 2 14
25 3 14
25 8 14
25 9 14
25 10 14
25 11 14
25 12 14
25 14 14
25 24 14
25 26 14
25 27 14
25 28 14
25 29 14
25 30 14
25 31 14
25 37 14
25 41 14
25 42 14
25 43 14
25 48 14
25 49 14
25 50 14
25 56 14
25 57 14
25 64 14
25 65 14
25 81 14
25 82 14
25 83 14
25 84 14
25 85 14
25 86 14
25 87 14
25 89 14
25 93 14
25 94 14
25 99 14
26 1 14
26 11 14
26 12 14
26 16 14
26 40 14
26 44 14
26 47 14
26 55 14
26 58 14
26 59 14
26 60 14
26 61 14
26 64 14
26 65 14
26 66 14
26 99 14
27 1 14
27 20 14
27 38 14
27 39 14
27 45 14
27 46 14
27 51 14
27 66 14
27 99 14
28 17 14
28 18 14
28 54 14
28 99 14
29 16 14
29 17 14
29 52 14
29 53 14
29 99 14
30 99 14
31 99 14
32 99 14
33 99 14
34 99 14
35 99 14
36 99 14
37 99 14
38 99 14
::BONUS-> END
::COIN-> BEGIN
1 1
11 1
11 16
11 17
11 18
11 88
11 89
11 90
12 48
12 56
12 57
13 30
13 31
13 46
13 47
13 59
13 60
14 44
14 45
14 61
14 72
14 73
14 74
14 76
15 5
::COIN-> END
SPINY 1 89
FIRECIRCLE 4 7 8
FIRECIRCLE 4 41 8
FIRECIRCLE 5 23 8
FIRECIRCLE 5 30 8
KILLERBLUME 5 33
FIRECIRCLE 5 50 8
SPINY 5 86
KILLERBLUME 5 91
SPINY 5 97
KILLERBLUME 5 98
CANNON 6 21
CANNON 7 47
FIRECIRCLE 7 58 8
CANNON 7 64
FIRECIRCLE 7 67 8
FIRECIRCLE 7 89 8
FIRECIRCLE 7 90 8
GOOMBA 7 97
KILLERBLUME 8 22
CANNON 8 27
CANNON 8 30
CANNON 8 31
CANNON 8 32
CANNON 8 33
CANNON 8 34
CANNON 8 35
CANNON 8 36
CANNON 8 37
CANNON 8 38
CANNON 8 61
FIRECIRCLE 8 77 8
FIRECIRCLE 8 78 8
FIRECIRCLE 8 83 8
FIRECIRCLE 8 84 8
FIRECIRCLE 8 85 8
FIRECIRCLE 8 86 8
FIRECIRCLE 8 87 8
FIRECIRCLE 8 88 8
FIRECIRCLE 8 89 8
FIRECIRCLE 8 90 8
TURTLEFLY 8 96
KILLERBLUME 8 98
CANNON 9 7
CANNON 9 50
CANNON 9 53
CANNON 9 65
CANNON 10 44
CANNON 10 66
CANNON 10 72
CANNON 10 78
CANNON 10 79
KILLERBLUME 10 98
CANNON 11 77
GOOMBA 11 96
GOOMBA 13 96
KILLERBLUME 13 98
GOOMBA 15 96
KILLERBLUME 15 98
KILLERBLUME 16 9
CANNON 17 16
CANNON 17 20
CANNON 17 26
KILLERBLUME 17 54
CANNON 17 60
CANNON 17 62
CANNON 17 74
TURTLE 17 96
KILLERBLUME 17 98
CANNON 18 31
CANNON 18 32
CANNON 18 33
CANNON 18 34
CANNON 18 35
CANNON 18 36
CANNON 18 37
CANNON 18 38
CANNON 18 39
CANNON 18 40
CANNON 18 47
CANNON 18 51
CANNON 18 66
GOOMBA 18 89
SPINY 18 90
FIRECIRCLE 19 3 8
FIRECIRCLE 19 29 8
CANNON 19 44
FIRECIRCLE 19 58 8
FIRECIRCLE 19 69 8
CANNON 19 77
FIRECIRCLE 19 86 8
FIRECIRCLE 19 87 8
FIRECIRCLE 19 88 8
FIRECIRCLE 19 89 8
FIRECIRCLE 19 90 8
FIRECIRCLE 19 91 8
FIRECIRCLE 19 92 8
FIRECIRCLE 20 8 8
FIRECIRCLE 20 12 8
FIRECIRCLE 20 21 8
FIRECIRCLE 20 76 8
FIRECIRCLE 21 40 8
FIRECIRCLE 21 49 8
RESTART data/levels/menulevel2
START 0 530 56 0
EXIT 0 0 0 NONE 0 1
START 1 0 0 0
EXIT 1 0 0 NONE 0 1
START 2 0 0 0
EXIT 2 0 0 NONE 0 1
START 3 0 0 0
EXIT 3 0 0 NONE 0 1
START 4 0 0 0
EXIT 4 0 0 NONE 0 1
BGCOLOR 2000030

BOWSER 5 95 27
#If you want Background music:
MUSIC talltower.mid

#if you want a big static background:
BACKGROUND data/gfx/background/egypt.jpg
