# Level for Mega Mario

TEXTURE data/gfx/tiles/ground/stone0.png
TEXTURE data/gfx/tiles/ground/stone1.png
TEXTURE data/gfx/tiles/ground/stone2.png
TEXTURE data/gfx/tiles/ground/stone3.png
TEXTURE data/gfx/tiles/ground/stone4.png
TEXTURE data/gfx/tiles/ground/stone5.png
TEXTURE data/gfx/tiles/ground/stone6.png
TEXTURE data/gfx/tiles/ground/bricks.png
TEXTURE data/gfx/tiles/ground/bricks2.png
TEXTURE data/gfx/tiles/ground/snowy.png
TEXTURE data/gfx/tiles/ground/grass.png
TEXTURE data/gfx/tiles/ground/sand.png
TEXTURE data/gfx/tiles/ground/metal.png
TEXTURE data/gfx/tiles/cannonset1.png
TEXTURE data/gfx/tiles/cannonset2.png
TEXTURE data/gfx/tiles/pipes/up/1.png
TEXTURE data/gfx/tiles/pipes/up/2.png
TEXTURE data/gfx/tiles/pipes/up/3.png
TEXTURE data/gfx/tiles/pipes/up/4.png
TEXTURE data/gfx/tiles/pipes/down/1.png
TEXTURE data/gfx/tiles/pipes/down/2.png
TEXTURE data/gfx/tiles/pipes/down/3.png
TEXTURE data/gfx/tiles/pipes/down/4.png
TEXTURE data/gfx/tiles/pipes/right/1.png
TEXTURE data/gfx/tiles/pipes/right/2.png
TEXTURE data/gfx/tiles/pipes/right/3.png
TEXTURE data/gfx/tiles/pipes/right/4.png
TEXTURE data/gfx/tiles/pipes/left/1.png
TEXTURE data/gfx/tiles/pipes/left/2.png
TEXTURE data/gfx/tiles/pipes/left/3.png
TEXTURE data/gfx/tiles/pipes/left/4.png
TEXTURE data/gfx/tiles/conveyorL.png
TEXTURE data/gfx/tiles/conveyorR.png

::TILES-> BEGIN
1 89 5
1 90 5
1 91 5
1 92 5
1 93 5
1 94 5
1 95 5
1 96 5
1 97 5
1 98 5
1 99 11
2 89 5
2 90 5
2 91 5
2 92 5
2 93 5
2 94 5
2 95 5
2 96 5
2 97 5
2 98 5
2 99 11
3 90 5
3 91 5
3 92 5
3 93 5
3 94 5
3 95 5
3 96 5
3 97 5
3 98 5
3 99 11
4 91 5
4 92 5
4 93 5
4 94 5
4 95 5
4 96 5
4 97 5
4 98 5
4 99 11
5 92 5
5 93 5
5 94 5
5 95 5
5 96 5
5 97 5
5 98 5
5 99 11
6 93 5
6 94 5
6 95 5
6 96 5
6 97 5
6 98 5
6 99 11
7 94 5
7 95 5
7 96 5
7 97 5
7 98 5
7 99 11
8 95 26
8 96 27
8 97 5
8 98 5
8 99 11
9 95 24
9 96 25
9 97 5
9 98 5
9 99 11
10 97 33
10 98 5
10 99 11
11 98 33
11 99 11
12 99 11
13 99 11
14 99 11
15 99 11
16 99 11
17 99 11
18 99 11
19 99 11
20 99 11
21 99 11
22 99 11
23 99 11
24 99 11
25 99 11
26 99 11
27 99 11
28 99 11
29 96 32
29 99 11
30 96 32
30 99 11
31 96 32
31 99 11
32 96 32
32 99 11
33 96 32
33 99 11
34 96 32
34 99 11
35 96 32
35 99 11
36 96 32
36 99 8
37 96 32
37 99 8
38 86 1
38 87 1
38 88 1
38 89 1
38 90 1
38 91 1
38 92 1
38 93 1
38 94 1
38 95 1
38 96 1
38 99 8
39 86 1
39 99 8
40 85 8
40 86 1
40 99 8
41 85 8
41 86 1
41 99 8
42 85 8
42 86 1
42 99 8
43 84 8
43 85 8
43 86 1
43 90 33
43 91 1
43 92 1
43 93 1
43 94 1
43 95 1
43 96 1
43 97 1
43 98 1
43 99 1
44 84 8
44 85 1
44 86 1
44 90 33
44 91 1
44 92 1
44 93 1
44 94 1
44 95 1
44 96 1
44 97 1
44 98 1
44 99 1
45 83 8
45 84 8
45 85 1
45 86 1
45 90 33
45 91 1
45 92 1
45 93 1
45 94 1
45 95 1
45 96 1
45 97 1
45 98 1
45 99 1
46 82 8
46 83 8
46 84 1
46 85 1
46 86 1
46 90 33
46 91 1
46 92 1
46 93 1
46 94 1
46 95 1
46 96 1
46 97 1
46 98 1
46 99 1
47 82 8
47 83 1
47 84 1
47 85 1
47 86 1
47 90 33
47 91 1
47 92 1
47 93 1
47 94 1
47 95 1
47 96 1
47 97 1
47 98 1
47 99 1
48 82 8
48 83 1
48 84 1
48 85 1
48 86 1
48 90 33
48 91 1
48 92 1
48 93 1
48 94 1
48 95 1
48 96 1
48 97 1
48 98 1
48 99 1
49 82 8
49 83 1
49 84 1
49 85 1
49 86 1
49 90 33
49 91 1
49 92 1
49 93 1
49 94 1
49 95 1
49 96 1
49 97 1
49 98 1
49 99 1
50 81 32
50 82 8
50 83 1
50 84 1
50 85 1
50 86 1
50 90 33
50 91 1
50 92 1
50 93 1
50 94 1
50 95 1
50 96 1
50 97 1
50 98 1
50 99 1
51 81 32
51 82 1
51 83 1
51 84 1
51 85 1
51 86 1
51 90 33
51 91 1
51 92 1
51 93 1
51 94 1
51 95 1
51 96 1
51 97 1
51 98 1
51 99 1
52 81 32
52 82 1
52 83 1
52 84 1
52 85 1
52 86 1
52 90 33
52 91 1
52 92 1
52 93 1
52 94 1
52 95 1
52 96 1
52 97 1
52 98 1
52 99 1
53 90 33
53 91 1
53 92 1
53 93 1
53 94 1
53 95 1
53 96 1
53 97 1
53 98 1
53 99 1
54 90 33
54 91 1
54 92 1
54 93 1
54 94 1
54 95 1
54 96 1
54 97 1
54 98 1
54 99 1
55 90 33
55 91 1
55 92 1
55 93 1
55 94 1
55 95 1
55 96 1
55 97 1
55 98 1
55 99 1
56 90 33
56 91 1
56 92 1
56 93 1
56 94 1
56 95 1
56 96 1
56 97 1
56 98 1
56 99 1
57 81 33
57 82 1
57 83 1
57 84 1
57 85 1
57 86 1
57 87 1
57 88 1
57 89 1
57 90 8
57 91 1
57 92 1
57 93 1
57 94 1
57 95 1
57 96 1
57 97 1
57 98 1
57 99 1
58 81 33
58 82 1
58 83 1
58 84 1
58 85 1
58 86 1
58 87 1
58 88 1
58 89 1
58 90 1
58 91 1
58 92 1
58 93 1
58 94 1
58 95 1
58 96 1
58 97 1
58 98 1
58 99 1
59 81 33
59 82 1
59 83 1
59 84 1
59 85 1
59 86 1
59 87 1
59 88 1
59 89 1
59 90 1
59 91 1
59 92 1
59 93 1
59 94 1
59 95 1
59 96 1
59 97 1
59 98 1
59 99 1
60 81 33
60 82 1
60 83 1
60 84 1
60 85 1
60 86 1
60 87 1
60 88 1
60 89 1
60 90 1
60 91 1
60 92 1
60 93 1
60 94 1
60 95 1
60 96 1
60 97 1
60 98 1
60 99 1
61 81 33
61 82 1
61 83 1
61 84 1
61 85 1
61 86 1
61 87 1
61 88 1
61 89 1
61 90 1
61 91 1
61 92 1
61 93 1
61 94 1
61 95 1
61 96 1
61 97 1
61 98 1
61 99 1
62 81 33
62 82 1
62 83 1
62 84 1
62 85 1
62 86 1
62 87 1
62 88 1
62 89 1
62 90 1
62 91 1
62 92 1
62 93 1
62 94 1
62 95 1
62 96 1
62 97 1
62 98 1
62 99 1
63 81 33
63 82 1
63 83 1
63 84 1
63 85 1
63 86 1
63 87 1
63 88 1
63 89 1
63 90 1
63 91 1
63 92 1
63 93 1
63 94 1
63 95 1
63 96 1
63 97 1
63 98 1
63 99 1
64 81 33
64 82 1
64 83 1
64 84 1
64 85 1
64 86 1
64 87 1
64 88 1
64 89 1
64 90 1
64 91 1
64 92 1
64 93 1
64 94 1
64 95 1
64 96 1
64 97 1
64 98 1
64 99 1
65 80 8
65 81 8
65 82 1
65 83 1
65 84 1
65 85 1
65 86 1
65 87 1
65 88 1
65 89 1
65 90 1
65 91 1
65 92 1
65 93 1
65 94 1
65 95 1
65 96 1
65 97 1
65 98 1
65 99 1
66 81 8
66 99 11
67 81 8
67 99 11
68 81 8
68 99 11
69 81 8
69 99 11
70 81 8
70 99 11
71 81 8
71 99 11
72 81 8
72 99 11
73 81 8
73 99 11
74 81 8
74 99 11
75 81 8
75 99 11
76 81 8
76 99 11
77 81 8
77 99 11
78 81 8
78 99 11
79 81 8
79 99 11
80 81 8
80 99 11
81 81 8
81 99 11
82 81 8
82 99 11
83 81 8
83 99 11
84 81 8
84 99 11
85 99 11
86 99 11
87 99 11
88 99 11
89 99 11
90 81 8
90 99 11
91 81 8
91 99 11
92 81 8
92 99 11
93 81 8
93 99 11
94 81 8
94 99 11
95 81 8
95 99 11
96 81 8
96 99 11
97 81 8
97 99 11
98 81 8
98 99 11
99 81 8
99 99 11
100 81 8
100 99 11
101 81 8
101 99 11
102 80 8
102 81 8
102 99 11
103 99 11
104 99 11
105 81 8
105 82 8
105 83 8
105 84 8
105 85 8
105 99 11
106 81 8
106 82 8
106 83 8
106 84 8
106 85 8
106 86 8
106 87 8
106 88 8
106 89 8
106 90 8
106 91 8
106 92 8
106 93 8
106 94 8
106 95 8
106 96 8
106 97 8
106 98 8
106 99 8
107 81 8
107 82 8
107 83 8
107 84 8
107 85 8
107 86 8
107 87 8
107 88 8
107 89 8
107 90 8
107 91 8
107 92 8
107 93 8
107 94 8
107 95 8
107 96 8
107 97 8
107 98 8
107 99 8
108 80 8
108 81 8
108 82 8
108 99 11
109 80 8
109 81 8
109 82 8
109 99 11
110 80 8
110 81 8
110 82 8
110 99 11
111 80 8
111 81 8
111 82 8
111 99 11
112 80 8
112 81 8
112 82 8
112 99 11
113 80 8
113 81 8
113 82 8
113 99 11
114 80 8
114 81 8
114 82 8
114 99 11
115 80 8
115 81 8
115 82 8
115 99 11
116 80 8
116 81 8
116 82 8
116 99 11
117 79 8
117 80 8
117 81 8
117 82 8
117 99 11
118 79 8
118 80 8
118 81 8
118 82 8
118 99 11
119 79 8
119 80 8
119 81 8
119 82 8
119 99 11
120 79 8
120 80 8
120 81 8
120 82 8
120 99 11
121 79 8
121 80 8
121 81 8
121 82 8
121 99 11
122 79 8
122 80 8
122 81 8
122 82 8
122 99 11
123 79 8
123 80 8
123 81 8
123 82 8
123 99 11
124 79 8
124 80 8
124 81 8
124 82 8
124 99 11
125 79 8
125 80 8
125 81 8
125 82 8
125 99 11
126 78 8
126 79 8
126 80 8
126 81 8
126 82 8
126 99 11
127 78 8
127 79 8
127 80 8
127 81 8
127 82 8
127 99 11
128 77 8
128 78 8
128 79 8
128 80 8
128 81 8
128 82 8
128 99 11
129 77 8
129 78 8
129 79 8
129 80 8
129 81 8
129 82 8
130 77 8
130 78 8
130 79 8
130 80 8
130 81 8
130 82 8
131 77 8
131 78 8
131 79 8
131 80 8
131 81 8
131 82 8
132 77 8
132 78 8
132 79 8
132 80 8
132 81 8
132 82 8
133 77 8
133 78 8
133 79 8
133 80 8
133 81 8
133 82 8
134 77 8
134 78 8
134 79 8
134 80 8
134 81 8
134 82 8
135 77 8
135 78 8
135 79 8
135 80 8
135 81 8
135 82 8
136 76 8
136 77 8
136 78 8
136 79 8
136 80 8
136 81 8
136 82 8
137 76 8
137 77 8
137 78 8
137 79 8
137 80 8
137 81 8
137 82 8
138 76 8
138 77 8
138 78 8
138 79 8
138 80 8
138 81 8
138 82 8
139 76 8
139 77 8
139 78 8
139 79 8
139 80 8
139 81 8
139 82 8
140 76 8
140 77 8
140 78 8
140 79 8
140 80 8
140 81 8
140 82 8
141 76 8
141 77 8
141 78 8
141 79 8
141 80 8
141 81 8
141 82 8
142 76 8
142 77 8
142 78 8
142 79 8
142 80 8
142 81 8
142 82 8
143 76 8
143 77 8
143 78 8
143 79 8
143 80 8
143 81 8
143 82 8
144 76 8
144 77 8
144 78 8
144 79 8
144 80 8
144 81 8
144 82 8
145 76 8
145 77 8
145 78 8
145 79 8
145 80 8
145 81 8
145 82 8
146 76 8
146 77 8
146 78 8
146 79 8
146 80 8
146 81 8
146 82 8
147 76 8
147 77 8
147 78 8
147 79 8
147 80 8
147 81 8
147 82 8
148 76 8
148 77 8
148 78 8
148 79 8
148 80 8
148 81 8
148 82 8
148 99 8
149 76 8
149 77 8
149 78 8
149 79 8
149 80 8
149 81 8
149 82 8
149 98 8
149 99 8
150 76 8
150 77 8
150 78 8
150 79 8
150 80 8
150 81 8
150 82 8
150 96 8
150 97 8
150 98 8
150 99 8
151 76 8
151 77 8
151 78 8
151 79 8
151 80 8
151 81 8
151 82 8
151 92 8
151 93 8
151 94 8
151 95 8
151 96 8
151 97 8
151 98 8
151 99 8
152 76 8
152 77 8
152 78 8
152 79 8
152 80 8
152 81 8
152 82 8
152 83 8
152 84 8
152 85 8
152 86 8
152 87 8
152 88 8
152 89 8
152 90 8
152 91 8
152 92 8
152 93 8
152 94 8
152 95 8
152 96 8
152 97 8
152 98 8
152 99 8
153 76 8
153 77 8
153 78 8
153 79 8
153 80 8
153 81 8
153 82 8
153 83 8
153 84 8
153 85 8
153 86 8
153 87 8
153 88 8
153 89 8
153 90 8
153 91 8
153 92 8
153 93 8
153 94 8
153 95 8
153 96 8
153 97 8
153 98 8
153 99 8
154 92 8
154 93 8
154 94 8
154 95 8
154 96 8
154 97 8
154 98 8
154 99 8
155 96 8
155 97 8
155 98 8
155 99 8
156 98 8
156 99 8
157 99 8
158 99 11
159 99 11
160 99 11
161 99 11
162 99 11
163 99 11
164 99 11
165 99 11
166 99 11
167 99 11
168 99 11
169 99 11
170 99 11
171 99 11
172 99 11
173 99 11
174 99 11
175 99 11
176 99 11
177 99 11
178 99 11
179 99 11
180 99 11
181 99 11
182 99 11
183 99 11
184 99 11
185 99 11
186 99 11
187 99 11
188 99 11
189 99 5
190 98 5
190 99 5
191 97 5
191 98 5
191 99 5
192 96 5
192 97 5
192 98 5
192 99 5
193 95 5
193 96 5
193 97 5
193 98 5
193 99 5
194 94 5
194 95 5
194 96 5
194 97 5
194 98 5
194 99 5
195 93 5
195 94 5
195 95 5
195 96 5
195 97 5
195 98 5
195 99 5
196 93 5
196 94 5
196 95 5
196 96 5
196 97 5
196 98 5
196 99 5
197 93 5
197 94 5
197 95 5
197 96 5
197 97 5
197 98 5
197 99 5
198 99 5
199 99 5
200 99 5
201 99 5
202 99 5
203 99 5
204 99 5
205 99 5
206 99 5
207 99 5
208 99 5
209 99 5
210 99 5
211 98 5
211 99 5
212 99 5
213 99 5
214 99 5
215 99 5
216 99 5
217 99 5
218 99 5
219 99 5
220 99 5
221 99 5
222 99 5
223 99 5
224 99 5
225 99 5
226 99 5
227 99 5
228 99 5
229 99 5
230 99 5
231 99 5
232 99 5
233 99 5
234 99 5
235 99 5
236 99 5
237 99 5
238 99 5
239 99 5
240 99 5
241 99 5
242 99 5
::TILES-> END
::BONUS-> BEGIN
38 84 4
46 79 16
65 76 16
85 81 1
85 82 1
85 83 1
85 84 1
85 85 1
85 86 1
85 87 1
86 81 1
86 84 1
86 87 1
87 81 4
87 84 1
87 87 1
88 81 1
88 84 1
88 87 1
89 81 1
89 82 1
89 83 1
89 84 1
89 87 1
90 87 1
91 87 1
92 84 1
92 85 1
92 86 1
92 87 1
93 84 1
94 84 1
95 84 1
96 84 1
97 84 1
98 84 1
99 84 1
100 84 1
101 84 1
102 84 1
103 84 1
104 84 1
105 84 1
118 76 2
213 79 15
213 80 15
213 81 15
213 82 15
213 83 15
213 84 15
213 85 15
213 86 15
213 87 15
213 88 15
213 89 15
213 90 15
::BONUS-> END
::COIN-> BEGIN
44 88
46 88
48 88
50 88
52 88
54 82
54 84
54 86
54 88
55 81
55 83
55 85
55 87
65 77
65 78
65 79
65 80
146 74
147 74
148 74
149 74
150 74
151 74
152 74
153 74
154 74
155 74
156 75
157 76
158 77
158 78
158 79
158 80
158 81
158 82
158 83
158 84
158 85
158 86
158 87
158 88
158 89
158 90
158 91
158 92
158 93
158 94
158 95
158 96
197 93
200 89
201 89
204 88
205 88
208 89
209 89
::COIN-> END
GOOMBA 3 89
GOOMBA 4 90
GOOMBA 5 91
GOOMBA 6 92
BRETT 1560 3600
BRETT 2120 3240
TURTLE 71 79
TURTLE 72 79
TURTLE 75 79
TURTLE 77 79
TURTLE 80 79
TURTLE 81 79
GOOMBA 86 86
GOOMBA 87 83
GOOMBA 88 86
GOOMBA 90 86
TURTLE 154 90
GOOMBA 156 94
GOOMBA 161 95
GOOMBA 162 95
GOOMBA 164 95
GOOMBA 167 95
TURTLE 170 91
TURTLE 174 95
TURTLE 179 92
TURTLEFLY 191 20
TURTLEFLY 192 12
TURTLEFLY 196 10
TURTLEFLY 196 15
TURTLEFLY 199 18
TURTLEFLY 202 12
TURTLEFLY 207 15
RESTART data/levels/4/main
START 0 403 3802 2
EXIT 0 0 0 NONE 0 0
START 1 0 0 0
EXIT 1 0 0 NONE 0 0
START 2 0 0 0
EXIT 2 0 0 NONE 0 0
START 3 0 0 0
EXIT 3 0 0 NONE 0 0
START 4 0 0 0
EXIT 4 0 0 NONE 0 0
BGCOLOR 2000030

CASTLE 8440 3601 0 data/levels/5/main 0
MUSIC groove3.mid
#if you want a big static background:
#BACKGROUND data/gfx/background/VH.jpg

