# Level for Mega Mario

TEXTURE data/gfx/tiles/ground/stone0.png
TEXTURE data/gfx/tiles/ground/stone1.png
TEXTURE data/gfx/tiles/ground/stone2.png
TEXTURE data/gfx/tiles/ground/stone3.png
TEXTURE data/gfx/tiles/ground/sand.png
TEXTURE data/gfx/tiles/ground/metal.png
TEXTURE data/gfx/tiles/ground/stone4.png
TEXTURE data/gfx/tiles/pipes/up/1.png
TEXTURE data/gfx/tiles/pipes/up/2.png
TEXTURE data/gfx/tiles/pipes/up/3.png
TEXTURE data/gfx/tiles/pipes/up/4.png
TEXTURE data/gfx/tiles/pipes/down/1.png
TEXTURE data/gfx/tiles/pipes/down/2.png
TEXTURE data/gfx/tiles/pipes/down/3.png
TEXTURE data/gfx/tiles/pipes/down/4.png
TEXTURE data/gfx/tiles/pipes/right/1.png
TEXTURE data/gfx/tiles/pipes/right/2.png
TEXTURE data/gfx/tiles/pipes/right/3.png
TEXTURE data/gfx/tiles/pipes/right/4.png
TEXTURE data/gfx/tiles/pipes/left/1.png
TEXTURE data/gfx/tiles/pipes/left/2.png
TEXTURE data/gfx/tiles/pipes/left/3.png
TEXTURE data/gfx/tiles/pipes/left/4.png
::TILES-> BEGIN
3 83 14
3 84 14
3 85 14
3 86 14
3 87 14
3 88 14
3 89 14
3 90 12
4 83 15
4 84 15
4 85 15
4 86 15
4 87 15
4 88 15
4 89 15
4 90 13
25 97 20
25 98 21
26 97 18
26 98 19
27 97 18
27 98 19
28 97 18
28 98 19
29 97 18
29 98 19
30 97 18
30 98 19
31 97 18
31 98 19
32 97 18
32 98 19
33 97 18
::TILES-> END
::BONUS-> BEGIN
1 84 14
1 85 14
1 86 14
1 87 14
1 88 14
1 89 14
1 90 14
1 91 14
1 92 14
1 93 14
1 94 14
1 95 14
1 96 14
1 97 14
1 98 14
1 99 14
2 84 14
2 85 14
2 86 14
2 87 14
2 88 14
2 89 14
2 90 14
2 91 14
2 99 14
3 99 14
4 99 14
5 85 14
5 86 14
5 87 14
5 88 14
5 89 14
5 90 14
5 95 16
5 99 14
6 85 14
6 86 14
6 87 14
6 88 14
6 89 14
6 90 14
6 95 15
6 99 14
7 85 14
7 86 14
7 87 14
7 88 14
7 89 14
7 90 14
7 95 16
7 99 14
8 85 14
8 86 14
8 87 14
8 88 14
8 89 14
8 90 14
8 95 15
8 99 14
9 85 14
9 86 14
9 87 14
9 88 14
9 89 14
9 90 14
9 95 16
9 99 14
10 85 14
10 86 14
10 87 14
10 88 14
10 89 14
10 90 14
10 95 15
10 99 14
11 85 14
11 86 14
11 87 14
11 88 14
11 89 14
11 90 14
11 95 16
11 99 14
12 85 14
12 86 14
12 87 14
12 88 14
12 89 14
12 90 14
12 95 15
12 99 14
13 85 14
13 86 14
13 87 14
13 88 14
13 89 14
13 90 14
13 95 16
13 99 14
14 85 14
14 86 14
14 87 14
14 88 14
14 89 14
14 90 14
14 95 15
14 99 14
15 85 14
15 86 14
15 87 14
15 88 14
15 89 14
15 90 14
15 95 16
15 99 14
16 85 14
16 86 14
16 87 14
16 88 14
16 89 14
16 90 14
16 92 14
16 95 14
16 99 14
17 85 14
17 86 14
17 87 14
17 88 14
17 89 14
17 90 14
17 92 14
17 95 14
17 99 14
18 85 14
18 86 14
18 87 14
18 88 14
18 89 14
18 90 14
18 92 14
18 95 14
18 99 14
19 85 14
19 86 14
19 87 14
19 88 14
19 89 14
19 90 14
19 92 14
19 95 14
19 99 14
20 85 14
20 86 14
20 87 14
20 88 14
20 89 14
20 90 14
20 92 14
20 99 14
21 85 14
21 86 14
21 87 14
21 88 14
21 89 14
21 90 14
21 92 14
21 96 2
21 99 14
22 85 14
22 86 14
22 87 14
22 88 14
22 89 14
22 90 14
22 92 14
22 99 14
23 85 14
23 86 14
23 87 14
23 88 14
23 89 14
23 90 14
23 92 14
23 95 14
23 99 14
24 85 14
24 86 14
24 87 14
24 88 14
24 89 14
24 90 14
24 92 14
24 95 14
24 99 14
25 85 14
25 86 14
25 87 14
25 88 14
25 89 14
25 90 14
25 92 14
25 95 14
25 99 14
26 85 14
26 86 14
26 87 14
26 88 14
26 89 14
26 90 14
26 91 14
26 92 14
26 93 14
26 94 14
26 95 14
26 96 14
26 97 14
26 98 14
26 99 14
27 85 14
27 86 14
27 87 14
27 88 14
27 89 14
27 90 14
27 91 14
27 92 14
27 93 14
27 94 14
27 95 14
27 96 14
27 97 14
27 98 14
27 99 14
28 85 14
28 86 14
28 87 14
28 88 14
28 89 14
28 90 14
28 91 14
28 92 14
28 93 14
28 94 14
28 95 14
28 96 14
28 97 14
28 98 14
28 99 14
29 85 14
29 86 14
29 87 14
29 88 14
29 89 14
29 90 14
29 91 14
29 92 14
29 93 14
29 94 14
29 95 14
29 96 14
29 97 14
29 98 14
29 99 14
30 85 14
30 86 14
30 87 14
30 88 14
30 89 14
30 90 14
30 91 14
30 92 14
30 93 14
30 94 14
30 95 14
30 96 14
30 97 14
30 98 14
30 99 14
31 85 14
31 86 14
31 87 14
31 88 14
31 89 14
31 90 14
31 91 14
31 92 14
31 93 14
31 94 14
31 95 14
31 96 14
31 97 14
31 98 14
31 99 14
32 85 14
32 86 14
32 87 14
32 88 14
32 89 14
32 90 14
32 91 14
32 92 14
32 93 14
32 94 14
32 95 14
32 96 14
32 97 14
32 98 14
32 99 14
33 85 14
33 86 14
33 87 14
33 88 14
33 89 14
33 90 14
33 91 14
33 92 14
33 93 14
33 94 14
33 95 14
33 96 14
33 97 14
33 98 14
33 99 14
::BONUS-> END
::COIN-> BEGIN
3 91
3 92
3 93
4 93
4 94
4 95
4 96
4 97
4 98
5 94
5 98
6 94
6 98
7 94
7 98
8 94
8 98
9 94
9 98
10 94
10 98
11 94
11 98
12 94
12 98
13 94
13 98
14 94
14 98
15 94
15 98
16 94
16 98
17 92
17 94
17 98
18 92
18 94
18 98
19 92
19 94
19 98
20 92
20 94
20 95
20 98
21 92
21 95
21 97
21 98
22 92
22 98
23 92
23 98
24 92
24 98
25 92
::COIN-> END
START 0 135 3643 1
EXIT 0 990 3904 data/levels/old/1/main 1 1
START 1 0 0 0
EXIT 1 0 0 NONE 0 1
START 2 0 0 0
EXIT 2 0 0 NONE 0 1
START 3 0 0 0
EXIT 3 0 0 NONE 0 1
START 4 0 0 0
EXIT 4 0 0 NONE 0 1
BGCOLOR 2000030
BACKGROUND data/gfx/background/wood.jpg
