# Level for Mega Mario

TEXTURE data/gfx/tiles/ground/stone0.png
TEXTURE data/gfx/tiles/ground/stone1.png
TEXTURE data/gfx/tiles/ground/stone2.png
TEXTURE data/gfx/tiles/ground/stone3.png
TEXTURE data/gfx/tiles/ground/sand.png
TEXTURE data/gfx/tiles/ground/metal.png
TEXTURE data/gfx/tiles/ground/stone4.png
TEXTURE data/gfx/tiles/pipes/up/1.png
TEXTURE data/gfx/tiles/pipes/up/2.png
TEXTURE data/gfx/tiles/pipes/up/3.png
TEXTURE data/gfx/tiles/pipes/up/4.png
TEXTURE data/gfx/tiles/pipes/down/1.png
TEXTURE data/gfx/tiles/pipes/down/2.png
TEXTURE data/gfx/tiles/pipes/down/3.png
TEXTURE data/gfx/tiles/pipes/down/4.png
TEXTURE data/gfx/tiles/pipes/right/1.png
TEXTURE data/gfx/tiles/pipes/right/2.png
TEXTURE data/gfx/tiles/pipes/right/3.png
TEXTURE data/gfx/tiles/pipes/right/4.png
TEXTURE data/gfx/tiles/pipes/left/1.png
TEXTURE data/gfx/tiles/pipes/left/2.png
TEXTURE data/gfx/tiles/pipes/left/3.png
TEXTURE data/gfx/tiles/pipes/left/4.png
TEXTURE data/gfx/tiles/cannonset1.png
TEXTURE data/gfx/tiles/cannonset2.png
::TILES-> BEGIN
1 80 4
1 81 4
1 82 4
1 83 4
1 84 4
1 85 4
1 86 2
1 99 3
2 80 4
2 81 4
2 82 4
2 83 4
2 84 4
2 85 4
2 86 2
2 87 6
2 88 6
2 89 6
2 90 6
2 91 6
2 92 6
2 93 6
2 94 6
2 95 6
2 96 6
2 97 6
2 98 6
2 99 3
3 80 4
3 81 4
3 82 4
3 83 4
3 84 4
3 85 4
3 86 2
3 99 3
4 80 4
4 81 4
4 82 4
4 83 4
4 84 4
4 85 4
4 86 2
4 99 3
5 80 4
5 81 4
5 82 4
5 83 4
5 84 4
5 85 4
5 86 2
5 99 3
6 80 4
6 81 4
6 82 4
6 83 4
6 84 4
6 85 4
6 86 2
6 99 3
7 78 14
7 79 14
7 80 14
7 81 14
7 82 14
7 83 14
7 84 14
7 85 14
7 86 14
7 87 14
7 88 14
7 89 12
7 99 3
8 78 15
8 79 15
8 80 15
8 81 15
8 82 15
8 83 15
8 84 15
8 85 15
8 86 15
8 87 15
8 88 15
8 89 13
8 99 3
9 80 4
9 81 4
9 82 4
9 83 4
9 84 4
9 85 4
9 86 2
9 99 3
10 80 4
10 81 4
10 82 4
10 83 4
10 84 4
10 85 4
10 86 2
10 99 3
11 80 4
11 81 4
11 82 4
11 83 4
11 84 4
11 85 4
11 86 2
11 99 3
12 80 4
12 81 4
12 82 4
12 83 4
12 84 4
12 85 4
12 86 2
12 87 6
12 88 6
12 89 6
12 90 6
12 91 6
12 92 6
12 93 6
12 94 6
12 95 7
12 99 3
13 80 4
13 81 4
13 82 4
13 83 4
13 84 4
13 85 4
13 86 2
13 99 3
14 80 4
14 81 4
14 82 4
14 83 4
14 84 4
14 85 4
14 86 2
14 99 3
15 80 4
15 81 4
15 82 4
15 83 4
15 84 4
15 85 4
15 86 2
15 99 3
16 80 4
16 81 4
16 82 4
16 83 4
16 84 4
16 85 4
16 86 2
16 99 3
17 80 4
17 81 4
17 82 4
17 83 4
17 84 4
17 85 4
17 86 2
17 99 3
18 80 4
18 81 4
18 82 4
18 83 4
18 84 4
18 85 4
18 86 2
18 99 3
19 80 4
19 81 4
19 82 4
19 83 4
19 84 4
19 85 4
19 86 2
19 99 3
20 79 2
20 80 2
20 81 2
20 82 2
20 83 2
20 84 2
20 85 2
20 86 2
20 99 3
21 99 3
22 99 3
23 99 3
24 99 3
25 99 3
26 99 3
27 99 3
28 98 7
28 99 3
29 97 7
29 98 7
29 99 3
30 96 24
30 97 7
30 98 7
30 99 3
31 97 7
31 98 7
31 99 3
32 98 7
32 99 3
33 99 3
34 99 3
35 99 3
36 99 3
37 99 3
38 99 3
39 99 3
40 99 3
41 99 3
42 99 3
43 99 3
44 99 3
45 99 3
46 99 3
47 99 3
48 99 3
49 99 3
50 99 3
51 99 3
52 99 3
53 95 9
53 96 11
53 97 11
53 98 11
53 99 11
54 95 8
54 96 10
54 97 10
54 98 10
54 99 10
55 99 3
56 99 3
57 99 3
58 99 3
59 92 7
59 93 7
59 94 7
59 95 7
59 99 3
60 95 7
60 99 3
61 95 7
61 99 3
62 95 7
62 99 3
63 95 7
63 99 3
64 95 7
64 99 3
65 95 7
65 99 3
66 95 7
66 99 3
67 95 7
67 99 3
68 95 7
68 99 3
69 95 7
69 99 3
70 95 7
70 99 3
71 91 7
71 92 7
71 93 7
71 94 7
71 95 7
71 99 3
72 99 3
73 99 3
74 99 3
75 99 3
76 99 3
77 99 3
78 99 3
79 99 3
80 99 3
81 96 9
81 97 11
81 98 11
81 99 3
82 96 8
82 97 10
82 98 10
82 99 3
83 99 3
84 99 3
85 80 7
85 99 3
86 81 7
86 99 3
87 82 7
87 99 3
88 83 7
88 99 3
89 84 7
89 99 3
90 85 7
90 99 3
91 86 7
91 99 3
92 87 7
92 99 3
93 87 7
93 97 20
93 98 21
93 99 3
94 88 7
94 89 7
94 90 7
94 91 7
94 92 7
94 93 7
94 94 7
94 95 7
94 96 7
94 97 22
94 98 23
94 99 7
95 96 7
95 97 22
95 98 23
95 99 7
96 96 7
96 97 22
96 98 23
96 99 7
97 88 7
97 89 7
97 90 7
97 91 7
97 92 7
97 93 7
97 94 7
97 95 7
97 96 7
97 97 22
97 98 23
97 99 7
98 87 7
98 97 16
98 98 17
98 99 3
99 87 7
99 99 3
100 86 7
100 99 3
101 85 7
101 96 1
101 99 3
102 84 7
102 96 1
102 99 3
103 83 7
103 99 3
104 82 7
104 96 1
104 99 3
105 81 7
105 96 1
105 99 3
106 80 7
106 99 3
107 79 7
107 80 14
107 81 14
107 82 14
107 83 14
107 84 14
107 85 14
107 86 14
107 87 14
107 88 14
107 89 14
107 90 14
107 91 14
107 92 14
107 93 12
107 98 3
107 99 3
108 79 15
108 80 15
108 81 15
108 82 15
108 83 15
108 84 15
108 85 15
108 86 15
108 87 15
108 88 15
108 89 15
108 90 15
108 91 15
108 92 15
108 93 13
108 98 3
108 99 3
109 99 3
110 99 3
111 98 24
111 99 3
112 97 24
112 98 25
112 99 3
113 96 24
113 97 25
113 98 25
113 99 3
114 95 24
114 96 25
114 97 25
114 98 25
114 99 3
115 94 9
115 95 11
115 96 11
115 97 2
115 98 2
115 99 3
116 94 8
116 95 10
116 96 10
116 97 2
116 98 2
116 99 3
117 97 18
117 98 19
117 99 3
118 97 18
118 98 19
118 99 3
119 97 16
119 98 17
119 99 3
120 99 3
121 99 3
122 99 3
123 99 3
124 99 3
125 99 3
126 99 3
127 99 3
128 99 3
129 99 3
130 99 3
131 99 3
132 99 3
133 99 3
134 99 3
135 99 3
136 99 3
137 99 3
138 99 3
139 99 3
140 99 3
141 99 3
142 99 3
143 99 3
144 99 3
145 99 3
146 99 3
147 99 3
148 99 3
149 99 3
150 99 3
151 99 3
152 99 3
153 99 3
154 99 3
155 99 3
156 99 3
157 99 3
158 99 3
159 99 3
160 99 3
161 99 3
162 99 3
163 99 3
164 99 3
165 99 3
166 99 3
167 99 3
168 99 3
169 99 3
170 99 3
171 99 3
172 99 3
173 99 3
174 99 3
175 99 3
176 99 3
177 98 7
177 99 3
178 97 7
178 98 7
178 99 3
179 96 7
179 97 7
179 99 3
180 95 7
180 96 7
180 98 7
180 99 3
181 94 7
181 95 7
181 97 7
181 99 3
182 93 7
182 94 7
182 96 7
182 98 7
182 99 3
183 93 7
183 95 7
183 97 7
183 99 3
184 99 3
185 99 3
186 99 3
187 99 3
188 99 3
189 99 3
190 99 3
191 98 7
191 99 3
192 99 3
193 99 3
194 99 3
195 99 3
196 99 3
197 99 3
198 99 3
199 99 3
200 99 3
201 99 3
202 99 3
203 99 3
204 99 3
205 99 3
206 99 3
207 99 3
208 99 3
209 98 24
209 99 3
210 97 24
210 98 25
210 99 3
211 96 24
211 97 25
211 98 25
211 99 3
212 95 24
212 96 25
212 97 25
212 98 25
212 99 3
213 94 24
213 95 25
213 96 25
213 97 25
213 98 25
213 99 3
214 93 24
214 94 25
214 95 25
214 96 25
214 97 25
214 98 25
214 99 3
215 99 3
216 99 3
217 99 3
218 99 3
219 99 3
220 99 3
221 99 3
222 98 7
222 99 3
223 99 3
224 99 3
225 99 3
226 99 3
227 99 3
228 99 3
229 72 3
229 99 3
230 72 3
230 99 3
231 72 3
231 99 3
232 72 3
232 99 3
233 72 3
233 99 3
234 72 3
234 99 3
235 72 3
235 99 3
236 72 3
236 99 3
237 72 3
237 99 3
238 72 3
238 99 3
239 72 3
239 99 3
240 72 3
240 99 3
241 72 3
241 73 3
241 74 3
241 75 3
241 76 3
241 77 3
241 78 3
241 79 3
241 80 3
241 81 3
241 82 3
241 83 3
241 84 3
241 85 3
241 86 3
241 87 3
241 88 3
241 89 3
241 90 3
241 91 3
241 92 3
241 93 3
241 94 3
241 95 3
241 96 3
241 97 3
241 98 3
241 99 3
242 99 3
243 99 3
::TILES-> END
::BONUS-> BEGIN
13 95 16
14 95 16
15 95 16
16 95 1
17 95 16
18 95 16
19 95 2
30 92 16
51 96 1
52 96 1
55 96 1
56 96 1
62 92 1
63 92 1
64 92 1
66 89 2
66 92 1
78 97 1
78 98 1
79 95 1
79 96 1
79 97 1
79 98 1
80 93 1
80 94 1
80 95 1
80 96 1
80 97 1
80 98 1
81 92 1
81 93 1
82 92 1
82 93 1
83 93 1
83 94 1
83 95 1
83 96 1
83 97 1
83 98 1
84 95 1
84 96 1
84 97 1
84 98 1
85 96 1
85 97 1
85 98 1
86 96 2
103 96 4
117 80 1
117 81 1
117 82 1
117 83 1
117 84 1
117 85 1
117 86 1
117 87 1
117 88 1
117 89 1
117 90 1
117 91 1
117 92 1
117 93 1
117 94 1
118 94 2
119 94 1
120 94 1
121 94 1
122 94 1
123 94 2
126 94 1
126 95 1
127 95 1
128 95 1
129 95 1
130 95 1
131 95 1
132 95 2
133 95 1
134 95 1
135 95 1
136 95 1
137 95 1
138 94 1
138 95 1
184 93 15
185 93 15
186 92 15
186 93 15
187 92 15
188 92 15
189 91 15
189 92 15
190 91 15
190 92 15
191 75 15
191 76 15
191 77 15
191 78 15
191 79 15
191 80 15
191 81 15
191 82 15
191 83 15
191 84 15
191 85 15
191 86 15
191 87 15
191 88 15
191 89 15
191 90 15
191 91 15
::BONUS-> END
::COIN-> BEGIN
7 91
7 92
7 93
7 95
8 91
8 92
8 93
8 95
49 96
50 96
52 96
55 98
56 98
57 98
58 98
59 98
60 98
61 98
62 98
63 98
64 98
65 98
66 98
67 98
68 98
69 98
70 98
71 98
72 98
73 98
127 93
128 92
128 93
129 91
129 92
129 93
130 90
130 91
130 92
130 93
131 89
131 90
131 91
131 92
131 93
132 88
132 89
132 90
132 91
132 92
132 93
133 89
133 90
133 91
133 92
133 93
134 90
134 91
134 92
134 93
135 91
135 92
135 93
136 92
136 93
137 93
179 98
180 97
181 96
181 98
182 95
182 97
183 94
183 96
183 98
189 89
189 90
190 89
190 90
::COIN-> END
GOOMBA 9 98
GOOMBA 18 94
GOOMBA 19 94
CANNON 30 95
TURTLE 36 97
SPINY 41 97
TURTLE 47 97
KILLERBLUME 53 94
FIRECIRCLE 59 92 6
KILLERBLUME 59 98
FIRE 60 93
KILLERBLUME 60 98
FIRE 61 93
KILLERBLUME 61 98
FIRE 62 93
FIRECIRCLE 62 94 6
KILLERBLUME 62 98
FIRE 63 93
KILLERBLUME 63 98
FIRE 64 93
KILLERBLUME 64 98
FIRE 65 93
FIRECIRCLE 65 94 6
KILLERBLUME 65 98
FIRE 66 93
KILLERBLUME 66 98
FIRE 67 93
KILLERBLUME 67 98
FIRE 68 93
FIRECIRCLE 68 94 6
KILLERBLUME 68 98
FIRE 69 93
KILLERBLUME 69 98
FIRE 70 93
KILLERBLUME 70 98
FIRECIRCLE 71 91 6
KILLERBLUME 71 98
GOOMBA 72 98
FIRE 95 94
FIRE 96 94
TURTLE 103 94
CANNON 110 98
CANNON 111 97
CANNON 112 96
CANNON 113 95
CANNON 114 94
KILLERBLUME 115 93
TURTLE 128 93
GOOMBA 130 94
GOOMBA 132 94
FIRECIRCLE 132 95 16
GOOMBA 134 94
SPINY 136 94
FIRECIRCLE 151 92 16
FIRECIRCLE 155 92 16
FIRECIRCLE 159 92 16
FIRECIRCLE 163 92 16
FIRECIRCLE 164 84 16
CANNON 208 98
CANNON 209 97
CANNON 209 98
CANNON 210 96
CANNON 210 97
CANNON 210 98
CANNON 211 95
CANNON 211 96
CANNON 211 97
CANNON 211 98
CANNON 212 94
CANNON 212 95
CANNON 212 96
CANNON 212 97
CANNON 212 98
CANNON 213 93
CANNON 213 94
CANNON 213 95
CANNON 213 96
CANNON 213 97
CANNON 213 98
CANNON 214 92
CANNON 214 93
CANNON 214 94
CANNON 214 95
CANNON 214 96
CANNON 214 97
CANNON 214 98
RESTART data/levels/old/1/main
START 0 298 3605 1
EXIT 0 2149 3794 data/levels/old/1/1 0 0
START 1 3259 3763 4
EXIT 1 3707 3913 data/levels/old/1/main 3 1
START 2 3659 3882 3
EXIT 2 3959 3890 data/levels/old/1/main 2 0
START 3 3979 3880 2
EXIT 3 4632 3753 data/levels/old/1/main 4 0
START 4 4805 3882 2
EXIT 4 7588 3613 data/levels/old/1/2 0 1
BGCOLOR 2000030

CASTLE 7647 3601 1 data/levels/old/1/2 0
MUSIC maingroove.mid
#if you want a big static background:
#BACKGROUND data/gfx/background/VH.jpg

