# Level for Mega Mario

TEXTURE data/gfx/tiles/ground/stone0.png
TEXTURE data/gfx/tiles/ground/stone1.png
TEXTURE data/gfx/tiles/ground/stone2.png
TEXTURE data/gfx/tiles/ground/stone3.png
TEXTURE data/gfx/tiles/ground/stone4.png
TEXTURE data/gfx/tiles/ground/stone5.png
TEXTURE data/gfx/tiles/ground/stone6.png
TEXTURE data/gfx/tiles/ground/bricks.png
TEXTURE data/gfx/tiles/ground/bricks2.png
TEXTURE data/gfx/tiles/ground/snowy.png
TEXTURE data/gfx/tiles/ground/grass.png
TEXTURE data/gfx/tiles/ground/sand.png
TEXTURE data/gfx/tiles/ground/metal.png
TEXTURE data/gfx/tiles/cannonset1.png
TEXTURE data/gfx/tiles/cannonset2.png
TEXTURE data/gfx/tiles/pipes/up/1.png
TEXTURE data/gfx/tiles/pipes/up/2.png
TEXTURE data/gfx/tiles/pipes/up/3.png
TEXTURE data/gfx/tiles/pipes/up/4.png
TEXTURE data/gfx/tiles/pipes/down/1.png
TEXTURE data/gfx/tiles/pipes/down/2.png
TEXTURE data/gfx/tiles/pipes/down/3.png
TEXTURE data/gfx/tiles/pipes/down/4.png
TEXTURE data/gfx/tiles/pipes/right/1.png
TEXTURE data/gfx/tiles/pipes/right/2.png
TEXTURE data/gfx/tiles/pipes/right/3.png
TEXTURE data/gfx/tiles/pipes/right/4.png
TEXTURE data/gfx/tiles/pipes/left/1.png
TEXTURE data/gfx/tiles/pipes/left/2.png
TEXTURE data/gfx/tiles/pipes/left/3.png
TEXTURE data/gfx/tiles/pipes/left/4.png
::TILES-> BEGIN
1 1 1
1 2 1
1 3 1
1 4 1
1 5 1
1 6 1
1 7 1
1 8 1
1 9 1
1 10 1
1 11 1
1 12 1
1 13 1
1 14 1
1 15 1
1 16 1
1 17 1
1 18 1
1 19 1
1 20 1
1 21 1
1 22 1
1 23 1
1 24 1
2 1 22
2 2 22
2 3 22
2 4 22
2 5 22
2 6 22
2 7 22
2 8 22
2 9 22
2 10 22
2 11 22
2 12 22
2 13 22
2 14 22
2 15 22
2 16 22
2 17 22
2 18 22
2 19 22
2 20 22
2 21 1
2 22 1
2 23 1
2 24 1
3 1 23
3 2 23
3 3 23
3 4 23
3 5 23
3 6 23
3 7 23
3 8 23
3 9 23
3 10 23
3 11 23
3 12 23
3 13 23
3 14 23
3 15 23
3 16 23
3 17 23
3 18 23
3 19 23
3 20 23
3 21 1
3 22 1
3 23 1
3 24 1
4 1 1
4 2 1
4 3 1
4 4 1
4 5 26
4 6 27
4 7 1
4 8 1
4 9 1
4 10 1
4 11 1
4 12 1
4 13 1
4 14 1
4 15 1
4 16 1
4 17 1
4 18 1
4 19 1
4 20 1
4 21 1
4 22 1
4 23 1
4 24 1
5 5 24
5 6 25
5 7 1
6 7 1
7 7 1
8 7 1
9 7 1
10 7 1
11 7 1
11 40 13
11 41 13
11 42 13
11 43 13
11 44 13
11 45 13
11 46 13
11 47 13
11 48 13
11 49 13
11 50 13
11 51 13
11 52 13
11 53 13
11 54 13
11 55 13
11 56 13
11 57 13
11 58 13
11 59 13
12 7 1
12 40 13
12 41 13
12 42 13
12 43 13
12 44 13
12 45 13
12 46 13
12 47 13
12 48 13
12 49 13
12 50 13
12 51 13
12 52 13
12 53 13
12 54 13
12 55 13
12 56 13
12 57 13
12 58 13
12 59 13
13 7 1
13 40 13
13 41 13
13 42 13
13 43 13
13 44 13
13 45 13
13 46 13
13 47 13
13 48 13
13 49 13
13 50 13
13 51 13
13 52 13
13 53 13
13 54 13
13 55 13
13 56 13
13 57 13
13 58 13
13 59 13
14 7 1
14 40 13
14 41 13
14 42 13
14 43 13
14 44 13
14 45 13
14 46 13
14 47 13
14 48 13
14 49 13
14 50 13
14 51 13
14 52 13
14 53 13
14 54 13
14 55 13
14 56 13
14 57 13
14 58 13
14 59 13
15 7 1
15 40 13
15 41 13
15 42 13
15 43 13
15 44 13
15 45 13
15 46 13
15 47 13
15 48 13
15 49 13
15 50 13
15 51 13
15 52 13
15 53 13
15 54 13
15 55 13
15 56 13
15 57 13
15 58 13
15 59 13
16 7 1
16 40 13
16 41 13
16 42 13
16 43 13
16 44 13
16 45 13
16 46 13
16 47 13
16 48 13
16 49 13
16 50 13
16 51 13
16 52 13
16 53 13
16 54 13
16 55 13
16 56 13
16 57 13
16 58 13
16 59 13
17 7 1
17 40 13
17 41 13
17 42 13
17 43 13
17 44 13
17 45 13
17 46 13
17 47 13
17 48 13
17 49 13
17 50 13
17 51 13
17 52 13
17 53 13
17 54 13
17 55 13
17 56 13
17 57 13
17 58 13
17 59 13
18 7 1
18 40 13
18 41 13
18 42 13
18 43 13
18 44 13
18 45 13
18 46 13
18 47 13
18 48 13
18 49 13
18 50 13
18 51 13
18 52 13
18 53 13
18 54 13
18 55 13
18 56 13
18 57 13
18 58 13
18 59 13
19 7 1
19 40 13
19 41 13
19 42 13
19 43 13
19 44 13
19 45 13
19 46 13
19 47 13
19 48 13
19 49 13
19 50 13
19 51 13
19 52 13
19 53 13
19 54 13
19 55 13
19 56 13
19 57 13
19 58 13
19 59 13
20 7 1
20 40 13
20 41 13
20 42 13
20 43 13
20 44 13
20 45 13
20 46 13
20 47 13
20 48 13
20 49 13
20 50 13
20 51 13
20 52 13
20 53 13
20 54 13
20 55 13
20 56 13
20 57 13
20 58 13
20 59 13
21 6 17
21 7 1
21 8 20
21 40 13
21 41 13
21 42 13
21 43 13
21 44 13
21 45 13
21 46 13
21 47 13
21 48 13
21 49 13
21 50 13
21 51 13
21 52 13
21 53 13
21 54 13
21 55 13
21 56 13
21 57 13
21 58 13
21 59 13
22 6 16
22 7 1
22 8 21
22 40 13
22 41 13
22 42 13
22 43 13
22 44 13
22 45 13
22 46 13
22 47 13
22 48 13
22 49 13
22 50 13
22 51 13
22 52 13
22 53 13
22 54 13
22 55 13
22 56 13
22 57 13
22 58 13
22 59 13
23 7 1
23 40 13
23 41 13
23 42 13
23 43 13
23 44 13
23 45 13
23 46 13
23 47 13
23 48 13
23 49 13
23 50 13
23 51 13
23 52 13
23 53 13
23 54 13
23 55 13
23 56 13
23 57 13
23 58 13
23 59 13
24 7 1
24 40 13
24 41 13
24 42 13
24 43 13
24 44 13
24 45 13
24 46 13
24 47 13
24 48 13
24 49 13
24 50 13
24 51 13
24 52 13
24 53 13
24 54 13
24 55 13
24 56 13
24 57 13
24 58 13
24 59 13
25 40 13
25 41 13
25 42 13
25 43 13
25 44 13
25 45 13
25 46 13
25 47 13
25 48 13
25 49 13
25 50 13
25 51 13
25 52 13
25 53 13
25 54 13
25 55 13
25 56 13
25 57 13
25 58 13
25 59 13
26 40 13
26 41 13
26 42 13
26 43 13
26 44 13
26 45 13
26 46 13
26 47 13
26 48 13
26 49 13
26 50 13
26 51 13
26 52 13
26 53 13
26 54 13
26 55 13
26 56 13
26 57 13
26 58 13
26 59 13
27 40 13
27 41 13
27 42 13
27 43 13
27 44 13
27 45 13
27 46 13
27 47 13
27 48 13
27 49 13
27 50 13
27 51 13
27 52 13
27 53 13
27 54 13
27 55 13
27 56 13
27 57 13
27 58 13
27 59 13
28 40 13
28 41 13
28 42 13
28 43 13
28 44 13
28 45 13
28 46 13
28 47 13
28 48 13
28 49 13
28 50 13
28 51 13
28 52 13
28 53 13
28 54 13
28 55 13
28 56 13
28 57 13
28 58 13
28 59 13
29 40 13
29 41 13
29 42 13
29 43 13
29 44 13
29 45 13
29 46 13
29 47 13
29 48 13
29 49 13
29 50 13
29 51 13
29 52 13
29 53 13
29 54 13
29 55 13
29 56 13
29 57 13
29 58 13
29 59 13
30 40 13
30 41 13
30 42 13
30 43 13
30 44 13
30 45 13
30 46 13
30 47 13
30 48 13
30 49 13
30 50 13
30 51 13
30 52 13
30 53 13
30 54 13
30 55 13
30 56 13
30 57 13
30 58 13
30 59 13
31 40 13
31 41 13
31 42 13
31 43 13
31 44 13
31 45 13
31 46 13
31 47 13
31 48 13
31 49 13
31 50 13
31 51 13
31 52 13
31 53 13
31 54 13
31 55 13
31 56 13
31 57 13
31 58 13
31 59 13
32 40 13
32 41 13
32 42 13
32 43 13
32 44 13
32 45 13
32 46 13
32 47 13
32 48 13
32 49 13
32 50 13
32 51 13
32 52 13
32 53 13
32 54 13
32 55 13
32 56 13
32 57 13
32 58 13
32 59 13
33 40 13
33 41 13
33 42 13
33 43 13
33 44 13
33 45 13
33 46 13
33 47 13
33 48 13
33 49 13
33 50 13
33 51 13
33 52 13
33 53 13
33 54 13
33 55 13
33 56 13
33 57 13
33 58 13
33 59 13
34 40 13
34 41 13
34 42 13
34 43 13
34 44 13
34 45 13
34 46 13
34 47 13
34 48 13
34 49 13
34 50 13
34 51 13
34 52 13
34 53 13
34 54 13
34 55 13
34 56 13
34 57 13
34 58 13
34 59 13
35 40 13
35 41 13
35 42 13
35 43 13
35 44 13
35 45 13
35 46 13
35 47 13
35 48 13
35 49 13
35 50 13
35 51 13
35 52 13
35 53 13
35 54 13
35 55 13
35 56 13
35 57 13
35 58 13
35 59 13
36 40 13
36 41 13
36 42 13
36 43 13
36 44 13
36 45 13
36 46 13
36 47 13
36 48 13
36 49 13
36 50 13
36 51 13
36 52 13
36 53 13
36 54 13
36 55 13
36 56 13
36 57 13
36 58 13
36 59 13
37 40 13
37 41 13
37 42 13
37 43 13
37 44 13
37 45 13
37 46 13
37 47 13
37 48 13
37 49 13
37 50 13
37 51 13
37 52 13
37 53 13
37 54 13
37 55 13
37 56 13
37 57 13
37 58 13
37 59 13
38 40 13
38 41 13
38 42 13
38 43 13
38 44 13
38 45 13
38 46 13
38 47 13
38 48 13
38 49 13
38 50 13
38 51 13
38 52 13
38 53 13
38 54 13
38 55 13
38 56 13
38 57 13
38 58 13
38 59 13
39 40 13
39 41 13
39 42 13
39 43 13
39 44 13
39 45 13
39 46 13
39 47 13
39 48 13
39 49 13
39 50 13
39 51 13
39 52 13
39 53 13
39 54 13
39 55 13
39 56 13
39 57 13
39 58 13
39 59 13
40 40 13
40 41 13
40 42 13
40 43 13
40 44 13
40 45 13
40 46 13
40 47 13
40 48 13
40 49 13
40 50 13
40 51 13
40 52 13
40 53 13
40 54 13
40 55 13
40 56 13
40 57 13
40 58 13
40 59 13
41 40 13
41 41 13
41 42 13
41 43 13
41 44 13
41 45 13
41 46 13
41 47 13
41 48 13
41 49 13
41 50 13
41 51 13
41 52 13
41 53 13
41 54 13
41 55 13
41 56 13
41 57 13
41 58 13
41 59 13
42 40 13
42 41 13
42 42 13
42 43 13
42 44 13
42 45 13
42 46 13
42 47 13
42 48 13
42 49 13
42 50 13
42 51 13
42 52 13
42 53 13
42 54 13
42 55 13
42 56 13
42 57 13
42 58 13
42 59 13
43 40 13
43 41 13
43 42 13
43 43 13
43 44 13
43 45 13
43 46 13
43 47 13
43 48 13
43 49 13
43 50 13
43 51 13
43 52 13
43 53 13
43 54 13
43 55 13
43 56 13
43 57 13
43 58 13
43 59 13
44 40 13
44 41 13
44 42 13
44 43 13
44 44 13
44 45 13
44 46 13
44 47 13
44 48 13
44 49 13
44 50 13
44 51 13
44 52 13
44 53 13
44 54 13
44 55 13
44 56 13
44 57 13
44 58 13
44 59 13
45 40 13
45 41 13
45 42 13
45 43 13
45 44 13
45 45 13
45 46 13
45 47 13
45 48 13
45 49 13
45 50 13
45 51 13
45 52 13
45 53 13
45 54 13
45 55 13
45 56 13
45 57 13
45 58 13
45 59 13
46 40 13
46 41 13
46 42 13
46 43 13
46 44 13
46 45 13
46 46 13
46 47 13
46 48 13
46 49 13
46 50 13
46 51 13
46 52 13
46 53 13
46 54 13
46 55 13
46 56 13
46 57 13
46 58 13
46 59 13
47 40 13
47 41 13
47 42 13
47 43 13
47 44 13
47 45 13
47 46 13
47 47 13
47 48 13
47 49 13
47 50 13
47 51 13
47 52 13
47 53 13
47 54 13
47 55 13
47 56 13
47 57 13
47 58 13
47 59 13
48 40 13
48 41 13
48 42 13
48 43 13
48 44 13
48 45 13
48 46 13
48 47 13
48 48 13
48 49 13
48 50 13
48 51 13
48 52 13
48 53 13
48 54 13
48 55 13
48 56 13
48 57 13
48 58 13
48 59 13
49 40 13
49 41 13
49 42 13
49 43 13
49 44 13
49 45 13
49 46 13
49 47 13
49 48 13
49 49 13
49 50 13
49 51 13
49 52 13
49 53 13
49 54 13
49 55 13
49 56 13
49 57 13
49 58 13
49 59 13
50 40 13
50 41 13
50 42 13
50 43 13
50 44 13
50 45 13
50 46 13
50 47 13
50 48 13
50 49 13
50 50 13
50 51 13
50 52 13
50 53 13
50 54 13
50 55 13
50 56 13
50 57 13
50 58 13
50 59 13
51 40 13
51 41 13
51 42 13
51 43 13
51 44 13
51 45 13
51 46 13
51 47 13
51 48 13
51 49 13
51 50 13
51 51 13
51 52 13
51 53 13
51 54 13
51 55 13
51 56 13
51 57 13
51 58 13
51 59 13
52 40 13
52 41 13
52 42 13
52 43 13
52 44 13
52 45 13
52 46 13
52 47 13
52 48 13
52 49 13
52 50 13
52 51 13
52 52 13
52 53 13
52 54 13
52 55 13
52 56 13
52 57 13
52 58 13
52 59 13
53 40 13
53 41 13
53 42 13
53 43 13
53 44 13
53 45 13
53 46 13
53 47 13
53 48 13
53 49 13
53 50 13
53 51 13
53 52 13
53 53 13
53 54 13
53 55 13
53 56 13
53 57 13
53 58 13
53 59 13
54 40 13
54 41 13
54 42 13
54 43 13
54 44 13
54 45 13
54 46 13
54 47 13
54 48 13
54 49 13
54 50 13
54 51 13
54 52 13
54 53 13
54 54 13
54 55 13
54 56 13
54 57 13
54 58 13
54 59 13
55 40 13
55 41 13
55 42 13
55 43 13
55 44 13
55 45 13
55 46 13
55 47 13
55 48 13
55 49 13
55 50 13
55 51 13
55 52 13
55 53 13
55 54 13
55 55 13
55 56 13
55 57 13
55 58 13
55 59 13
56 40 13
56 41 13
56 42 13
56 43 13
56 44 13
56 45 13
56 46 13
56 47 13
56 48 13
56 49 13
56 50 13
56 51 13
56 52 13
56 53 13
56 54 13
56 55 13
56 56 13
56 57 13
56 58 13
56 59 13
57 40 13
57 41 13
57 42 13
57 43 13
57 44 13
57 45 13
57 46 13
57 47 13
57 48 13
57 49 13
57 50 13
57 51 13
57 52 13
57 53 13
57 54 13
57 55 13
57 56 13
57 57 13
57 58 13
57 59 13
58 40 13
58 41 13
58 42 13
58 43 13
58 44 13
58 45 13
58 46 13
58 47 13
58 48 13
58 49 13
58 50 13
58 51 13
58 52 13
58 53 13
58 54 13
58 55 13
58 56 13
58 57 13
58 58 13
58 59 13
59 40 13
59 41 13
59 42 13
59 43 13
59 44 13
59 45 13
59 46 13
59 47 13
59 48 13
59 49 13
59 50 13
59 51 13
59 52 13
59 53 13
59 54 13
59 55 13
59 56 13
59 57 13
59 58 13
59 59 13
60 40 13
60 41 13
60 42 13
60 43 13
60 44 13
60 45 13
60 46 13
60 47 13
60 48 13
60 49 13
60 50 13
60 51 13
60 52 13
60 53 13
60 54 13
60 55 13
60 56 13
60 57 13
60 58 13
60 59 13
61 40 13
61 41 13
61 42 13
61 43 13
61 44 13
61 45 13
61 46 13
61 47 13
61 48 13
61 49 13
61 50 13
61 51 13
61 52 13
61 53 13
61 54 13
61 55 13
61 56 13
61 57 13
61 58 13
61 59 13
62 40 13
62 41 13
62 42 13
62 43 13
62 44 13
62 45 13
62 46 13
62 47 13
62 48 13
62 49 13
62 50 13
62 51 13
62 52 13
62 53 13
62 54 13
62 55 13
62 56 13
62 57 13
62 58 13
62 59 13
63 40 13
63 41 13
63 42 13
63 43 13
63 44 13
63 45 13
63 46 13
63 47 13
63 48 13
63 49 13
63 50 13
63 51 13
63 52 13
63 53 13
63 54 13
63 55 13
63 56 13
63 57 13
63 58 13
63 59 13
64 40 13
64 41 13
64 42 13
64 43 13
64 44 13
64 45 13
64 46 13
64 47 13
64 48 13
64 49 13
64 50 13
64 51 13
64 52 13
64 53 13
64 54 13
64 55 13
64 56 13
64 57 13
64 58 13
64 59 13
65 40 13
65 41 13
65 42 13
65 43 13
65 44 13
65 45 13
65 46 13
65 47 13
65 48 13
65 49 13
65 50 13
65 51 13
65 52 13
65 53 13
65 54 13
65 55 13
65 56 13
65 57 13
65 58 13
65 59 13
66 40 13
66 41 13
66 42 13
66 43 13
66 44 13
66 45 13
66 46 13
66 47 13
66 48 13
66 49 13
66 50 13
66 51 13
66 52 13
66 53 13
66 54 13
66 55 13
66 56 13
66 57 13
66 58 13
66 59 13
67 40 13
67 41 13
67 42 13
67 43 13
67 44 13
67 45 13
67 46 13
67 47 13
67 48 13
67 49 13
67 50 13
67 51 13
67 52 13
67 53 13
67 54 13
67 55 13
67 56 13
67 57 13
67 58 13
67 59 13
68 40 13
68 41 13
68 42 13
68 43 13
68 44 13
68 45 13
68 46 13
68 47 13
68 48 13
68 49 13
68 50 13
68 51 13
68 52 13
68 53 13
68 54 13
68 55 13
68 56 13
68 57 13
68 58 13
68 59 13
69 40 13
69 41 13
69 42 13
69 43 13
69 44 13
69 45 13
69 46 13
69 47 13
69 48 13
69 49 13
69 50 13
69 51 13
69 52 13
69 53 13
69 54 13
69 55 13
69 56 13
69 57 13
69 58 13
69 59 13
70 40 13
70 41 13
70 42 13
70 43 13
70 44 13
70 45 13
70 46 13
70 47 13
70 48 13
70 49 13
70 50 13
70 51 13
70 52 13
70 53 13
70 54 13
70 55 13
70 56 13
70 57 13
70 58 13
70 59 13
71 1 22
71 2 22
71 3 22
71 4 22
71 5 22
71 6 22
71 7 20
71 40 13
71 41 13
71 42 13
71 43 13
71 44 13
71 45 13
71 46 13
71 47 13
71 48 13
71 49 13
71 50 13
71 51 13
71 52 13
71 53 13
71 54 13
71 55 13
71 56 13
71 57 13
71 58 13
71 59 13
72 1 23
72 2 23
72 3 23
72 4 23
72 5 23
72 6 23
72 7 21
72 40 13
72 41 13
72 42 13
72 43 13
72 44 13
72 45 13
72 46 13
72 47 13
72 48 13
72 49 13
72 50 13
72 51 13
72 52 13
72 53 13
72 54 13
72 55 13
72 56 13
72 57 13
72 58 13
72 59 13
73 1 1
73 2 1
73 3 1
73 4 1
73 5 1
73 6 1
73 7 1
73 8 1
73 9 1
73 10 1
73 11 1
73 12 1
73 13 1
73 14 1
73 15 1
73 16 1
73 17 1
73 18 1
73 19 1
73 20 1
73 21 1
73 22 1
73 23 1
73 24 1
73 25 1
73 26 1
73 27 1
73 28 1
73 29 1
73 30 1
73 31 1
73 32 1
73 33 1
73 34 1
73 37 1
73 38 1
73 39 1
73 40 13
73 41 13
73 42 13
73 43 13
73 44 13
73 45 13
73 46 13
73 47 13
73 48 13
73 49 13
73 50 13
73 51 13
73 52 13
73 53 13
73 54 13
73 55 13
73 56 13
73 57 13
73 58 13
73 59 13
74 1 1
74 2 1
74 3 1
74 4 1
74 5 1
74 6 1
74 7 1
74 8 1
74 9 1
74 10 1
74 11 1
74 12 1
74 13 1
74 14 1
74 15 1
74 16 1
74 17 1
74 18 1
74 19 1
74 20 1
74 21 1
74 22 1
74 23 1
74 24 1
74 25 1
74 26 1
74 27 1
74 28 1
74 29 1
74 30 1
74 31 1
74 32 1
74 33 1
74 34 1
74 37 1
74 38 1
74 39 1
74 40 13
74 41 13
74 42 13
74 43 13
74 44 13
74 45 13
74 46 13
74 47 13
74 48 13
74 49 13
74 50 13
74 51 13
74 52 13
74 53 13
74 54 13
74 55 13
74 56 13
74 57 13
74 58 13
74 59 13
75 1 1
75 2 1
75 3 1
75 4 1
75 5 1
75 6 1
75 7 1
75 8 1
75 9 1
75 10 1
75 11 1
75 12 1
75 13 1
75 14 1
75 15 1
75 16 1
75 17 1
75 18 1
75 19 1
75 20 1
75 21 1
75 22 1
75 23 1
75 24 1
75 25 1
75 26 1
75 27 1
75 28 1
75 29 1
75 30 1
75 31 1
75 32 1
75 33 1
75 34 1
75 37 1
75 38 1
75 39 1
75 40 13
75 41 13
75 42 13
75 43 13
75 44 13
75 45 13
75 46 13
75 47 13
75 48 13
75 49 13
75 50 13
75 51 13
75 52 13
75 53 13
75 54 13
75 55 13
75 56 13
75 57 13
75 58 13
75 59 13
76 1 1
76 2 1
76 3 1
76 4 1
76 5 1
76 6 1
76 7 1
76 8 1
76 9 1
76 10 1
76 11 1
76 12 1
76 13 1
76 14 1
76 15 1
76 16 1
76 17 1
76 18 1
76 19 1
76 20 1
76 21 1
76 22 1
76 23 1
76 24 1
76 25 1
76 37 1
76 38 1
76 39 1
76 40 13
76 41 13
76 42 13
76 43 13
76 44 13
76 45 13
76 46 13
76 47 13
76 48 13
76 49 13
76 50 13
76 51 13
76 52 13
76 53 13
76 54 13
76 55 13
76 56 13
76 57 13
76 58 13
76 59 13
77 1 1
77 2 1
77 3 1
77 4 1
77 5 1
77 6 1
77 7 1
77 8 1
77 9 1
77 10 1
77 11 1
77 12 1
77 13 1
77 14 1
77 15 1
77 16 1
77 17 1
77 18 1
77 19 1
77 20 1
77 21 1
77 22 1
77 23 1
77 24 1
77 37 1
77 38 1
77 39 1
77 40 13
77 41 13
77 42 13
77 43 13
77 44 13
77 45 13
77 46 13
77 47 13
77 48 13
77 49 13
77 50 13
77 51 13
77 52 13
77 53 13
77 54 13
77 55 13
77 56 13
77 57 13
77 58 13
77 59 13
78 1 1
78 2 1
78 3 1
78 4 1
78 5 1
78 6 1
78 7 1
78 8 1
78 9 1
78 10 1
78 11 1
78 12 1
78 13 1
78 14 1
78 15 1
78 16 1
78 17 1
78 18 1
78 19 1
78 20 1
78 21 1
78 22 1
78 23 1
78 24 1
78 37 1
78 38 1
78 39 1
78 40 13
78 41 13
78 42 13
78 43 13
78 44 13
78 45 13
78 46 13
78 47 13
78 48 13
78 49 13
78 50 13
78 51 13
78 52 13
78 53 13
78 54 13
78 55 13
78 56 13
78 57 13
78 58 13
78 59 13
79 1 1
79 2 1
79 3 1
79 4 1
79 5 1
79 6 1
79 7 1
79 8 1
79 9 1
79 10 1
79 11 1
79 12 1
79 13 1
79 14 1
79 15 1
79 16 1
79 17 1
79 18 1
79 19 1
79 20 1
79 21 1
79 22 1
79 23 1
79 24 1
79 29 1
79 30 1
79 31 1
79 32 1
79 33 1
79 34 1
79 37 1
79 38 1
79 39 1
79 40 13
79 41 13
79 42 13
79 43 13
79 44 13
79 45 13
79 46 13
79 47 13
79 48 13
79 49 13
79 50 13
79 51 13
79 52 13
79 53 13
79 54 13
79 55 13
79 56 13
79 57 13
79 58 13
79 59 13
80 1 1
80 2 1
80 3 1
80 4 1
80 5 1
80 6 1
80 7 1
80 8 1
80 9 1
80 10 1
80 11 1
80 12 1
80 13 1
80 14 1
80 15 1
80 16 1
80 17 1
80 18 1
80 19 1
80 20 1
80 21 1
80 22 1
80 23 1
80 24 1
80 25 1
80 29 1
80 30 1
80 31 1
80 32 1
80 33 1
80 34 1
80 37 1
80 38 1
80 39 1
80 40 13
80 41 13
80 42 13
80 43 13
80 44 13
80 45 13
80 46 13
80 47 13
80 48 13
80 49 13
80 50 13
80 51 13
80 52 13
80 53 13
80 54 13
80 55 13
80 56 13
80 57 13
80 58 13
80 59 13
81 1 1
81 2 1
81 3 1
81 4 1
81 5 1
81 6 1
81 7 1
81 8 1
81 9 1
81 10 1
81 11 1
81 12 1
81 13 1
81 14 1
81 15 1
81 16 1
81 17 1
81 18 1
81 19 1
81 20 1
81 21 1
81 22 1
81 23 1
81 24 1
81 25 1
81 29 1
81 30 1
81 31 1
81 32 1
81 33 1
81 37 1
81 38 1
81 39 1
81 40 13
81 41 13
81 42 13
81 43 13
81 44 13
81 45 13
81 46 13
81 47 13
81 48 13
81 49 13
81 50 13
81 51 13
81 52 13
81 53 13
81 54 13
81 55 13
81 56 13
81 57 13
81 58 13
81 59 13
82 1 1
82 2 1
82 3 1
82 4 1
82 5 1
82 6 1
82 7 1
82 8 1
82 9 1
82 10 1
82 11 1
82 12 1
82 13 1
82 14 1
82 15 1
82 16 1
82 17 1
82 18 1
82 19 1
82 20 1
82 21 1
82 22 1
82 23 1
82 24 1
82 25 1
82 29 1
82 30 1
82 31 1
82 32 1
82 37 1
82 38 1
82 39 1
82 40 13
82 41 13
82 42 13
82 43 13
82 44 13
82 45 13
82 46 13
82 47 13
82 48 13
82 49 13
82 50 13
82 51 13
82 52 13
82 53 13
82 54 13
82 55 13
82 56 13
82 57 13
82 58 13
82 59 13
83 39 7
83 40 13
83 41 13
83 42 13
83 43 13
83 44 13
83 45 13
83 46 13
83 47 13
83 48 13
83 49 13
83 50 13
83 51 13
83 52 13
83 53 13
83 54 13
83 55 13
83 56 13
83 57 13
83 58 13
83 59 13
84 39 7
84 40 13
84 41 13
84 42 13
84 43 13
84 44 13
84 45 13
84 46 13
84 47 13
84 48 13
84 49 13
84 50 13
84 51 13
84 52 13
84 53 13
84 54 13
84 55 13
84 56 13
84 57 13
84 58 13
84 59 13
85 39 7
85 40 13
85 41 13
85 42 13
85 43 13
85 44 13
85 45 13
85 46 13
85 47 13
85 48 13
85 49 13
85 50 13
85 51 13
85 52 13
85 53 13
85 54 13
85 55 13
85 56 13
85 57 13
85 58 13
85 59 13
86 39 7
86 40 13
86 41 13
86 42 13
86 43 13
86 44 13
86 45 13
86 46 13
86 47 13
86 48 13
86 49 13
86 50 13
86 51 13
86 52 13
86 53 13
86 54 13
86 55 13
86 56 13
86 57 13
86 58 13
86 59 13
87 39 7
87 40 13
87 41 13
87 42 13
87 43 13
87 44 13
87 45 13
87 46 13
87 47 13
87 48 13
87 49 13
87 50 13
87 51 13
87 52 13
87 53 13
87 54 13
87 55 13
87 56 13
87 57 13
87 58 13
87 59 13
88 39 7
88 40 13
88 41 13
88 42 13
88 43 13
88 44 13
88 45 13
88 46 13
88 47 13
88 48 13
88 49 13
88 50 13
88 51 13
88 52 13
88 53 13
88 54 13
88 55 13
88 56 13
88 57 13
88 58 13
88 59 13
89 39 7
89 40 13
89 41 13
89 42 13
89 43 13
89 44 13
89 45 13
89 46 13
89 47 13
89 48 13
89 49 13
89 50 13
89 51 13
89 52 13
89 53 13
89 54 13
89 55 13
89 56 13
89 57 13
89 58 13
89 59 13
90 39 7
90 40 13
90 41 13
90 42 13
90 43 13
90 44 13
90 45 13
90 46 13
90 47 13
90 48 13
90 49 13
90 50 13
90 51 13
90 52 13
90 53 13
90 54 13
90 55 13
90 56 13
90 57 13
90 58 13
90 59 13
91 39 7
91 40 13
91 41 13
91 42 13
91 43 13
91 44 13
91 45 13
91 46 13
91 47 13
91 48 13
91 49 13
91 50 13
91 51 13
91 52 13
91 53 13
91 54 13
91 55 13
91 56 13
91 57 13
91 58 13
91 59 13
92 39 7
92 40 13
92 41 13
92 42 13
92 43 13
92 44 13
92 45 13
92 46 13
92 47 13
92 48 13
92 49 13
92 50 13
92 51 13
92 52 13
92 53 13
92 54 13
92 55 13
92 56 13
92 57 13
92 58 13
92 59 13
93 39 7
93 40 13
93 41 13
93 42 13
93 43 13
93 44 13
93 45 13
93 46 13
93 47 13
93 48 13
93 49 13
93 50 13
93 51 13
93 52 13
93 53 13
93 54 13
93 55 13
93 56 13
93 57 13
93 58 13
93 59 13
94 39 7
94 40 13
94 41 13
94 42 13
94 43 13
94 44 13
94 45 13
94 46 13
94 47 13
94 48 13
94 49 13
94 50 13
94 51 13
94 52 13
94 53 13
94 54 13
94 55 13
94 56 13
94 57 13
94 58 13
94 59 13
95 39 7
95 40 13
95 41 13
95 42 13
95 43 13
95 44 13
95 45 13
95 46 13
95 47 13
95 48 13
95 49 13
95 50 13
95 51 13
95 52 13
95 53 13
95 54 13
95 55 13
95 56 13
95 57 13
95 58 13
95 59 13
96 39 7
96 40 13
96 41 13
96 42 13
96 43 13
96 44 13
96 45 13
96 46 13
96 47 13
96 48 13
96 49 13
96 50 13
96 51 13
96 52 13
96 53 13
96 54 13
96 55 13
96 56 13
96 57 13
96 58 13
96 59 13
97 39 7
97 40 13
97 41 13
97 42 13
97 43 13
97 44 13
97 45 13
97 46 13
97 47 13
97 48 13
97 49 13
97 50 13
97 51 13
97 52 13
97 53 13
97 54 13
97 55 13
97 56 13
97 57 13
97 58 13
97 59 13
98 39 7
98 40 13
98 41 13
98 42 13
98 43 13
98 44 13
98 45 13
98 46 13
98 47 13
98 48 13
98 49 13
98 50 13
98 51 13
98 52 13
98 53 13
98 54 13
98 55 13
98 56 13
98 57 13
98 58 13
98 59 13
99 39 7
99 40 13
99 41 13
99 42 13
99 43 13
99 44 13
99 45 13
99 46 13
99 47 13
99 48 13
99 49 13
99 50 13
99 51 13
99 52 13
99 53 13
99 54 13
99 55 13
99 56 13
99 57 13
99 58 13
99 59 13
100 39 7
100 40 13
100 41 13
100 42 13
100 43 13
100 44 13
100 45 13
100 46 13
100 47 13
100 48 13
100 49 13
100 50 13
100 51 13
100 52 13
100 53 13
100 54 13
100 55 13
100 56 13
100 57 13
100 58 13
100 59 13
101 39 7
101 40 13
101 41 13
101 42 13
101 43 13
101 44 13
101 45 13
101 46 13
101 47 13
101 48 13
101 49 13
101 50 13
101 51 13
101 52 13
101 53 13
101 54 13
101 55 13
101 56 13
101 57 13
101 58 13
101 59 13
102 39 7
102 40 13
102 41 13
102 42 13
102 43 13
102 44 13
102 45 13
102 46 13
102 47 13
102 48 13
102 49 13
102 50 13
102 51 13
102 52 13
102 53 13
102 54 13
102 55 13
102 56 13
102 57 13
102 58 13
102 59 13
103 39 7
103 40 13
103 41 13
103 42 13
103 43 13
103 44 13
103 45 13
103 46 13
103 47 13
103 48 13
103 49 13
103 50 13
103 51 13
103 52 13
103 53 13
103 54 13
103 55 13
103 56 13
103 57 13
103 58 13
103 59 13
104 39 7
104 40 13
104 41 13
104 42 13
104 43 13
104 44 13
104 45 13
104 46 13
104 47 13
104 48 13
104 49 13
104 50 13
104 51 13
104 52 13
104 53 13
104 54 13
104 55 13
104 56 13
104 57 13
104 58 13
104 59 13
105 39 7
105 40 13
105 41 13
105 42 13
105 43 13
105 44 13
105 45 13
105 46 13
105 47 13
105 48 13
105 49 13
105 50 13
105 51 13
105 52 13
105 53 13
105 54 13
105 55 13
105 56 13
105 57 13
105 58 13
105 59 13
106 39 7
106 40 13
106 41 13
106 42 13
106 43 13
106 44 13
106 45 13
106 46 13
106 47 13
106 48 13
106 49 13
106 50 13
106 51 13
106 52 13
106 53 13
106 54 13
106 55 13
106 56 13
106 57 13
106 58 13
106 59 13
107 39 7
107 40 13
107 41 13
107 42 13
107 43 13
107 44 13
107 45 13
107 46 13
107 47 13
107 48 13
107 49 13
107 50 13
107 51 13
107 52 13
107 53 13
107 54 13
107 55 13
107 56 13
107 57 13
107 58 13
107 59 13
108 39 7
108 40 13
108 41 13
108 42 13
108 43 13
108 44 13
108 45 13
108 46 13
108 47 13
108 48 13
108 49 13
108 50 13
108 51 13
108 52 13
108 53 13
108 54 13
108 55 13
108 56 13
108 57 13
108 58 13
108 59 13
109 39 7
109 40 13
109 41 13
109 42 13
109 43 13
109 44 13
109 45 13
109 46 13
109 47 13
109 48 13
109 49 13
109 50 13
109 51 13
109 52 13
109 53 13
109 54 13
109 55 13
109 56 13
109 57 13
109 58 13
109 59 13
110 39 7
110 40 13
110 41 13
110 42 13
110 43 13
110 44 13
110 45 13
110 46 13
110 47 13
110 48 13
110 49 13
110 50 13
110 51 13
110 52 13
110 53 13
110 54 13
110 55 13
110 56 13
110 57 13
110 58 13
110 59 13
111 39 7
111 40 13
111 41 13
111 42 13
111 43 13
111 44 13
111 45 13
111 46 13
111 47 13
111 48 13
111 49 13
111 50 13
111 51 13
111 52 13
111 53 13
111 54 13
111 55 13
111 56 13
111 57 13
111 58 13
111 59 13
112 39 7
112 40 13
112 41 13
112 42 13
112 43 13
112 44 13
112 45 13
112 46 13
112 47 13
112 48 13
112 49 13
112 50 13
112 51 13
112 52 13
112 53 13
112 54 13
112 55 13
112 56 13
112 57 13
112 58 13
112 59 13
113 39 7
113 40 13
113 41 13
113 42 13
113 43 13
113 44 13
113 45 13
113 46 13
113 47 13
113 48 13
113 49 13
113 50 13
113 51 13
113 52 13
113 53 13
113 54 13
113 55 13
113 56 13
113 57 13
113 58 13
113 59 13
114 39 7
114 40 13
114 41 13
114 42 13
114 43 13
114 44 13
114 45 13
114 46 13
114 47 13
114 48 13
114 49 13
114 50 13
114 51 13
114 52 13
114 53 13
114 54 13
114 55 13
114 56 13
114 57 13
114 58 13
114 59 13
115 39 7
115 40 13
115 41 13
115 42 13
115 43 13
115 44 13
115 45 13
115 46 13
115 47 13
115 48 13
115 49 13
115 50 13
115 51 13
115 52 13
115 53 13
115 54 13
115 55 13
115 56 13
115 57 13
115 58 13
115 59 13
116 39 7
116 40 13
116 41 13
116 42 13
116 43 13
116 44 13
116 45 13
116 46 13
116 47 13
116 48 13
116 49 13
116 50 13
116 51 13
116 52 13
116 53 13
116 54 13
116 55 13
116 56 13
116 57 13
116 58 13
116 59 13
117 39 7
117 40 13
117 41 13
117 42 13
117 43 13
117 44 13
117 45 13
117 46 13
117 47 13
117 48 13
117 49 13
117 50 13
117 51 13
117 52 13
117 53 13
117 54 13
117 55 13
117 56 13
117 57 13
117 58 13
117 59 13
118 39 7
118 40 13
118 41 13
118 42 13
118 43 13
118 44 13
118 45 13
118 46 13
118 47 13
118 48 13
118 49 13
118 50 13
118 51 13
118 52 13
118 53 13
118 54 13
118 55 13
118 56 13
118 57 13
118 58 13
118 59 13
119 39 7
119 40 13
119 41 13
119 42 13
119 43 13
119 44 13
119 45 13
119 46 13
119 47 13
119 48 13
119 49 13
119 50 13
119 51 13
119 52 13
119 53 13
119 54 13
119 55 13
119 56 13
119 57 13
119 58 13
119 59 13
120 39 7
120 40 13
120 41 13
120 42 13
120 43 13
120 44 13
120 45 13
120 46 13
120 47 13
120 48 13
120 49 13
120 50 13
120 51 13
120 52 13
120 53 13
120 54 13
120 55 13
120 56 13
120 57 13
120 58 13
120 59 13
121 39 7
121 40 13
121 41 13
121 42 13
121 43 13
121 44 13
121 45 13
121 46 13
121 47 13
121 48 13
121 49 13
121 50 13
121 51 13
121 52 13
121 53 13
121 54 13
121 55 13
121 56 13
121 57 13
121 58 13
121 59 13
122 39 7
122 40 13
122 41 13
122 42 13
122 43 13
122 44 13
122 45 13
122 46 13
122 47 13
122 48 13
122 49 13
122 50 13
122 51 13
122 52 13
122 53 13
122 54 13
122 55 13
122 56 13
122 57 13
122 58 13
122 59 13
123 39 7
123 40 13
123 41 13
123 42 13
123 43 13
123 44 13
123 45 13
123 46 13
123 47 13
123 48 13
123 49 13
123 50 13
123 51 13
123 52 13
123 53 13
123 54 13
123 55 13
123 56 13
123 57 13
123 58 13
123 59 13
124 39 7
124 40 13
124 41 13
124 42 13
124 43 13
124 44 13
124 45 13
124 46 13
124 47 13
124 48 13
124 49 13
124 50 13
124 51 13
124 52 13
124 53 13
124 54 13
124 55 13
124 56 13
124 57 13
124 58 13
124 59 13
125 39 7
125 40 13
125 41 13
125 42 13
125 43 13
125 44 13
125 45 13
125 46 13
125 47 13
125 48 13
125 49 13
125 50 13
125 51 13
125 52 13
125 53 13
125 54 13
125 55 13
125 56 13
125 57 13
125 58 13
125 59 13
126 39 7
126 40 13
126 41 13
126 42 13
126 43 13
126 44 13
126 45 13
126 46 13
126 47 13
126 48 13
126 49 13
126 50 13
126 51 13
126 52 13
126 53 13
126 54 13
126 55 13
126 56 13
126 57 13
126 58 13
126 59 13
127 39 7
127 40 13
127 41 13
127 42 13
127 43 13
127 44 13
127 45 13
127 46 13
127 47 13
127 48 13
127 49 13
127 50 13
127 51 13
127 52 13
127 53 13
127 54 13
127 55 13
127 56 13
127 57 13
127 58 13
127 59 13
128 39 7
128 40 13
128 41 13
128 42 13
128 43 13
128 44 13
128 45 13
128 46 13
128 47 13
128 48 13
128 49 13
128 50 13
128 51 13
128 52 13
128 53 13
128 54 13
128 55 13
128 56 13
128 57 13
128 58 13
128 59 13
129 39 7
129 40 13
129 41 13
129 42 13
129 43 13
129 44 13
129 45 13
129 46 13
129 47 13
129 48 13
129 49 13
129 50 13
129 51 13
129 52 13
129 53 13
129 54 13
129 55 13
129 56 13
129 57 13
129 58 13
129 59 13
130 39 7
130 40 13
130 41 13
130 42 13
130 43 13
130 44 13
130 45 13
130 46 13
130 47 13
130 48 13
130 49 13
130 50 13
130 51 13
130 52 13
130 53 13
130 54 13
130 55 13
130 56 13
130 57 13
130 58 13
130 59 13
131 39 7
131 40 13
131 41 13
131 42 13
131 43 13
131 44 13
131 45 13
131 46 13
131 47 13
131 48 13
131 49 13
131 50 13
131 51 13
131 52 13
131 53 13
131 54 13
131 55 13
131 56 13
131 57 13
131 58 13
131 59 13
132 39 7
132 40 13
132 41 13
132 42 13
132 43 13
132 44 13
132 45 13
132 46 13
132 47 13
132 48 13
132 49 13
132 50 13
132 51 13
132 52 13
132 53 13
132 54 13
132 55 13
132 56 13
132 57 13
132 58 13
132 59 13
133 39 7
133 40 13
133 41 13
133 42 13
133 43 13
133 44 13
133 45 13
133 46 13
133 47 13
133 48 13
133 49 13
133 50 13
133 51 13
133 52 13
133 53 13
133 54 13
133 55 13
133 56 13
133 57 13
133 58 13
133 59 13
134 39 7
134 40 13
134 41 13
134 42 13
134 43 13
134 44 13
134 45 13
134 46 13
134 47 13
134 48 13
134 49 13
134 50 13
134 51 13
134 52 13
134 53 13
134 54 13
134 55 13
134 56 13
134 57 13
134 58 13
134 59 13
135 39 7
135 40 13
135 41 13
135 42 13
135 43 13
135 44 13
135 45 13
135 46 13
135 47 13
135 48 13
135 49 13
135 50 13
135 51 13
135 52 13
135 53 13
135 54 13
135 55 13
135 56 13
135 57 13
135 58 13
135 59 13
136 39 7
136 40 13
136 41 13
136 42 13
136 43 13
136 44 13
136 45 13
136 46 13
136 47 13
136 48 13
136 49 13
136 50 13
136 51 13
136 52 13
136 53 13
136 54 13
136 55 13
136 56 13
136 57 13
136 58 13
136 59 13
137 39 7
137 40 13
137 41 13
137 42 13
137 43 13
137 44 13
137 45 13
137 46 13
137 47 13
137 48 13
137 49 13
137 50 13
137 51 13
137 52 13
137 53 13
137 54 13
137 55 13
137 56 13
137 57 13
137 58 13
137 59 13
138 39 7
138 40 13
138 41 13
138 42 13
138 43 13
138 44 13
138 45 13
138 46 13
138 47 13
138 48 13
138 49 13
138 50 13
138 51 13
138 52 13
138 53 13
138 54 13
138 55 13
138 56 13
138 57 13
138 58 13
138 59 13
139 39 7
139 40 13
139 41 13
139 42 13
139 43 13
139 44 13
139 45 13
139 46 13
139 47 13
139 48 13
139 49 13
139 50 13
139 51 13
139 52 13
139 53 13
139 54 13
139 55 13
139 56 13
139 57 13
139 58 13
139 59 13
140 39 7
140 40 13
140 41 13
140 42 13
140 43 13
140 44 13
140 45 13
140 46 13
140 47 13
140 48 13
140 49 13
140 50 13
140 51 13
140 52 13
140 53 13
140 54 13
140 55 13
140 56 13
140 57 13
140 58 13
140 59 13
141 33 7
141 34 7
141 35 7
141 36 7
141 37 7
141 38 7
141 39 7
141 40 13
141 41 13
141 42 13
141 43 13
141 44 13
141 45 13
141 46 13
141 47 13
141 48 13
141 49 13
141 50 13
141 51 13
141 52 13
141 53 13
141 54 13
141 55 13
141 56 13
141 57 13
141 58 13
141 59 13
142 33 1
142 34 1
142 35 1
142 36 1
142 37 1
142 38 1
142 39 1
142 40 1
142 41 1
142 42 1
142 43 1
142 44 1
142 45 1
142 46 1
142 47 1
142 48 1
143 33 1
143 34 1
143 35 1
143 36 1
143 37 1
143 38 1
143 39 1
143 40 1
143 41 1
143 42 1
143 43 1
143 44 1
143 45 1
143 46 1
143 47 1
143 48 1
144 33 1
144 34 1
144 35 1
144 36 1
144 37 1
144 38 1
144 39 1
144 40 1
144 41 1
144 42 1
144 43 1
144 44 1
144 45 1
144 46 1
144 47 1
144 48 1
145 33 1
145 34 1
145 35 1
145 36 1
145 37 1
145 38 1
145 39 1
145 40 1
145 41 1
145 42 1
145 43 1
145 44 1
145 45 1
145 46 1
145 47 1
145 48 1
146 33 1
146 34 1
146 35 1
146 36 1
146 37 1
146 38 1
146 39 1
146 40 1
146 41 1
146 42 1
146 43 1
146 44 1
146 45 1
146 46 1
146 47 1
146 48 1
147 33 1
147 34 1
147 35 1
147 36 1
147 37 1
147 38 1
147 39 1
147 40 1
147 41 1
147 42 1
147 43 1
147 44 1
147 45 1
147 46 1
147 47 1
147 48 1
148 38 1
148 39 13
148 40 13
148 41 13
148 42 13
148 43 13
148 44 13
148 45 13
148 46 13
148 47 13
148 48 13
148 49 13
148 50 13
148 51 13
148 52 13
148 53 13
148 54 13
148 55 13
148 56 13
148 57 13
148 58 13
149 38 1
149 39 13
149 40 13
149 41 13
149 42 13
149 43 13
149 44 13
149 45 13
149 46 13
149 47 13
149 48 13
149 49 13
149 50 13
149 51 13
149 52 13
149 53 13
149 54 13
149 55 13
149 56 13
149 57 13
149 58 13
150 38 1
150 39 13
150 40 13
150 41 13
150 42 13
150 43 13
150 44 13
150 45 13
150 46 13
150 47 13
150 48 13
150 49 13
150 50 13
150 51 13
150 52 13
150 53 13
150 54 13
150 55 13
150 56 13
150 57 13
150 58 13
151 38 1
151 39 13
151 40 13
151 41 13
151 42 13
151 43 13
151 44 13
151 45 13
151 46 13
151 47 13
151 48 13
151 49 13
151 50 13
151 51 13
151 52 13
151 53 13
151 54 13
151 55 13
151 56 13
151 57 13
151 58 13
152 37 1
152 38 1
152 39 13
152 40 13
152 41 13
152 42 13
152 43 13
152 44 13
152 45 13
152 46 13
152 47 13
152 48 13
152 49 13
152 50 13
152 51 13
152 52 13
152 53 13
152 54 13
152 55 13
152 56 13
152 57 13
152 58 13
153 38 1
153 39 13
153 40 13
153 41 13
153 42 13
153 43 13
153 44 13
153 45 13
153 46 13
153 47 13
153 48 13
153 49 13
153 50 13
153 51 13
153 52 13
153 53 13
153 54 13
153 55 13
153 56 13
153 57 13
153 58 13
154 38 1
154 39 13
154 40 13
154 41 13
154 42 13
154 43 13
154 44 13
154 45 13
154 46 13
154 47 13
154 48 13
154 49 13
154 50 13
154 51 13
154 52 13
154 53 13
154 54 13
154 55 13
154 56 13
154 57 13
154 58 13
155 38 1
155 39 13
155 40 13
155 41 13
155 42 13
155 43 13
155 44 13
155 45 13
155 46 13
155 47 13
155 48 13
155 49 13
155 50 13
155 51 13
155 52 13
155 53 13
155 54 13
155 55 13
155 56 13
155 57 13
155 58 13
156 38 1
156 39 13
156 40 13
156 41 13
156 42 13
156 43 13
156 44 13
156 45 13
156 46 13
156 47 13
156 48 13
156 49 13
156 50 13
156 51 13
156 52 13
156 53 13
156 54 13
156 55 13
156 56 13
156 57 13
156 58 13
157 38 1
157 39 13
157 40 13
157 41 13
157 42 13
157 43 13
157 44 13
157 45 13
157 46 13
157 47 13
157 48 13
157 49 13
157 50 13
157 51 13
157 52 13
157 53 13
157 54 13
157 55 13
157 56 13
157 57 13
157 58 13
158 38 1
158 39 13
158 40 13
158 41 13
158 42 13
158 43 13
158 44 13
158 45 13
158 46 13
158 47 13
158 48 13
158 49 13
158 50 13
158 51 13
158 52 13
158 53 13
158 54 13
158 55 13
158 56 13
158 57 13
158 58 13
159 38 1
159 39 13
159 40 13
159 41 13
159 42 13
159 43 13
159 44 13
159 45 13
159 46 13
159 47 13
159 48 13
159 49 13
159 50 13
159 51 13
159 52 13
159 53 13
159 54 13
159 55 13
159 56 13
159 57 13
159 58 13
160 38 1
160 39 13
160 40 13
160 41 13
160 42 13
160 43 13
160 44 13
160 45 13
160 46 13
160 47 13
160 48 13
160 49 13
160 50 13
160 51 13
160 52 13
160 53 13
160 54 13
160 55 13
160 56 13
160 57 13
160 58 13
161 38 1
161 39 13
161 40 13
161 41 13
161 42 13
161 43 13
161 44 13
161 45 13
161 46 13
161 47 13
161 48 13
161 49 13
161 50 13
161 51 13
161 52 13
161 53 13
161 54 13
161 55 13
161 56 13
161 57 13
161 58 13
162 38 1
162 39 13
162 40 13
162 41 13
162 42 13
162 43 13
162 44 13
162 45 13
162 46 13
162 47 13
162 48 13
162 49 13
162 50 13
162 51 13
162 52 13
162 53 13
162 54 13
162 55 13
162 56 13
162 57 13
162 58 13
163 38 1
163 39 13
163 40 13
163 41 13
163 42 13
163 43 13
163 44 13
163 45 13
163 46 13
163 47 13
163 48 13
163 49 13
163 50 13
163 51 13
163 52 13
163 53 13
163 54 13
163 55 13
163 56 13
163 57 13
163 58 13
164 38 1
164 39 13
164 40 13
164 41 13
164 42 13
164 43 13
164 44 13
164 45 13
164 46 13
164 47 13
164 48 13
164 49 13
164 50 13
164 51 13
164 52 13
164 53 13
164 54 13
164 55 13
164 56 13
164 57 13
164 58 13
165 38 1
165 39 13
165 40 13
165 41 13
165 42 13
165 43 13
165 44 13
165 45 13
165 46 13
165 47 13
165 48 13
165 49 13
165 50 13
165 51 13
165 52 13
165 53 13
165 54 13
165 55 13
165 56 13
165 57 13
165 58 13
166 38 1
166 39 13
166 40 13
166 41 13
166 42 13
166 43 13
166 44 13
166 45 13
166 46 13
166 47 13
166 48 13
166 49 13
166 50 13
166 51 13
166 52 13
166 53 13
166 54 13
166 55 13
166 56 13
166 57 13
166 58 13
167 38 1
167 39 13
167 40 13
167 41 13
167 42 13
167 43 13
167 44 13
167 45 13
167 46 13
167 47 13
167 48 13
167 49 13
167 50 13
167 51 13
167 52 13
167 53 13
167 54 13
167 55 13
167 56 13
167 57 13
167 58 13
168 38 1
168 39 13
168 40 13
168 41 13
168 42 13
168 43 13
168 44 13
168 45 13
168 46 13
168 47 13
168 48 13
168 49 13
168 50 13
168 51 13
168 52 13
168 53 13
168 54 13
168 55 13
168 56 13
168 57 13
168 58 13
169 38 1
169 39 13
169 40 13
169 41 13
169 42 13
169 43 13
169 44 13
169 45 13
169 46 13
169 47 13
169 48 13
169 49 13
169 50 13
169 51 13
169 52 13
169 53 13
169 54 13
169 55 13
169 56 13
169 57 13
169 58 13
170 37 1
170 38 1
170 39 13
170 40 13
170 41 13
170 42 13
170 43 13
170 44 13
170 45 13
170 46 13
170 47 13
170 48 13
170 49 13
170 50 13
170 51 13
170 52 13
170 53 13
170 54 13
170 55 13
170 56 13
170 57 13
170 58 13
171 38 1
171 39 13
171 40 13
171 41 13
171 42 13
171 43 13
171 44 13
171 45 13
171 46 13
171 47 13
171 48 13
171 49 13
171 50 13
171 51 13
171 52 13
171 53 13
171 54 13
171 55 13
171 56 13
171 57 13
171 58 13
172 38 1
172 39 13
172 40 13
172 41 13
172 42 13
172 43 13
172 44 13
172 45 13
172 46 13
172 47 13
172 48 13
172 49 13
172 50 13
172 51 13
172 52 13
172 53 13
172 54 13
172 55 13
172 56 13
172 57 13
172 58 13
173 38 1
173 39 13
173 40 13
173 41 13
173 42 13
173 43 13
173 44 13
173 45 13
173 46 13
173 47 13
173 48 13
173 49 13
173 50 13
173 51 13
173 52 13
173 53 13
173 54 13
173 55 13
173 56 13
173 57 13
173 58 13
174 38 1
174 39 13
174 40 13
174 41 13
174 42 13
174 43 13
174 44 13
174 45 13
174 46 13
174 47 13
174 48 13
174 49 13
174 50 13
174 51 13
174 52 13
174 53 13
174 54 13
174 55 13
174 56 13
174 57 13
174 58 13
175 38 1
175 39 13
175 40 13
175 41 13
175 42 13
175 43 13
175 44 13
175 45 13
175 46 13
175 47 13
175 48 13
175 49 13
175 50 13
175 51 13
175 52 13
175 53 13
175 54 13
175 55 13
175 56 13
175 57 13
175 58 13
176 38 1
176 39 13
176 40 13
176 41 13
176 42 13
176 43 13
176 44 13
176 45 13
176 46 13
176 47 13
176 48 13
176 49 13
176 50 13
176 51 13
176 52 13
176 53 13
176 54 13
176 55 13
176 56 13
176 57 13
176 58 13
177 38 1
177 39 13
177 40 13
177 41 13
177 42 13
177 43 13
177 44 13
177 45 13
177 46 13
177 47 13
177 48 13
177 49 13
177 50 13
177 51 13
177 52 13
177 53 13
177 54 13
177 55 13
177 56 13
177 57 13
177 58 13
178 38 1
178 39 13
178 40 13
178 41 13
178 42 13
178 43 13
178 44 13
178 45 13
178 46 13
178 47 13
178 48 13
178 49 13
178 50 13
178 51 13
178 52 13
178 53 13
178 54 13
178 55 13
178 56 13
178 57 13
178 58 13
179 38 1
179 39 13
179 40 13
179 41 13
179 42 13
179 43 13
179 44 13
179 45 13
179 46 13
179 47 13
179 48 13
179 49 13
179 50 13
179 51 13
179 52 13
179 53 13
179 54 13
179 55 13
179 56 13
179 57 13
179 58 13
180 38 1
180 39 13
180 40 13
180 41 13
180 42 13
180 43 13
180 44 13
180 45 13
180 46 13
180 47 13
180 48 13
180 49 13
180 50 13
180 51 13
180 52 13
180 53 13
180 54 13
180 55 13
180 56 13
180 57 13
180 58 13
181 38 1
181 39 13
181 40 13
181 41 13
181 42 13
181 43 13
181 44 13
181 45 13
181 46 13
181 47 13
181 48 13
181 49 13
181 50 13
181 51 13
181 52 13
181 53 13
181 54 13
181 55 13
181 56 13
181 57 13
181 58 13
182 38 1
182 39 13
182 40 13
182 41 13
182 42 13
182 43 13
182 44 13
182 45 13
182 46 13
182 47 13
182 48 13
182 49 13
182 50 13
182 51 13
182 52 13
182 53 13
182 54 13
182 55 13
182 56 13
182 57 13
182 58 13
183 38 1
183 39 13
183 40 13
183 41 13
183 42 13
183 43 13
183 44 13
183 45 13
183 46 13
183 47 13
183 48 13
183 49 13
183 50 13
183 51 13
183 52 13
183 53 13
183 54 13
183 55 13
183 56 13
183 57 13
183 58 13
184 38 1
184 39 13
184 40 13
184 41 13
184 42 13
184 43 13
184 44 13
184 45 13
184 46 13
184 47 13
184 48 13
184 49 13
184 50 13
184 51 13
184 52 13
184 53 13
184 54 13
184 55 13
184 56 13
184 57 13
184 58 13
185 38 1
185 39 13
185 40 13
185 41 13
185 42 13
185 43 13
185 44 13
185 45 13
185 46 13
185 47 13
185 48 13
185 49 13
185 50 13
185 51 13
185 52 13
185 53 13
185 54 13
185 55 13
185 56 13
185 57 13
185 58 13
186 38 1
186 39 13
186 40 13
186 41 13
186 42 13
186 43 13
186 44 13
186 45 13
186 46 13
186 47 13
186 48 13
186 49 13
186 50 13
186 51 13
186 52 13
186 53 13
186 54 13
186 55 13
186 56 13
186 57 13
186 58 13
187 38 1
187 39 1
187 40 1
187 41 1
187 42 1
187 43 1
187 44 1
187 45 1
187 46 1
187 47 1
187 48 1
187 49 1
187 50 1
187 51 1
187 52 1
187 53 1
187 54 1
187 55 1
187 56 1
187 57 1
187 58 1
188 38 1
188 39 1
188 40 1
188 41 1
188 42 1
188 43 1
188 44 1
188 45 1
188 46 1
188 47 1
188 48 1
188 49 1
188 50 1
188 51 1
188 52 1
188 53 1
188 54 1
188 55 1
188 56 1
188 57 1
188 58 1
189 36 28
189 37 29
189 38 1
189 39 1
189 40 1
189 41 1
189 42 1
189 43 1
189 44 1
189 45 1
189 46 1
189 47 1
189 48 1
189 49 1
189 50 1
189 51 1
189 52 1
189 53 1
189 54 1
189 55 1
189 56 1
189 57 1
189 58 1
190 36 30
190 37 31
190 38 1
190 39 1
190 40 1
190 41 1
190 42 1
190 43 1
190 44 1
190 45 1
190 46 1
190 47 1
190 48 1
190 49 1
190 50 1
190 51 1
190 52 1
190 53 1
190 54 1
190 55 1
190 56 1
190 57 1
190 58 1
191 36 30
191 37 31
191 38 1
191 39 1
191 40 1
191 41 1
191 42 1
191 43 1
191 44 1
191 45 1
191 46 1
191 47 1
191 48 1
191 49 1
191 50 1
191 51 1
191 52 1
191 53 1
191 54 1
191 55 1
191 56 1
191 57 1
191 58 1
192 36 30
192 37 31
192 38 1
192 39 1
192 40 1
192 41 1
192 42 1
192 43 1
192 44 1
192 45 1
192 46 1
192 47 1
192 48 1
192 49 1
192 50 1
192 51 1
192 52 1
192 53 1
192 54 1
192 55 1
192 56 1
192 57 1
192 58 1
193 36 30
193 37 31
193 38 1
193 39 1
193 40 1
193 41 1
193 42 1
193 43 1
193 44 1
193 45 1
193 46 1
193 47 1
193 48 1
193 49 1
193 50 1
193 51 1
193 52 1
193 53 1
193 54 1
193 55 1
193 56 1
193 57 1
193 58 1
194 36 30
194 37 31
194 38 1
194 39 1
194 40 1
194 41 1
194 42 1
194 43 1
194 44 1
194 45 1
194 46 1
194 47 1
194 48 1
194 49 1
194 50 1
194 51 1
194 52 1
194 53 1
194 54 1
194 55 1
194 56 1
194 57 1
194 58 1
195 36 30
195 37 31
195 38 1
195 39 1
195 40 1
195 41 1
195 42 1
195 43 1
195 44 1
195 45 1
195 46 1
195 47 1
195 48 1
195 49 1
195 50 1
195 51 1
195 52 1
195 53 1
195 54 1
195 55 1
195 56 1
195 57 1
195 58 1
196 29 1
196 30 1
196 31 1
196 32 1
196 33 1
196 36 30
196 37 31
196 38 1
196 39 1
196 40 1
196 41 1
196 42 1
196 43 1
196 44 1
196 45 1
196 46 1
196 47 1
196 48 1
196 49 1
196 50 1
196 51 1
196 52 1
196 53 1
196 54 1
196 55 1
196 56 1
196 57 1
196 58 1
197 29 1
197 30 1
197 31 1
197 32 1
197 33 1
197 36 30
197 37 31
197 38 1
197 39 1
197 40 1
197 41 1
197 42 1
197 43 1
197 44 1
197 45 1
197 46 1
197 47 1
197 48 1
197 49 1
197 50 1
197 51 1
197 52 1
197 53 1
197 54 1
197 55 1
197 56 1
197 57 1
197 58 1
198 29 1
198 30 1
198 31 1
198 32 1
198 33 1
198 36 30
198 37 31
198 38 1
198 39 1
198 40 1
198 41 1
198 42 1
198 43 1
198 44 1
198 45 1
198 46 1
198 47 1
198 48 1
199 29 1
199 30 1
199 31 1
199 32 1
199 33 1
199 36 30
199 37 31
199 38 1
199 39 1
199 40 1
199 41 1
199 42 1
199 43 1
199 44 1
199 45 1
199 46 1
199 47 1
199 48 1
200 29 1
200 30 1
200 31 1
200 32 1
200 33 1
200 36 30
200 37 31
200 38 1
200 39 1
200 40 1
200 41 1
200 42 1
200 43 1
200 44 1
200 45 1
200 46 1
200 47 1
200 48 1
201 29 1
201 30 1
201 31 1
201 32 1
201 33 1
201 36 30
201 37 31
201 38 1
201 39 1
201 40 1
201 41 1
201 42 1
201 43 1
201 44 1
201 45 1
201 46 1
201 47 1
201 48 1
202 36 30
202 37 31
202 38 13
202 39 13
202 40 13
202 41 13
202 42 13
202 43 13
202 44 13
202 45 13
202 46 13
202 47 13
202 48 13
202 49 13
202 50 13
202 51 13
202 52 13
202 53 13
202 54 13
202 55 13
202 56 13
202 57 13
203 36 30
203 37 31
203 38 13
203 39 13
203 40 13
203 41 13
203 42 13
203 43 13
203 44 13
203 45 13
203 46 13
203 47 13
203 48 13
203 49 13
203 50 13
203 51 13
203 52 13
203 53 13
203 54 13
203 55 13
203 56 13
203 57 13
204 36 30
204 37 31
204 38 13
204 39 13
204 40 13
204 41 13
204 42 13
204 43 13
204 44 13
204 45 13
204 46 13
204 47 13
204 48 13
204 49 13
204 50 13
204 51 13
204 52 13
204 53 13
204 54 13
204 55 13
204 56 13
204 57 13
205 36 30
205 37 31
205 38 13
205 39 13
205 40 13
205 41 13
205 42 13
205 43 13
205 44 13
205 45 13
205 46 13
205 47 13
205 48 13
205 49 13
205 50 13
205 51 13
205 52 13
205 53 13
205 54 13
205 55 13
205 56 13
205 57 13
206 36 30
206 37 31
206 38 13
206 39 13
206 40 13
206 41 13
206 42 13
206 43 13
206 44 13
206 45 13
206 46 13
206 47 13
206 48 13
206 49 13
206 50 13
206 51 13
206 52 13
206 53 13
206 54 13
206 55 13
206 56 13
206 57 13
207 36 30
207 37 31
207 38 13
207 39 13
207 40 13
207 41 13
207 42 13
207 43 13
207 44 13
207 45 13
207 46 13
207 47 13
207 48 13
207 49 13
207 50 13
207 51 13
207 52 13
207 53 13
207 54 13
207 55 13
207 56 13
207 57 13
208 36 30
208 37 31
208 38 13
208 39 13
208 40 13
208 41 13
208 42 13
208 43 13
208 44 13
208 45 13
208 46 13
208 47 13
208 48 13
208 49 13
208 50 13
208 51 13
208 52 13
208 53 13
208 54 13
208 55 13
208 56 13
208 57 13
209 36 30
209 37 31
209 38 13
209 39 13
209 40 13
209 41 13
209 42 13
209 43 13
209 44 13
209 45 13
209 46 13
209 47 13
209 48 13
209 49 13
209 50 13
209 51 13
209 52 13
209 53 13
209 54 13
209 55 13
209 56 13
209 57 13
210 36 30
210 37 31
210 38 13
210 39 13
210 40 13
210 41 13
210 42 13
210 43 13
210 44 13
210 45 13
210 46 13
210 47 13
210 48 13
210 49 13
210 50 13
210 51 13
210 52 13
210 53 13
210 54 13
210 55 13
210 56 13
210 57 13
211 36 30
211 37 31
211 38 13
211 39 13
211 40 13
211 41 13
211 42 13
211 43 13
211 44 13
211 45 13
211 46 13
211 47 13
211 48 13
211 49 13
211 50 13
211 51 13
211 52 13
211 53 13
211 54 13
211 55 13
211 56 13
211 57 13
212 36 30
212 37 31
212 38 13
212 39 13
212 40 13
212 41 13
212 42 13
212 43 13
212 44 13
212 45 13
212 46 13
212 47 13
212 48 13
212 49 13
212 50 13
212 51 13
212 52 13
212 53 13
212 54 13
212 55 13
212 56 13
212 57 13
213 36 30
213 37 31
213 38 13
213 39 13
213 40 13
213 41 13
213 42 13
213 43 13
213 44 13
213 45 13
213 46 13
213 47 13
213 48 13
213 49 13
213 50 13
213 51 13
213 52 13
213 53 13
213 54 13
213 55 13
213 56 13
213 57 13
214 36 30
214 37 31
214 38 13
214 39 13
214 40 13
214 41 13
214 42 13
214 43 13
214 44 13
214 45 13
214 46 13
214 47 13
214 48 13
214 49 13
214 50 13
214 51 13
214 52 13
214 53 13
214 54 13
214 55 13
214 56 13
214 57 13
215 36 30
215 37 31
215 38 13
215 39 13
215 40 13
215 41 13
215 42 13
215 43 13
215 44 13
215 45 13
215 46 13
215 47 13
215 48 13
215 49 13
215 50 13
215 51 13
215 52 13
215 53 13
215 54 13
215 55 13
215 56 13
215 57 13
216 36 30
216 37 31
216 38 13
216 39 13
216 40 13
216 41 13
216 42 13
216 43 13
216 44 13
216 45 13
216 46 13
216 47 13
216 48 13
216 49 13
216 50 13
216 51 13
216 52 13
216 53 13
216 54 13
216 55 13
216 56 13
216 57 13
217 36 30
217 37 31
217 38 13
217 39 13
217 40 13
217 41 13
217 42 13
217 43 13
217 44 13
217 45 13
217 46 13
217 47 13
217 48 13
217 49 13
217 50 13
217 51 13
217 52 13
217 53 13
217 54 13
217 55 13
217 56 13
217 57 13
218 36 30
218 37 31
218 38 13
218 39 13
218 40 13
218 41 13
218 42 13
218 43 13
218 44 13
218 45 13
218 46 13
218 47 13
218 48 13
218 49 13
218 50 13
218 51 13
218 52 13
218 53 13
218 54 13
218 55 13
218 56 13
218 57 13
219 36 30
219 37 31
219 38 13
219 39 13
219 40 13
219 41 13
219 42 13
219 43 13
219 44 13
219 45 13
219 46 13
219 47 13
219 48 13
219 49 13
219 50 13
219 51 13
219 52 13
219 53 13
219 54 13
219 55 13
219 56 13
219 57 13
220 36 30
220 37 31
220 38 13
220 39 13
220 40 13
220 41 13
220 42 13
220 43 13
220 44 13
220 45 13
220 46 13
220 47 13
220 48 13
220 49 13
220 50 13
220 51 13
220 52 13
220 53 13
220 54 13
220 55 13
220 56 13
220 57 13
221 36 30
221 37 31
221 38 13
221 39 13
221 40 13
221 41 13
221 42 13
221 43 13
221 44 13
221 45 13
221 46 13
221 47 13
221 48 13
221 49 13
221 50 13
221 51 13
221 52 13
221 53 13
221 54 13
221 55 13
221 56 13
221 57 13
222 36 30
222 37 31
222 38 13
222 39 13
222 40 13
222 41 13
222 42 13
222 43 13
222 44 13
222 45 13
222 46 13
222 47 13
222 48 13
222 49 13
222 50 13
222 51 13
222 52 13
222 53 13
222 54 13
222 55 13
222 56 13
222 57 13
223 36 30
223 37 31
223 38 13
223 39 13
223 40 13
223 41 13
223 42 13
223 43 13
223 44 13
223 45 13
223 46 13
223 47 13
223 48 13
223 49 13
223 50 13
223 51 13
223 52 13
223 53 13
223 54 13
223 55 13
223 56 13
223 57 13
224 36 30
224 37 31
224 38 13
224 39 13
224 40 13
224 41 13
224 42 13
224 43 13
224 44 13
224 45 13
224 46 13
224 47 13
224 48 13
224 49 13
224 50 13
224 51 13
224 52 13
224 53 13
224 54 13
224 55 13
224 56 13
224 57 13
225 36 30
225 37 31
225 38 13
225 39 13
225 40 13
225 41 13
225 42 13
225 43 13
225 44 13
225 45 13
225 46 13
225 47 13
225 48 13
225 49 13
225 50 13
225 51 13
225 52 13
225 53 13
225 54 13
225 55 13
225 56 13
225 57 13
226 36 30
226 37 31
226 38 13
226 39 13
226 40 13
226 41 13
226 42 13
226 43 13
226 44 13
226 45 13
226 46 13
226 47 13
226 48 13
226 49 13
226 50 13
226 51 13
226 52 13
226 53 13
226 54 13
226 55 13
226 56 13
226 57 13
227 36 30
227 37 31
227 38 13
227 39 13
227 40 13
227 41 13
227 42 13
227 43 13
227 44 13
227 45 13
227 46 13
227 47 13
227 48 13
227 49 13
227 50 13
227 51 13
227 52 13
227 53 13
227 54 13
227 55 13
227 56 13
227 57 13
228 36 30
228 37 31
228 38 13
228 39 13
228 40 13
228 41 13
228 42 13
228 43 13
228 44 13
228 45 13
228 46 13
228 47 13
228 48 13
228 49 13
228 50 13
228 51 13
228 52 13
228 53 13
228 54 13
228 55 13
228 56 13
228 57 13
229 36 30
229 37 31
229 38 13
229 39 13
229 40 13
229 41 13
229 42 13
229 43 13
229 44 13
229 45 13
229 46 13
229 47 13
229 48 13
229 49 13
229 50 13
229 51 13
229 52 13
229 53 13
229 54 13
229 55 13
229 56 13
229 57 13
230 36 30
230 37 31
230 38 13
230 39 13
230 40 13
230 41 13
230 42 13
230 43 13
230 44 13
230 45 13
230 46 13
230 47 13
230 48 13
230 49 13
230 50 13
230 51 13
230 52 13
230 53 13
230 54 13
230 55 13
230 56 13
230 57 13
231 36 30
231 37 31
231 38 13
231 39 13
231 40 13
231 41 13
231 42 13
231 43 13
231 44 13
231 45 13
231 46 13
231 47 13
231 48 13
231 49 13
231 50 13
231 51 13
231 52 13
231 53 13
231 54 13
231 55 13
231 56 13
231 57 13
232 36 30
232 37 31
232 38 13
232 39 13
232 40 13
232 41 13
232 42 13
232 43 13
232 44 13
232 45 13
232 46 13
232 47 13
232 48 13
232 49 13
232 50 13
232 51 13
232 52 13
232 53 13
232 54 13
232 55 13
232 56 13
232 57 13
233 36 30
233 37 31
233 38 13
233 39 13
233 40 13
233 41 13
233 42 13
233 43 13
233 44 13
233 45 13
233 46 13
233 47 13
233 48 13
233 49 13
233 50 13
233 51 13
233 52 13
233 53 13
233 54 13
233 55 13
233 56 13
233 57 13
234 36 30
234 37 31
234 38 13
234 39 13
234 40 13
234 41 13
234 42 13
234 43 13
234 44 13
234 45 13
234 46 13
234 47 13
234 48 13
234 49 13
234 50 13
234 51 13
234 52 13
234 53 13
234 54 13
234 55 13
234 56 13
234 57 13
235 35 13
235 36 30
235 37 31
235 38 13
235 39 13
235 40 13
235 41 13
235 42 13
235 43 13
235 44 13
235 45 13
235 46 13
235 47 13
235 48 13
235 49 13
235 50 13
235 51 13
235 52 13
235 53 13
235 54 13
235 55 13
235 56 13
235 57 13
236 34 13
236 35 13
236 36 30
236 37 31
236 38 13
236 39 13
236 40 13
236 41 13
236 42 13
236 43 13
236 44 13
236 45 13
236 46 13
236 47 13
236 48 13
236 49 13
236 50 13
236 51 13
236 52 13
236 53 13
236 54 13
236 55 13
236 56 13
236 57 13
237 33 13
237 34 13
237 35 13
237 36 30
237 37 31
237 38 13
237 39 13
237 40 13
237 41 13
237 42 13
237 43 13
237 44 13
237 45 13
237 46 13
237 47 13
237 48 13
237 49 13
237 50 13
237 51 13
237 52 13
237 53 13
237 54 13
237 55 13
237 56 13
237 57 13
238 31 17
238 32 19
238 33 19
238 34 19
238 35 19
238 36 30
238 37 31
238 38 13
238 39 13
238 40 13
238 41 13
238 42 13
238 43 13
238 44 13
238 45 13
238 46 13
238 47 13
238 48 13
238 49 13
238 50 13
238 51 13
238 52 13
238 53 13
238 54 13
238 55 13
238 56 13
238 57 13
239 31 16
239 32 18
239 33 18
239 34 18
239 35 18
239 36 30
239 37 31
239 38 13
239 39 13
239 40 13
239 41 13
239 42 13
239 43 13
239 44 13
239 45 13
239 46 13
239 47 13
239 48 13
239 49 13
239 50 13
239 51 13
239 52 13
239 53 13
239 54 13
239 55 13
239 56 13
239 57 13
240 36 30
240 37 31
240 38 13
240 39 13
240 40 13
240 41 13
240 42 13
240 43 13
240 44 13
240 45 13
240 46 13
240 47 13
240 48 13
240 49 13
240 50 13
240 51 13
240 52 13
240 53 13
240 54 13
240 55 13
240 56 13
240 57 13
241 36 30
241 37 31
241 38 13
241 39 13
241 40 13
241 41 13
241 42 13
241 43 13
241 44 13
241 45 13
241 46 13
241 47 13
241 48 13
241 49 13
241 50 13
241 51 13
241 52 13
241 53 13
241 54 13
241 55 13
241 56 13
241 57 13
242 36 30
242 37 31
242 38 13
242 39 13
242 40 13
242 41 13
242 42 13
242 43 13
242 44 13
242 45 13
242 46 13
242 47 13
242 48 13
242 49 13
242 50 13
242 51 13
242 52 13
242 53 13
242 54 13
242 55 13
242 56 13
242 57 13
243 36 30
243 37 31
243 38 13
243 39 13
243 40 13
243 41 13
243 42 13
243 43 13
243 44 13
243 45 13
243 46 13
243 47 13
243 48 13
243 49 13
243 50 13
243 51 13
243 52 13
243 53 13
243 54 13
243 55 13
243 56 13
243 57 13
244 36 30
244 37 31
244 38 13
244 39 13
244 40 13
244 41 13
244 42 13
244 43 13
244 44 13
244 45 13
244 46 13
244 47 13
244 48 13
244 49 13
244 50 13
244 51 13
244 52 13
244 53 13
244 54 13
244 55 13
244 56 13
244 57 13
245 36 30
245 37 31
245 38 13
245 39 13
245 40 13
245 41 13
245 42 13
245 43 13
245 44 13
245 45 13
245 46 13
245 47 13
245 48 13
245 49 13
245 50 13
245 51 13
245 52 13
245 53 13
245 54 13
245 55 13
245 56 13
245 57 13
246 36 30
246 37 31
246 38 13
246 39 13
246 40 13
246 41 13
246 42 13
246 43 13
246 44 13
246 45 13
246 46 13
246 47 13
246 48 13
246 49 13
246 50 13
246 51 13
246 52 13
246 53 13
246 54 13
246 55 13
246 56 13
246 57 13
247 36 30
247 37 31
247 38 13
247 39 13
247 40 13
247 41 13
247 42 13
247 43 13
247 44 13
247 45 13
247 46 13
247 47 13
247 48 13
247 49 13
247 50 13
247 51 13
247 52 13
247 53 13
247 54 13
247 55 13
247 56 13
247 57 13
248 36 30
248 37 31
248 38 13
248 39 13
248 40 13
248 41 13
248 42 13
248 43 13
248 44 13
248 45 13
248 46 13
248 47 13
248 48 13
248 49 13
248 50 13
248 51 13
248 52 13
248 53 13
248 54 13
248 55 13
248 56 13
248 57 13
249 36 30
249 37 31
249 38 13
249 39 13
249 40 13
249 41 13
249 42 13
249 43 13
249 44 13
249 45 13
249 46 13
249 47 13
249 48 13
249 49 13
249 50 13
249 51 13
249 52 13
249 53 13
249 54 13
249 55 13
249 56 13
249 57 13
250 36 30
250 37 31
250 38 13
250 39 13
250 40 13
250 41 13
250 42 13
250 43 13
250 44 13
250 45 13
250 46 13
250 47 13
250 48 13
250 49 13
250 50 13
250 51 13
250 52 13
250 53 13
250 54 13
250 55 13
250 56 13
250 57 13
251 36 30
251 37 31
251 38 13
251 39 13
251 40 13
251 41 13
251 42 13
251 43 13
251 44 13
251 45 13
251 46 13
251 47 13
251 48 13
251 49 13
251 50 13
251 51 13
251 52 13
251 53 13
251 54 13
251 55 13
251 56 13
251 57 13
252 36 30
252 37 31
252 38 13
252 39 13
252 40 13
252 41 13
252 42 13
252 43 13
252 44 13
252 45 13
252 46 13
252 47 13
252 48 13
252 49 13
252 50 13
252 51 13
252 52 13
252 53 13
252 54 13
252 55 13
252 56 13
252 57 13
253 36 30
253 37 31
253 38 13
253 39 13
253 40 13
253 41 13
253 42 13
253 43 13
253 44 13
253 45 13
253 46 13
253 47 13
253 48 13
253 49 13
253 50 13
253 51 13
253 52 13
253 53 13
253 54 13
253 55 13
253 56 13
253 57 13
254 36 30
254 37 31
254 38 13
254 39 13
254 40 13
254 41 13
254 42 13
254 43 13
254 44 13
254 45 13
254 46 13
254 47 13
254 48 13
254 49 13
254 50 13
254 51 13
254 52 13
254 53 13
254 54 13
254 55 13
254 56 13
254 57 13
255 36 30
255 37 31
255 38 13
255 39 13
255 40 13
255 41 13
255 42 13
255 43 13
255 44 13
255 45 13
255 46 13
255 47 13
255 48 13
255 49 13
255 50 13
255 51 13
255 52 13
255 53 13
255 54 13
255 55 13
255 56 13
255 57 13
256 36 30
256 37 31
256 38 13
256 39 13
256 40 13
256 41 13
256 42 13
256 43 13
256 44 13
256 45 13
256 46 13
256 47 13
256 48 13
256 49 13
256 50 13
256 51 13
256 52 13
256 53 13
256 54 13
256 55 13
256 56 13
256 57 13
257 36 30
257 37 31
257 38 13
257 39 13
257 40 13
257 41 13
257 42 13
257 43 13
257 44 13
257 45 13
257 46 13
257 47 13
257 48 13
257 49 13
257 50 13
257 51 13
257 52 13
257 53 13
257 54 13
257 55 13
257 56 13
257 57 13
258 36 30
258 37 31
258 38 13
258 39 13
258 40 13
258 41 13
258 42 13
258 43 13
258 44 13
258 45 13
258 46 13
258 47 13
258 48 13
258 49 13
258 50 13
258 51 13
258 52 13
258 53 13
258 54 13
258 55 13
258 56 13
258 57 13
259 36 30
259 37 31
259 38 13
259 39 13
259 40 13
259 41 13
259 42 13
259 43 13
259 44 13
259 45 13
259 46 13
259 47 13
259 48 13
259 49 13
259 50 13
259 51 13
259 52 13
259 53 13
259 54 13
259 55 13
259 56 13
259 57 13
260 36 30
260 37 31
260 38 13
260 39 13
260 40 13
260 41 13
260 42 13
260 43 13
260 44 13
260 45 13
260 46 13
260 47 13
260 48 13
260 49 13
260 50 13
260 51 13
260 52 13
260 53 13
260 54 13
260 55 13
260 56 13
260 57 13
261 36 30
261 37 31
261 38 13
261 39 13
261 40 13
261 41 13
261 42 13
261 43 13
261 44 13
261 45 13
261 46 13
261 47 13
261 48 13
261 49 13
261 50 13
261 51 13
261 52 13
261 53 13
261 54 13
261 55 13
261 56 13
261 57 13
262 36 30
262 37 31
262 38 13
262 39 13
262 40 13
262 41 13
262 42 13
262 43 13
262 44 13
262 45 13
262 46 13
262 47 13
262 48 13
262 49 13
262 50 13
262 51 13
262 52 13
262 53 13
262 54 13
262 55 13
262 56 13
262 57 13
263 36 30
263 37 31
263 38 13
263 39 13
263 40 13
263 41 13
263 42 13
263 43 13
263 44 13
263 45 13
263 46 13
263 47 13
263 48 13
263 49 13
263 50 13
263 51 13
263 52 13
263 53 13
263 54 13
263 55 13
263 56 13
263 57 13
264 36 30
264 37 31
264 38 13
264 39 13
264 40 13
264 41 13
264 42 13
264 43 13
264 44 13
264 45 13
264 46 13
264 47 13
264 48 13
264 49 13
264 50 13
264 51 13
264 52 13
264 53 13
264 54 13
264 55 13
264 56 13
264 57 13
265 36 30
265 37 31
265 38 13
265 39 13
265 40 13
265 41 13
265 42 13
265 43 13
265 44 13
265 45 13
265 46 13
265 47 13
265 48 13
265 49 13
265 50 13
265 51 13
265 52 13
265 53 13
265 54 13
265 55 13
265 56 13
265 57 13
266 36 30
266 37 31
266 38 13
266 39 13
266 40 13
266 41 13
266 42 13
266 43 13
266 44 13
266 45 13
266 46 13
266 47 13
266 48 13
266 49 13
266 50 13
266 51 13
266 52 13
266 53 13
266 54 13
266 55 13
266 56 13
266 57 13
267 36 30
267 37 31
267 38 13
267 39 13
267 40 13
267 41 13
267 42 13
267 43 13
267 44 13
267 45 13
267 46 13
267 47 13
267 48 13
267 49 13
267 50 13
267 51 13
267 52 13
267 53 13
267 54 13
267 55 13
267 56 13
267 57 13
268 36 30
268 37 31
268 38 13
268 39 13
268 40 13
268 41 13
268 42 13
268 43 13
268 44 13
268 45 13
268 46 13
268 47 13
268 48 13
268 49 13
268 50 13
268 51 13
268 52 13
268 53 13
268 54 13
268 55 13
268 56 13
268 57 13
269 36 30
269 37 31
269 38 13
269 39 13
269 40 13
269 41 13
269 42 13
269 43 13
269 44 13
269 45 13
269 46 13
269 47 13
269 48 13
269 49 13
269 50 13
269 51 13
269 52 13
269 53 13
269 54 13
269 55 13
269 56 13
269 57 13
270 36 30
270 37 31
270 38 13
270 39 13
270 40 13
270 41 13
270 42 13
270 43 13
270 44 13
270 45 13
270 46 13
270 47 13
270 48 13
270 49 13
270 50 13
270 51 13
270 52 13
270 53 13
270 54 13
270 55 13
270 56 13
270 57 13
271 36 30
271 37 31
271 38 13
271 39 13
271 40 13
271 41 13
271 42 13
271 43 13
271 44 13
271 45 13
271 46 13
271 47 13
271 48 13
271 49 13
271 50 13
271 51 13
271 52 13
271 53 13
271 54 13
271 55 13
271 56 13
271 57 13
272 36 30
272 37 31
272 38 13
272 39 13
272 40 13
272 41 13
272 42 13
272 43 13
272 44 13
272 45 13
272 46 13
272 47 13
272 48 13
272 49 13
272 50 13
272 51 13
272 52 13
272 53 13
272 54 13
272 55 13
272 56 13
272 57 13
273 36 30
273 37 31
273 38 13
273 39 13
273 40 13
273 41 13
273 42 13
273 43 13
273 44 13
273 45 13
273 46 13
273 47 13
273 48 13
273 49 13
273 50 13
273 51 13
273 52 13
273 53 13
273 54 13
273 55 13
273 56 13
273 57 13
274 36 30
274 37 31
274 38 13
274 39 13
274 40 13
274 41 13
274 42 13
274 43 13
274 44 13
274 45 13
274 46 13
274 47 13
274 48 13
274 49 13
274 50 13
274 51 13
274 52 13
274 53 13
274 54 13
274 55 13
274 56 13
274 57 13
275 36 30
275 37 31
275 38 13
275 39 13
275 40 13
275 41 13
275 42 13
275 43 13
275 44 13
275 45 13
275 46 13
275 47 13
275 48 13
275 49 13
275 50 13
275 51 13
275 52 13
275 53 13
275 54 13
275 55 13
275 56 13
275 57 13
276 36 30
276 37 31
276 38 13
276 39 13
276 40 13
276 41 13
276 42 13
276 43 13
276 44 13
276 45 13
276 46 13
276 47 13
276 48 13
276 49 13
276 50 13
276 51 13
276 52 13
276 53 13
276 54 13
276 55 13
276 56 13
276 57 13
277 36 30
277 37 31
277 38 13
277 39 13
277 40 13
277 41 13
277 42 13
277 43 13
277 44 13
277 45 13
277 46 13
277 47 13
277 48 13
277 49 13
277 50 13
277 51 13
277 52 13
277 53 13
277 54 13
277 55 13
277 56 13
277 57 13
278 36 30
278 37 31
278 38 13
278 39 13
278 40 13
278 41 13
278 42 13
278 43 13
278 44 13
278 45 13
278 46 13
278 47 13
278 48 13
278 49 13
278 50 13
278 51 13
278 52 13
278 53 13
278 54 13
278 55 13
278 56 13
278 57 13
279 36 30
279 37 31
279 38 13
279 39 13
279 40 13
279 41 13
279 42 13
279 43 13
279 44 13
279 45 13
279 46 13
279 47 13
279 48 13
279 49 13
279 50 13
279 51 13
279 52 13
279 53 13
279 54 13
279 55 13
279 56 13
279 57 13
280 36 30
280 37 31
280 38 13
280 39 13
280 40 13
280 41 13
280 42 13
280 43 13
280 44 13
280 45 13
280 46 13
280 47 13
280 48 13
280 49 13
280 50 13
280 51 13
280 52 13
280 53 13
280 54 13
280 55 13
280 56 13
280 57 13
281 36 30
281 37 31
281 38 13
281 39 13
281 40 13
281 41 13
281 42 13
281 43 13
281 44 13
281 45 13
281 46 13
281 47 13
281 48 13
281 49 13
281 50 13
281 51 13
281 52 13
281 53 13
281 54 13
281 55 13
281 56 13
281 57 13
282 36 30
282 37 31
282 38 13
282 39 13
282 40 13
282 41 13
282 42 13
282 43 13
282 44 13
282 45 13
282 46 13
282 47 13
282 48 13
282 49 13
282 50 13
282 51 13
282 52 13
282 53 13
282 54 13
282 55 13
282 56 13
282 57 13
283 36 30
283 37 31
284 36 30
284 37 31
285 36 30
285 37 31
286 36 30
286 37 31
287 36 30
287 37 31
288 36 30
288 37 31
289 36 30
289 37 31
290 36 30
290 37 31
291 37 31
292 37 31
293 37 31
294 37 31
295 37 31
::TILES-> END
::BONUS-> BEGIN
4 11 1
4 12 1
5 8 1
5 9 1
5 12 1
5 13 1
5 14 1
6 9 1
6 10 1
6 11 1
6 13 1
6 14 1
6 15 1
6 16 1
6 17 1
6 18 1
6 19 1
7 9 1
7 10 1
7 11 1
7 12 1
7 17 1
7 20 1
7 21 1
8 9 1
8 11 1
8 14 1
8 15 1
9 10 1
9 12 1
9 13 1
9 16 1
9 17 1
10 8 1
10 9 1
10 10 1
10 11 1
10 12 1
10 16 1
10 17 1
11 4 2
11 10 1
11 11 1
11 13 1
11 14 1
11 15 1
11 16 1
11 17 1
12 4 16
12 9 1
12 11 1
12 12 1
12 13 1
12 15 1
12 16 1
12 17 1
12 22 1
12 23 1
12 26 1
13 4 16
13 9 1
13 11 1
13 13 1
13 14 1
13 16 1
13 17 1
13 21 1
14 4 4
14 8 1
14 9 1
14 11 1
14 17 1
14 18 1
14 19 1
14 21 1
14 23 1
14 25 1
14 28 1
15 4 16
15 8 1
15 12 1
15 13 1
15 14 1
15 15 1
15 16 1
15 19 1
15 20 1
15 21 1
15 25 1
16 4 16
16 8 1
16 9 1
16 10 1
16 11 1
16 12 1
16 14 1
16 15 1
16 26 1
17 4 2
17 8 1
17 9 1
17 11 1
17 14 1
17 15 1
17 16 1
17 21 1
17 26 1
17 30 1
18 4 16
18 8 1
18 9 1
18 11 1
18 12 1
18 13 1
18 14 1
18 16 1
18 22 1
18 23 1
18 24 1
18 25 1
18 26 1
19 8 1
19 9 1
19 12 1
19 13 1
19 14 1
19 16 1
19 17 1
19 20 1
19 21 1
19 23 1
19 24 1
19 27 1
19 28 1
19 34 1
19 35 1
20 8 1
20 10 1
20 12 1
20 13 1
20 14 1
20 15 1
20 16 1
20 19 1
20 20 1
20 22 1
20 23 1
20 25 1
20 26 1
20 28 1
20 30 1
20 34 1
20 35 1
21 9 1
21 10 1
21 14 1
21 15 1
21 18 1
21 21 1
21 23 1
21 26 1
21 27 1
22 9 1
22 10 1
22 14 1
22 15 1
22 17 1
22 22 1
22 31 1
23 10 1
23 14 1
23 15 1
23 17 1
23 18 1
23 19 1
23 22 1
23 32 1
24 7 1
24 10 1
24 12 1
24 13 1
24 16 1
24 17 1
24 24 1
24 25 1
24 28 1
24 32 1
24 38 1
24 39 1
25 7 1
25 10 1
25 12 1
25 14 1
25 18 1
25 19 1
25 24 1
25 26 1
25 27 1
25 32 1
25 35 1
25 36 1
26 7 1
26 8 1
26 10 1
26 11 1
26 12 1
26 13 1
26 19 1
26 20 1
26 22 1
26 27 1
26 28 1
26 29 1
26 33 1
26 34 1
26 37 1
26 40 1
27 7 1
27 9 1
27 10 1
27 11 1
27 13 1
27 20 1
27 21 1
27 23 1
27 27 1
27 29 1
27 30 1
27 35 1
27 39 1
28 7 1
28 8 1
28 9 1
28 10 1
28 15 1
28 21 1
28 22 1
28 23 1
28 24 1
28 25 1
28 27 1
28 28 1
28 30 1
28 31 1
28 32 1
28 38 1
29 7 1
29 8 1
29 11 1
29 12 1
29 13 1
29 14 1
29 16 1
29 21 1
29 22 1
29 24 1
29 25 1
29 28 1
29 29 1
29 31 1
29 32 1
29 33 1
29 35 1
29 36 1
30 7 1
30 8 1
30 9 1
30 10 1
30 11 1
30 12 1
30 13 1
30 14 1
30 15 1
30 23 1
30 24 1
30 25 1
30 26 1
30 27 1
30 30 1
30 34 1
30 35 1
30 37 1
31 7 1
31 8 1
31 9 1
31 10 1
31 11 1
31 12 1
31 13 1
31 14 1
31 15 1
31 25 1
31 26 1
31 27 1
31 29 1
31 30 1
31 32 1
31 35 1
31 36 1
31 38 1
32 7 1
32 8 1
32 9 1
32 10 1
32 11 1
32 12 1
32 13 1
32 14 1
32 17 1
32 21 1
32 26 1
32 27 1
32 28 1
32 31 1
32 33 1
32 39 1
33 7 1
33 8 1
33 9 1
33 10 1
33 11 1
33 12 1
33 13 1
33 16 1
33 20 1
33 26 1
33 27 1
33 32 1
33 34 1
34 7 1
34 8 1
34 9 1
34 10 1
34 11 1
34 12 1
34 13 1
34 14 1
34 15 1
34 16 1
34 17 1
34 21 1
34 22 1
34 25 1
34 26 1
34 27 1
34 29 1
34 30 1
34 31 1
34 33 1
34 35 1
34 36 1
34 38 1
35 7 1
35 8 1
35 9 1
35 10 1
35 11 1
35 12 1
35 13 1
35 14 1
35 15 1
35 16 1
35 20 1
35 21 1
35 22 1
35 23 1
35 25 1
35 27 1
35 32 1
35 36 1
35 37 1
35 39 1
36 7 1
36 8 1
36 9 1
36 10 1
36 11 1
36 12 1
36 13 1
36 14 1
36 15 1
36 16 1
36 17 1
36 21 1
36 22 1
36 24 1
36 28 1
36 29 1
36 30 1
36 33 1
36 34 1
36 35 1
36 40 1
36 41 1
37 7 1
37 8 1
37 9 1
37 10 1
37 11 1
37 12 1
37 13 1
37 14 1
37 15 1
37 16 1
37 17 1
37 18 1
37 22 1
37 23 1
37 24 1
37 27 1
37 28 1
37 30 1
37 31 1
37 33 1
37 35 1
37 37 1
37 41 1
38 7 1
38 8 1
38 9 1
38 10 1
38 11 1
38 12 1
38 13 1
38 14 1
38 15 1
38 16 1
38 17 1
38 18 1
38 22 1
38 26 1
38 27 1
38 33 1
38 35 1
38 37 1
38 38 1
38 39 1
38 40 1
39 7 1
39 8 1
39 9 1
39 10 1
39 11 1
39 12 1
39 13 1
39 14 1
39 15 1
39 17 1
39 23 1
39 26 1
39 27 1
39 28 1
39 29 1
39 32 1
39 34 1
39 36 1
40 7 1
40 8 1
40 9 1
40 10 1
40 11 1
40 12 1
40 13 1
40 14 1
40 15 1
40 16 1
40 23 1
40 24 1
40 25 1
40 27 1
40 29 1
40 30 1
40 36 1
41 7 1
41 8 1
41 9 1
41 10 1
41 11 1
41 12 1
41 13 1
41 14 1
41 15 1
41 17 1
41 25 1
41 26 1
41 29 1
41 37 1
42 7 1
42 8 1
42 9 1
42 10 1
42 11 1
42 12 1
42 13 1
42 14 1
42 16 1
42 17 1
42 19 1
42 20 1
42 24 1
42 26 1
42 28 1
42 33 1
42 35 1
43 7 1
43 8 1
43 9 1
43 10 1
43 11 1
43 12 1
43 13 1
43 14 1
43 16 1
43 17 1
43 18 1
43 24 1
43 25 1
43 26 1
43 28 1
43 29 1
43 32 1
43 36 1
44 6 1
44 7 1
44 8 1
44 9 1
44 10 1
44 11 1
44 12 1
44 13 1
44 15 1
44 17 1
44 18 1
44 19 1
44 24 1
44 25 1
44 28 1
44 29 1
44 30 1
44 31 1
44 32 1
44 34 1
44 35 1
44 37 1
45 7 1
45 8 1
45 9 1
45 10 1
45 11 1
45 12 1
45 13 1
45 15 1
45 17 1
45 18 1
45 23 1
45 24 1
45 25 1
45 26 1
45 28 1
45 29 1
45 33 1
45 36 1
45 37 1
46 6 1
46 7 1
46 8 1
46 9 1
46 10 1
46 11 1
46 12 1
46 13 1
46 14 1
46 23 1
46 26 1
46 27 1
46 28 1
46 29 1
46 30 1
46 32 1
46 34 1
47 5 1
47 7 1
47 8 1
47 9 1
47 10 1
47 11 1
47 12 1
47 13 1
47 14 1
47 15 1
47 16 1
47 17 1
47 18 1
47 23 1
47 26 2
47 29 1
47 31 1
47 32 1
47 33 1
47 38 1
48 6 1
48 7 1
48 9 1
48 10 1
48 11 1
48 12 1
48 13 1
48 14 1
48 15 1
48 17 1
48 23 1
48 28 1
48 29 1
48 30 1
48 32 1
48 34 1
49 9 1
49 10 1
49 11 1
49 12 1
49 13 1
49 14 1
49 17 1
49 18 1
49 23 1
49 28 1
49 32 1
49 34 1
50 9 1
50 10 1
50 11 1
50 12 1
50 14 1
50 15 1
50 16 1
50 17 1
50 23 1
50 25 1
50 26 1
50 29 1
50 31 1
50 32 1
50 33 1
51 15 1
51 23 1
51 26 1
51 29 1
51 30 1
51 37 1
52 27 1
52 29 1
52 34 1
53 23 1
53 26 1
53 28 1
53 30 1
53 31 1
54 1 1
54 2 1
54 23 1
54 24 1
54 28 1
54 31 1
54 32 1
54 36 1
55 1 1
55 2 1
55 4 1
55 5 1
55 6 1
55 8 1
55 9 1
55 17 1
55 18 1
55 19 1
55 22 1
55 23 1
55 24 1
55 25 1
55 26 1
55 30 1
55 31 1
55 33 1
55 35 1
55 79 1
55 80 1
55 81 1
55 82 1
55 83 1
55 84 1
55 85 1
55 86 1
55 87 1
55 88 1
55 89 1
55 90 1
55 91 1
55 92 1
55 93 1
55 94 1
55 95 1
55 96 1
55 97 1
55 98 1
55 99 1
56 1 1
56 3 1
56 4 1
56 5 1
56 7 1
56 8 1
56 10 1
56 16 1
56 20 1
56 23 1
56 26 1
56 29 1
56 31 1
56 33 1
57 2 1
57 3 1
57 4 1
57 5 1
57 6 1
57 7 1
57 8 1
57 9 1
57 11 1
57 15 1
57 16 1
57 17 1
57 18 1
57 21 1
57 22 1
57 23 1
57 25 1
57 26 1
57 27 1
57 29 1
57 31 1
57 33 1
58 1 1
58 3 1
58 5 1
58 7 1
58 8 1
58 9 1
58 10 1
58 11 1
58 12 1
58 13 1
58 14 1
58 15 1
58 16 1
58 17 1
58 18 1
58 19 1
58 20 1
58 21 1
58 22 1
58 23 1
58 31 1
58 36 1
59 1 1
59 3 1
59 5 1
59 7 1
59 8 1
59 9 1
59 11 1
59 12 1
59 13 1
59 16 1
59 18 1
59 19 1
59 20 1
59 22 1
59 23 1
59 29 1
59 30 1
59 31 1
59 32 1
60 2 1
60 3 1
60 7 1
60 8 1
60 10 1
60 11 1
60 13 1
60 14 1
60 17 1
60 18 1
60 19 1
60 20 1
60 21 1
60 22 1
60 23 1
60 28 1
60 30 1
60 31 1
60 32 1
61 2 1
61 4 1
61 5 1
61 7 1
61 8 1
61 9 1
61 10 1
61 11 1
61 12 1
61 13 1
61 14 1
61 15 1
61 16 1
61 17 1
61 19 1
61 21 1
61 22 1
61 24 1
61 25 1
61 27 1
61 31 1
61 35 1
62 1 1
62 4 1
62 6 1
62 8 1
62 9 1
62 10 1
62 11 1
62 12 1
62 18 1
62 19 1
62 20 1
62 21 1
62 22 1
62 23 1
62 27 1
62 30 1
62 31 1
62 33 1
63 1 1
63 3 1
63 7 1
63 8 1
63 11 1
63 12 1
63 14 1
63 15 1
63 16 1
63 17 1
63 18 1
63 19 1
63 20 1
63 21 1
63 22 1
63 23 1
63 24 1
63 25 1
63 26 1
63 31 1
63 34 1
64 2 1
64 3 1
64 7 1
64 8 1
64 9 1
64 10 1
64 13 1
64 17 1
64 18 1
64 19 1
64 23 1
64 25 1
64 28 1
64 34 1
65 5 1
65 7 1
65 9 1
65 11 1
65 13 1
65 14 1
65 17 1
65 24 1
65 26 1
65 27 1
65 29 1
65 30 1
66 8 1
66 10 1
66 11 1
66 12 1
66 13 1
66 16 1
66 18 1
66 19 1
66 21 1
66 22 1
66 25 1
66 26 1
66 30 1
66 32 1
66 33 1
66 34 1
66 35 1
66 36 1
66 37 1
66 38 1
67 4 1
67 7 1
67 9 1
67 10 1
67 11 1
67 13 1
67 14 1
67 15 1
67 16 1
67 17 1
67 19 1
67 20 1
67 21 1
67 24 1
67 25 1
67 26 1
67 27 1
67 29 1
67 30 1
67 33 1
67 34 1
67 35 1
67 36 1
67 37 1
67 39 1
68 8 1
68 12 1
68 13 1
68 16 1
68 18 1
68 19 1
68 20 1
68 26 1
68 27 1
68 29 1
68 32 1
68 33 1
68 37 1
68 39 1
69 5 1
69 8 1
69 11 1
69 14 1
69 19 1
69 23 1
69 29 1
69 30 1
69 31 1
69 33 1
69 37 1
69 38 1
69 39 1
70 6 1
70 21 1
70 37 1
70 38 1
71 37 1
71 38 1
71 39 1
72 37 1
72 38 1
72 39 1
85 29 1
86 29 1
90 29 1
91 29 1
94 29 1
97 31 1
98 31 1
103 28 1
103 29 1
104 29 1
105 29 1
106 27 1
106 28 1
106 29 1
107 27 1
109 24 1
110 24 1
111 21 1
112 21 1
113 21 1
115 17 1
116 17 1
117 17 1
118 17 1
118 32 1
119 32 1
120 32 1
121 32 1
122 32 1
123 32 1
124 32 1
125 32 1
126 32 1
141 32 1
142 32 1
143 32 1
144 32 1
145 32 1
146 32 1
147 32 1
264 7 15
264 8 15
264 9 15
264 10 15
264 11 15
264 12 15
264 13 15
264 14 15
264 15 15
264 16 15
264 17 15
264 18 15
264 19 15
264 20 15
264 21 15
264 22 15
264 23 15
264 24 15
264 25 15
264 26 15
264 27 15
264 28 15
264 29 15
264 30 15
264 31 15
264 32 15
264 33 15
264 34 15
264 35 15
::BONUS-> END
::COIN-> BEGIN
58 24
58 25
58 26
58 27
59 24
59 25
59 26
59 27
60 24
60 25
60 26
60 27
77 37
119 26
120 27
121 15
121 17
121 19
121 21
121 23
121 25
121 28
121 32
122 27
123 26
127 29
128 28
130 27
132 26
134 26
136 27
138 28
139 29
190 35
191 35
::COIN-> END
KILLERBLUME 21 5
TURTLE 42 4
SPINY 44 5
BRETT 3040 1160
FIRE 83 37
FIRE 84 37
FIRE 85 37
FIRE 86 37
FIRE 87 37
FIRE 88 37
FIRE 89 37
FIRE 90 37
FIRE 91 37
FIRE 92 37
FIRE 93 37
FIRE 94 37
FIRE 95 37
FIRE 96 37
FIRE 97 37
FIRE 98 37
FIRE 99 37
FIRE 100 37
FIRE 101 37
FIRE 102 37
FIRE 103 37
FIRE 104 37
FIRE 105 37
GOOMBA 106 26
FIRE 106 37
FIRE 107 37
FIRE 108 37
FIRE 109 37
FIRE 110 37
FIRE 111 37
FIRE 112 37
FIRE 113 37
FIRE 114 37
FIRE 115 37
FIRE 116 37
FIRE 117 37
FIRE 118 37
FIRE 119 37
FIRE 120 37
FIRE 121 37
FIRE 122 37
FIRE 123 37
FIRE 124 37
FIRE 125 37
FIRE 126 37
FIRE 127 37
FIRE 128 37
FIRE 129 37
FIRE 130 37
FIRE 131 37
FIRE 132 37
FIRE 133 37
FIRE 134 37
FIRE 135 37
FIRE 136 37
FIRE 137 37
FIRE 138 37
FIRE 139 37
FIRE 140 37
TURTLE 156 36
GOOMBA 158 37
GOOMBA 160 37
GOOMBA 162 37
GOOMBA 164 37
TURTLE 166 36
RESTART data/levels/11/main
START 0 245 202 2
EXIT 0 870 353 data/levels/11/main 1 3
START 1 2857 332 1
EXIT 1 7549 1470 data/levels/12/main 0 1
START 2 0 0 0
EXIT 2 9551 1230 data/levels/12/main 1 0
START 3 0 0 0
EXIT 3 0 0 NONE 0 0
START 4 0 0 0
EXIT 4 0 0 NONE 0 0
BGCOLOR 0

MUSIC ghostcastle.mid
BACKGROUND data/gfx/background/wood.jpg
