# Level for Mega Mario
TIP Luigi??? Luigi!!!_I_am_coming!!! _ Bowser,_stand_it! I'm_coming. _ _
TEXTURE data/gfx/tiles/ground/stone0.png
TEXTURE data/gfx/tiles/ground/stone1.png
TEXTURE data/gfx/tiles/ground/stone2.png
TEXTURE data/gfx/tiles/ground/stone3.png
TEXTURE data/gfx/tiles/ground/stone4.png
TEXTURE data/gfx/tiles/ground/stone5.png
TEXTURE data/gfx/tiles/ground/stone6.png
TEXTURE data/gfx/tiles/ground/bricks.png
TEXTURE data/gfx/tiles/ground/bricks2.png
TEXTURE data/gfx/tiles/ground/snowy.png
TEXTURE data/gfx/tiles/ground/grass.png
TEXTURE data/gfx/tiles/ground/sand.png
TEXTURE data/gfx/tiles/ground/metal.png
TEXTURE data/gfx/tiles/cannonset1.png
TEXTURE data/gfx/tiles/cannonset2.png
TEXTURE data/gfx/tiles/pipes/up/1.png
TEXTURE data/gfx/tiles/pipes/up/2.png
TEXTURE data/gfx/tiles/pipes/up/3.png
TEXTURE data/gfx/tiles/pipes/up/4.png
TEXTURE data/gfx/tiles/pipes/down/1.png
TEXTURE data/gfx/tiles/pipes/down/2.png
TEXTURE data/gfx/tiles/pipes/down/3.png
TEXTURE data/gfx/tiles/pipes/down/4.png
TEXTURE data/gfx/tiles/pipes/right/1.png
TEXTURE data/gfx/tiles/pipes/right/2.png
TEXTURE data/gfx/tiles/pipes/right/3.png
TEXTURE data/gfx/tiles/pipes/right/4.png
TEXTURE data/gfx/tiles/pipes/left/1.png
TEXTURE data/gfx/tiles/pipes/left/2.png
TEXTURE data/gfx/tiles/pipes/left/3.png
TEXTURE data/gfx/tiles/pipes/left/4.png
TEXTURE data/gfx/tiles/conveyorL.png
TEXTURE data/gfx/tiles/conveyorR.png
TEXTURE data/gfx/characters/luigi.png
::TILES-> BEGIN
4 95 9
5 67 22
5 68 22
5 69 22
5 70 22
5 71 22
5 72 22
5 73 22
5 74 22
5 75 22
5 76 22
5 77 22
5 78 22
5 79 22
5 80 22
5 81 22
5 82 22
5 83 22
5 84 22
5 85 22
5 86 22
5 87 22
5 88 22
5 89 22
5 90 22
5 91 20
5 95 9
6 64 23
6 65 23
6 66 23
6 67 23
6 68 23
6 69 23
6 70 23
6 71 23
6 72 23
6 73 23
6 74 23
6 75 23
6 76 23
6 77 23
6 78 23
6 79 23
6 80 23
6 81 23
6 82 23
6 83 23
6 84 23
6 85 23
6 86 23
6 87 23
6 88 23
6 89 23
6 90 23
6 91 21
6 95 9
7 95 9
11 96 7
12 96 7
13 96 7
14 96 7
18 98 7
19 98 7
20 98 7
21 98 7
22 95 7
23 95 7
24 95 7
25 95 7
27 92 7
28 92 7
29 92 7
29 93 7
30 93 7
31 93 7
32 93 7
33 93 7
34 93 7
35 93 7
36 93 7
37 93 7
38 93 7
39 92 7
39 93 7
40 92 7
41 92 7
44 94 7
45 94 7
46 94 7
47 94 7
48 94 7
49 94 7
50 94 7
51 94 7
52 94 7
53 94 7
54 94 7
61 95 1
67 94 7
68 94 7
69 94 7
70 94 7
71 94 7
72 85 7
72 94 7
73 85 7
73 94 7
74 85 7
74 94 7
75 85 7
75 94 7
76 85 7
76 94 7
77 85 7
77 96 7
77 97 7
77 98 7
78 85 7
78 97 7
78 98 7
79 85 7
79 98 7
80 85 7
80 98 7
81 85 7
81 98 7
82 85 7
82 98 7
83 85 7
83 98 7
84 85 7
84 98 7
85 98 7
86 93 7
88 85 7
88 86 7
88 87 7
88 88 7
89 85 7
89 86 7
89 87 7
90 85 7
91 85 7
91 92 7
92 85 7
92 92 7
93 85 7
93 92 7
94 85 7
94 92 7
95 85 7
95 95 7
96 85 7
96 95 7
97 85 7
97 95 7
98 85 7
98 95 7
99 85 7
99 95 7
141 93 7
141 94 7
141 95 7
141 96 7
141 97 7
141 98 7
141 99 7
142 96 7
142 97 7
142 98 7
142 99 7
145 97 7
145 98 7
145 99 7
148 96 7
148 97 7
148 98 7
148 99 7
151 95 7
151 96 7
151 97 7
151 98 7
151 99 7
152 95 7
152 96 7
153 95 7
153 96 7
153 97 7
153 98 7
153 99 7
156 95 6
160 95 7
161 95 7
162 95 7
163 95 7
177 97 6
178 97 6
179 97 6
180 97 6
181 97 6
189 95 9
189 96 13
189 97 13
189 98 13
189 99 13
190 95 9
190 96 12
190 97 12
190 98 12
190 99 12
191 95 9
191 96 12
191 97 12
191 98 12
191 99 12
192 95 9
192 96 12
192 97 12
192 98 12
192 99 12
193 95 9
193 96 13
193 97 13
193 98 13
193 99 13
196 97 6
200 97 6
203 95 9
203 96 13
203 97 13
203 98 13
203 99 13
204 95 9
205 95 9
206 95 9
207 95 9
208 95 9
209 95 9
210 95 9
211 95 9
212 95 9
213 95 9
214 95 9
214 96 13
214 97 13
214 98 13
214 99 13
230 96 13
230 97 13
230 98 13
230 99 13
231 96 13
231 97 13
231 98 13
231 99 13
232 96 13
232 97 13
232 98 13
232 99 13
233 96 13
233 97 13
233 98 13
233 99 13
234 96 13
234 97 13
234 98 13
234 99 13
235 96 13
235 97 13
235 98 13
235 99 13
236 96 13
236 97 13
236 98 13
236 99 13
237 96 13
237 97 13
237 98 13
237 99 13
238 96 13
238 97 13
238 98 13
238 99 13
239 96 13
239 97 13
239 98 13
239 99 13
240 96 13
240 97 13
240 98 13
240 99 13
241 98 13
241 99 13
244 93 34
::TILES-> END
::BONUS-> BEGIN
32 90 2
33 90 14
34 90 14
35 90 14
36 90 16
37 69 14
37 70 14
37 71 14
37 72 14
37 73 14
37 74 14
37 75 14
37 76 14
37 77 14
37 78 14
37 79 14
37 80 14
37 81 14
37 82 14
37 83 14
37 84 14
37 85 14
37 86 14
37 87 14
37 88 14
37 89 14
37 90 14
38 89 14
38 90 14
39 89 14
40 89 2
100 98 15
101 98 15
102 98 15
103 98 15
104 98 15
105 98 15
106 98 15
107 98 15
108 98 15
109 98 15
110 98 15
111 98 15
112 98 15
118 98 15
119 98 15
120 98 15
121 98 15
122 98 15
123 98 15
124 98 15
125 98 15
126 98 15
127 98 15
128 98 15
129 98 15
130 98 15
135 95 15
136 95 15
137 95 15
138 95 15
139 95 15
140 95 15
198 93 2
230 65 14
230 66 14
230 67 14
230 68 14
230 69 14
230 70 14
230 71 14
230 72 14
230 73 14
230 74 14
230 75 14
230 76 14
230 77 14
230 78 14
230 79 14
230 80 14
230 81 14
230 82 14
230 83 14
230 84 14
230 85 14
230 86 14
230 87 14
230 88 14
230 89 14
230 90 14
231 82 14
231 83 14
231 84 14
231 85 14
231 86 14
231 87 14
231 88 14
231 89 14
231 90 14
232 82 14
232 84 14
232 85 14
232 86 14
232 87 14
232 88 14
232 89 14
232 90 14
233 82 14
233 84 14
233 85 14
233 86 14
233 87 14
233 88 14
233 89 14
233 90 14
234 82 14
234 84 14
234 85 14
234 86 14
234 87 14
234 88 14
234 89 14
234 90 14
235 82 14
235 84 14
235 85 14
235 86 14
235 87 14
235 88 14
235 89 14
235 90 14
236 82 14
236 84 14
236 85 14
236 86 14
236 87 14
236 88 14
236 89 14
236 90 14
237 82 14
237 84 14
237 85 14
237 86 14
237 87 14
237 88 14
237 89 14
237 90 14
238 82 14
238 84 14
238 85 14
238 86 14
238 87 14
238 88 14
238 89 14
238 90 14
239 82 14
239 84 14
239 85 14
239 86 14
239 87 14
239 88 14
239 89 14
239 90 14
240 82 14
240 84 14
240 85 14
240 86 14
240 87 14
240 88 14
240 89 14
240 90 14
241 82 14
241 84 14
241 85 14
241 86 14
241 87 14
241 88 14
241 89 14
241 90 14
241 96 14
241 97 14
242 82 14
242 84 14
242 85 14
242 86 14
242 87 14
242 88 14
242 89 14
242 90 14
242 96 14
242 97 14
242 98 14
242 99 1
243 82 14
243 84 14
243 85 14
243 86 14
243 87 14
243 88 14
243 89 14
243 90 14
243 96 1
243 97 14
243 98 14
243 99 14
244 82 14
244 84 14
244 85 14
244 86 14
244 87 14
244 88 14
244 89 14
244 90 14
244 95 1
244 96 1
244 97 1
244 98 1
244 99 14
245 82 14
245 84 14
245 85 14
245 86 14
245 87 14
245 88 14
245 89 14
245 90 14
245 95 1
245 96 1
245 97 1
245 98 1
245 99 14
246 82 14
246 84 14
246 85 14
246 86 14
246 87 14
246 88 14
246 89 14
246 90 14
246 95 1
246 96 1
246 97 1
246 98 14
246 99 1
247 82 14
247 84 14
247 85 14
247 86 14
247 87 14
247 88 14
247 89 14
247 90 14
247 95 1
247 96 1
247 97 1
247 98 1
247 99 1
248 82 14
248 84 14
248 85 14
248 86 14
248 87 14
248 88 14
248 89 14
248 90 14
248 91 14
248 92 14
248 93 14
248 94 14
248 95 14
248 96 14
248 97 14
248 98 14
248 99 14
249 82 14
249 83 14
249 84 14
249 85 14
249 86 14
249 87 14
249 88 14
249 89 14
249 90 14
249 91 14
249 92 14
249 93 14
249 94 14
249 95 14
249 96 14
249 97 14
249 98 14
249 99 14
250 84 14
250 85 14
250 86 14
250 87 14
250 88 14
250 89 14
250 90 14
250 91 14
250 92 14
250 93 14
250 94 14
250 95 14
250 96 14
250 97 14
250 98 14
250 99 14
251 84 14
251 85 14
251 86 14
251 87 14
251 88 14
251 89 14
251 90 14
251 91 14
251 92 14
251 93 14
251 94 14
251 95 14
251 96 14
251 97 14
251 98 14
251 99 14
252 84 14
252 85 14
252 86 14
252 87 14
252 88 14
252 89 14
252 90 14
252 91 14
252 92 14
252 93 14
252 94 14
252 95 14
252 96 14
252 97 14
252 98 14
252 99 14
::BONUS-> END
::COIN-> BEGIN
55 93
56 92
57 91
58 90
59 90
60 90
61 90
62 90
63 90
64 91
65 92
66 93
72 84
72 86
73 84
73 86
74 84
74 86
75 84
75 86
86 85
86 86
86 87
86 88
86 89
100 97
101 97
102 97
103 97
104 97
105 97
106 97
107 97
108 97
109 97
110 97
111 97
112 97
118 97
119 97
120 97
121 97
122 97
123 97
124 97
125 97
126 97
127 97
128 97
129 97
130 97
163 94
164 93
165 92
166 91
167 90
168 90
169 90
170 90
171 90
172 90
173 90
174 91
175 92
176 93
177 94
178 95
179 96
231 95
232 95
233 95
234 95
235 95
236 95
237 95
238 95
239 95
240 95
241 95
242 95
243 95
::COIN-> END
FIRE 1 98
FIRE 2 98
FIRE 3 98
FIRE 4 98
FIRE 5 98
FIRE 6 98
FIRE 7 98
FIRE 8 98
FIRE 9 98
FIRE 10 98
FIRE 11 98
FIRE 12 98
FIRE 13 98
FIRE 14 98
FIRE 15 98
FIRE 16 98
FIRE 17 98
FIRE 18 98
FIRE 19 98
FIRE 20 98
FIRE 21 98
FIRE 22 98
FIRE 23 98
FIRE 24 98
FIRE 25 98
FIRE 26 98
FIRE 27 98
FIRE 28 98
FIRE 29 98
FIRE 30 98
FIRE 31 98
FIRE 32 98
GOOMBA 33 92
FIRE 33 98
FIRE 34 98
FIRE 35 98
FIRE 36 98
FIRE 37 98
FIRE 38 98
FIRE 39 98
FIRE 40 98
FIRE 41 98
FIRE 42 98
FIRE 43 98
FIRE 44 98
FIRE 45 98
FIRE 46 98
FIRE 47 98
FIRE 48 98
FIRE 49 98
FIRE 50 98
FIRE 51 98
FIRE 52 98
FIRE 53 98
FIRE 54 98
FIRE 55 98
FIRE 56 98
FIRE 57 98
FIRE 58 98
FIRE 59 98
FIRE 60 98
FIRECIRCLE 61 95 8
FIRE 61 98
FIRE 62 98
FIRE 63 98
FIRE 64 98
FIRE 65 98
FIRE 66 98
FIRE 67 98
FIRE 68 98
FIRE 69 98
FIRE 70 98
FIRE 71 98
BRETT 2880 3400
FIRE 72 98
FIRE 73 98
FIRE 74 98
FIRE 75 98
FIRE 76 98
FIRE 77 98
FIRE 78 98
FIRE 79 98
FIRE 80 98
FIRE 81 98
FIRE 82 98
FIRE 83 98
FIRE 84 98
FIRE 85 98
FIRE 86 98
FIRE 87 98
FIRE 88 98
FIRE 89 98
FIRE 90 98
FIRE 91 98
FIRE 92 98
FIRE 93 98
FIRE 94 98
FIRE 95 98
FIRE 96 98
FIRE 97 98
FIRE 98 98
FIRE 99 98
FIRE 100 98
FIRE 101 98
FIRE 102 98
FIRE 103 98
FIRE 104 98
FIRE 105 98
FIRE 106 98
FIRE 107 98
FIRE 108 98
FIRE 109 98
FIRE 110 98
FIRE 111 98
FIRE 112 98
FIRE 113 98
FIRE 114 98
FIRE 115 98
FIRE 116 98
FIRE 117 98
FIRE 118 98
FIRE 119 98
FIRE 120 98
FIRE 121 98
FIRE 122 98
FIRE 123 98
FIRE 124 98
FIRE 125 98
FIRE 126 98
FIRE 127 98
FIRE 128 98
FIRE 129 98
FIRE 130 98
FIRE 131 98
FIRE 132 98
FIRE 133 98
FIRE 134 98
FIRE 135 98
FIRE 136 98
FIRE 137 98
FIRE 138 98
FIRE 139 98
FIRE 140 98
FIRE 141 98
FIRE 142 98
FIRE 143 98
FIRE 144 98
FIRE 145 98
FIRE 146 98
FIRE 147 98
FIRE 148 98
FIRE 149 98
FIRE 150 98
FIRE 151 98
FIRE 152 98
FIRE 153 98
FIRE 154 98
FIRE 155 98
FIRECIRCLE 156 95 6
FIRE 156 98
FIRE 157 98
FIRE 158 98
FIRE 159 98
FIRE 160 98
FIRE 161 98
FIRE 162 98
FIRE 163 98
FIRE 164 98
FIRE 165 98
FIRE 166 98
FIRE 167 98
FIRE 168 98
FIRE 169 98
FIRE 170 98
FIRE 171 98
FIRE 172 98
FIRE 173 98
FIRE 174 98
FIRE 175 98
FIRE 176 98
FIRE 177 98
FIRE 178 98
FIRE 179 98
FIRE 180 98
FIRE 181 98
FIRE 182 98
FIRE 183 98
FIRE 184 98
FIRE 185 98
FIRE 186 98
FIRE 187 98
FIRE 188 98
FIRE 189 98
FIRE 190 95
FIRE 190 96
FIRE 190 97
FIRE 190 98
FIRE 191 95
FIRE 191 96
FIRE 191 97
FIRE 191 98
FIRE 192 95
FIRE 192 96
FIRE 192 97
FIRE 192 98
FIRE 193 98
FIRE 194 98
FIRE 195 98
FIRECIRCLE 196 97 8
FIRE 196 98
FIRE 197 98
FIRE 198 98
FIRE 199 98
FIRECIRCLE 200 97 8
FIRE 200 98
FIRE 201 98
FIRE 202 98
FIRE 203 98
FIRE 204 98
FIRE 205 98
FIRE 206 98
FIRE 207 98
FIRE 208 98
FIRE 209 98
FIRE 210 98
FIRE 211 98
FIRE 212 98
FIRE 213 98
FIRE 214 98
FIRE 215 98
FIRE 216 98
FIRE 217 98
FIRE 218 98
FIRE 219 98
FIRE 220 98
FIRE 221 98
FIRE 222 98
FIRE 223 98
FIRE 224 98
FIRE 225 98
FIRE 226 98
FIRE 227 98
FIRE 228 98
FIRE 229 98
RESTART data/levels/24/main
START 0 218 3682 1
EXIT 0 9721 3688 data/levels/25/main 0 1
START 1 0 0 0
EXIT 1 9718 3750 data/levels/25/main 0 1
START 2 0 0 0
EXIT 2 0 0 NONE 0 0
START 3 0 0 0
EXIT 3 0 0 NONE 0 0
START 4 0 0 0
EXIT 4 0 0 NONE 0 0
BGCOLOR 0

BOWSER 215 91 15
MUSIC bowsergroove.mid
BACKGROUND data/gfx/background/bowsercastle.jpg
