# Level for Mega Mario

TIP Danger Oh,_this_looks_dangerous! _ Jump_and_run! _ _ _ _ _

TEXTURE data/gfx/tiles/ground/stone0.png
TEXTURE data/gfx/tiles/ground/stone1.png
TEXTURE data/gfx/tiles/ground/stone2.png
TEXTURE data/gfx/tiles/ground/stone3.png
TEXTURE data/gfx/tiles/ground/stone4.png
TEXTURE data/gfx/tiles/ground/stone5.png
TEXTURE data/gfx/tiles/ground/stone6.png
TEXTURE data/gfx/tiles/ground/bricks.png
TEXTURE data/gfx/tiles/ground/bricks2.png
TEXTURE data/gfx/tiles/ground/snowy.png
TEXTURE data/gfx/tiles/ground/grass.png
TEXTURE data/gfx/tiles/ground/sand.png
TEXTURE data/gfx/tiles/ground/metal.png
TEXTURE data/gfx/tiles/cannonset1.png
TEXTURE data/gfx/tiles/cannonset2.png
TEXTURE data/gfx/tiles/pipes/up/1.png
TEXTURE data/gfx/tiles/pipes/up/2.png
TEXTURE data/gfx/tiles/pipes/up/3.png
TEXTURE data/gfx/tiles/pipes/up/4.png
TEXTURE data/gfx/tiles/pipes/down/1.png
TEXTURE data/gfx/tiles/pipes/down/2.png
TEXTURE data/gfx/tiles/pipes/down/3.png
TEXTURE data/gfx/tiles/pipes/down/4.png
TEXTURE data/gfx/tiles/pipes/right/1.png
TEXTURE data/gfx/tiles/pipes/right/2.png
TEXTURE data/gfx/tiles/pipes/right/3.png
TEXTURE data/gfx/tiles/pipes/right/4.png
TEXTURE data/gfx/tiles/pipes/left/1.png
TEXTURE data/gfx/tiles/pipes/left/2.png
TEXTURE data/gfx/tiles/pipes/left/3.png
TEXTURE data/gfx/tiles/pipes/left/4.png
TEXTURE data/gfx/story/castle1.png
::TILES-> BEGIN
1 70 7
1 71 7
1 72 7
1 73 7
1 74 7
1 75 7
1 76 7
1 77 7
1 78 7
1 79 7
1 80 7
1 81 7
1 82 7
1 83 7
1 84 7
1 85 7
1 86 7
1 87 7
1 88 7
1 89 7
1 90 30
1 91 31
1 92 7
1 93 7
1 94 7
1 95 7
1 96 7
1 97 7
1 98 7
1 99 7
2 70 7
2 71 7
2 72 7
2 73 7
2 74 7
2 75 7
2 76 7
2 77 7
2 78 7
2 79 7
2 80 7
2 81 7
2 82 7
2 83 7
2 84 7
2 85 7
2 86 7
2 87 7
2 88 7
2 89 7
2 90 30
2 91 31
2 92 7
2 93 7
2 94 7
2 95 7
2 96 7
2 97 7
2 98 7
2 99 7
3 70 7
3 71 7
3 72 7
3 73 7
3 74 7
3 75 7
3 76 7
3 77 7
3 78 7
3 79 7
3 80 7
3 81 7
3 82 7
3 83 7
3 84 7
3 85 7
3 86 7
3 87 7
3 88 7
3 89 7
3 90 30
3 91 31
3 92 7
3 93 7
3 94 7
3 95 7
3 96 7
3 97 7
3 98 7
3 99 7
4 70 7
4 71 7
4 72 7
4 73 7
4 74 7
4 75 7
4 76 7
4 77 7
4 78 7
4 79 7
4 80 7
4 81 7
4 82 7
4 83 7
4 84 7
4 85 7
4 86 7
4 87 7
4 88 7
4 89 7
4 90 30
4 91 31
4 92 7
4 93 7
4 94 7
4 95 7
4 96 7
4 97 7
4 98 7
4 99 7
5 70 7
5 71 7
5 72 7
5 73 7
5 74 7
5 75 7
5 76 7
5 77 7
5 78 7
5 79 7
5 80 7
5 81 7
5 82 7
5 83 7
5 84 7
5 85 7
5 86 7
5 87 7
5 88 7
5 89 7
5 90 30
5 91 31
5 92 7
5 93 7
5 94 7
5 95 7
5 96 7
5 97 7
5 98 7
5 99 7
6 70 7
6 71 7
6 72 7
6 73 7
6 74 7
6 75 7
6 76 7
6 77 7
6 78 7
6 79 7
6 80 7
6 81 7
6 82 7
6 83 7
6 84 7
6 85 7
6 86 7
6 87 7
6 88 7
6 89 7
6 90 30
6 91 31
6 92 7
6 93 7
6 94 7
6 95 7
6 96 7
6 97 7
6 98 7
6 99 7
7 70 7
7 71 7
7 72 7
7 73 7
7 74 7
7 75 7
7 76 7
7 77 7
7 78 7
7 79 7
7 80 7
7 81 7
7 82 7
7 83 7
7 84 7
7 85 7
7 86 7
7 87 7
7 88 7
7 89 7
7 90 24
7 91 25
7 92 7
7 93 7
7 94 7
7 95 7
7 96 7
7 97 7
7 98 7
7 99 7
8 70 7
8 71 7
8 72 7
8 73 7
8 74 7
8 75 7
8 76 7
8 77 7
8 78 7
8 79 7
8 80 7
8 81 7
8 82 7
8 83 7
8 84 7
8 85 7
8 86 7
8 87 7
8 88 7
8 89 7
8 98 7
8 99 7
9 70 7
9 71 7
9 72 7
9 73 7
9 74 7
9 75 7
9 76 7
9 77 7
9 78 7
9 79 7
9 80 7
9 81 7
9 82 7
9 83 7
9 84 7
9 85 7
9 86 7
9 87 7
9 88 7
9 89 7
9 98 7
9 99 7
10 70 7
10 71 7
10 72 7
10 73 7
10 74 7
10 75 7
10 76 7
10 77 7
10 78 7
10 79 7
10 80 7
10 81 7
10 82 7
10 83 7
10 84 7
10 85 7
10 86 7
10 87 7
10 88 7
10 89 7
10 98 7
10 99 7
11 70 7
11 71 7
11 72 7
11 73 7
11 74 7
11 75 7
11 76 7
11 77 7
11 78 7
11 79 7
11 80 7
11 81 7
11 82 7
11 83 7
11 84 7
11 85 7
11 86 7
11 87 7
11 88 7
11 89 7
11 98 7
11 99 7
12 70 7
12 71 7
12 72 7
12 73 7
12 74 7
12 75 7
12 76 7
12 77 7
12 78 7
12 79 7
12 80 7
12 81 7
12 82 7
12 83 7
12 84 7
12 85 7
12 86 7
12 87 7
12 88 7
12 89 7
12 98 7
12 99 7
13 70 7
13 71 7
13 72 7
13 73 7
13 74 7
13 75 7
13 76 7
13 77 7
13 78 7
13 79 7
13 80 7
13 81 7
13 82 7
13 83 7
13 84 7
13 85 7
13 86 7
13 87 7
13 88 7
13 89 7
13 98 7
13 99 7
14 70 7
14 71 7
14 72 7
14 73 7
14 74 7
14 75 7
14 76 7
14 77 7
14 78 7
14 79 7
14 80 7
14 81 7
14 82 7
14 83 7
14 84 7
14 85 7
14 86 7
14 87 7
14 88 7
14 89 7
14 98 7
14 99 7
15 70 7
15 71 7
15 72 7
15 73 7
15 74 7
15 75 7
15 76 7
15 77 7
15 78 7
15 79 7
15 80 7
15 81 7
15 82 7
15 83 7
15 84 7
15 85 7
15 86 7
15 87 7
15 88 7
15 89 7
15 98 7
15 99 7
16 70 7
16 71 7
16 72 7
16 73 7
16 74 7
16 75 7
16 76 7
16 77 7
16 78 7
16 79 7
16 80 7
16 81 7
16 82 7
16 83 7
16 84 7
16 85 7
16 86 7
16 87 7
16 88 7
16 89 7
16 98 7
16 99 7
17 70 7
17 71 7
17 72 7
17 73 7
17 74 7
17 75 7
17 76 7
17 77 7
17 78 7
17 79 7
17 80 7
17 81 7
17 82 7
17 83 7
17 84 7
17 85 7
17 98 7
17 99 7
18 70 7
18 71 7
18 72 7
18 73 7
18 74 7
18 75 7
18 76 7
18 77 7
18 78 7
18 79 7
18 80 7
18 81 7
18 82 7
18 83 7
18 84 7
18 85 7
18 98 7
18 99 7
19 70 7
19 71 7
19 72 7
19 73 7
19 74 7
19 75 7
19 76 7
19 77 7
19 78 7
19 79 7
19 80 7
19 81 7
19 82 7
19 83 7
19 84 7
19 85 7
19 88 7
19 89 7
19 90 7
19 91 7
19 92 7
19 93 7
19 94 7
19 98 7
19 99 7
20 70 7
20 71 7
20 72 7
20 73 7
20 74 7
20 75 7
20 76 7
20 77 7
20 78 7
20 79 7
20 80 7
20 81 7
20 82 7
20 83 7
20 84 7
20 85 7
20 88 7
20 89 7
20 90 7
20 91 7
20 92 7
20 93 7
20 94 7
20 98 7
20 99 7
21 70 7
21 71 7
21 72 7
21 73 7
21 74 7
21 75 7
21 76 7
21 77 7
21 78 7
21 79 7
21 80 7
21 81 7
21 82 7
21 83 7
21 84 7
21 85 7
21 88 7
21 89 7
21 90 7
21 91 7
21 92 7
21 93 7
21 94 7
21 98 7
21 99 7
22 70 7
22 71 7
22 72 7
22 73 7
22 74 7
22 75 7
22 76 7
22 77 7
22 78 7
22 79 7
22 80 7
22 81 7
22 82 7
22 83 7
22 84 7
22 85 7
22 88 7
22 89 7
22 90 7
22 91 7
22 92 7
22 93 7
22 94 7
22 98 7
22 99 7
23 70 7
23 71 7
23 72 7
23 73 7
23 74 7
23 75 7
23 76 7
23 77 7
23 78 7
23 79 7
23 80 7
23 81 7
23 82 7
23 83 7
23 84 7
23 85 7
23 88 7
23 89 7
23 90 7
23 91 7
23 92 7
23 93 7
23 94 7
23 98 7
23 99 7
24 70 7
24 71 7
24 72 7
24 73 7
24 74 7
24 75 7
24 76 7
24 77 7
24 78 7
24 79 7
24 80 7
24 81 7
24 82 7
24 83 7
24 84 7
24 85 7
24 88 7
24 89 7
24 90 7
24 91 7
24 92 7
24 93 7
24 94 2
24 98 7
24 99 7
25 70 7
25 71 7
25 72 7
25 73 7
25 74 7
25 75 7
25 76 7
25 77 7
25 78 7
25 79 7
25 80 7
25 81 7
25 82 7
25 83 7
25 84 7
25 85 7
25 88 7
25 89 7
25 90 7
25 91 7
25 92 7
25 93 7
25 94 7
25 98 7
25 99 7
26 70 7
26 71 7
26 72 7
26 73 7
26 74 7
26 75 7
26 76 7
26 77 7
26 78 7
26 79 7
26 80 7
26 81 7
26 82 7
26 83 7
26 84 7
26 85 7
26 88 7
26 89 7
26 90 7
26 91 7
26 92 7
26 93 7
26 94 7
26 98 7
26 99 7
27 70 7
27 71 7
27 72 7
27 73 7
27 74 7
27 75 7
27 76 7
27 77 7
27 78 7
27 79 7
27 80 7
27 81 7
27 82 7
27 83 7
27 84 7
27 85 7
27 88 7
27 89 7
27 90 7
27 91 7
27 92 7
27 93 7
27 94 7
27 98 7
27 99 7
28 70 7
28 71 7
28 72 7
28 73 7
28 74 7
28 75 7
28 76 7
28 77 7
28 78 7
28 79 7
28 80 7
28 81 7
28 82 7
28 83 7
28 84 7
28 85 7
28 88 7
28 89 7
28 90 7
28 91 7
28 92 7
28 93 7
28 94 7
28 98 7
28 99 7
29 70 7
29 71 7
29 72 7
29 73 7
29 74 7
29 75 7
29 76 7
29 77 7
29 78 7
29 79 7
29 80 7
29 81 7
29 82 7
29 83 7
29 84 7
29 85 7
29 88 7
29 89 7
29 90 7
29 91 7
29 92 7
29 93 7
29 94 7
29 98 7
29 99 7
30 70 7
30 71 7
30 72 7
30 73 7
30 74 7
30 75 7
30 76 7
30 77 7
30 78 7
30 79 7
30 80 7
30 81 7
30 82 7
30 88 7
30 89 7
30 98 7
30 99 7
31 70 7
31 71 7
31 72 7
31 73 7
31 74 7
31 75 7
31 76 7
31 77 7
31 78 7
31 79 7
31 80 7
31 81 7
31 82 7
31 88 7
31 89 7
31 98 7
31 99 7
32 70 7
32 71 7
32 72 7
32 73 7
32 74 7
32 75 7
32 76 7
32 77 7
32 78 7
32 79 7
32 80 7
32 81 7
32 82 7
32 85 7
32 86 7
32 87 7
32 88 7
32 89 7
32 98 7
32 99 7
33 70 7
33 71 7
33 72 7
33 73 7
33 74 7
33 75 7
33 76 7
33 77 7
33 78 7
33 79 7
33 80 7
33 81 7
33 82 7
33 85 7
33 86 7
33 87 7
33 88 7
33 89 7
33 98 7
33 99 7
34 70 7
34 71 7
34 72 7
34 73 7
34 74 7
34 75 7
34 76 7
34 77 7
34 78 7
34 79 7
34 80 7
34 81 7
34 82 7
34 85 7
34 86 7
34 87 7
34 88 7
34 89 7
34 98 7
34 99 7
35 70 7
35 71 7
35 72 7
35 73 7
35 74 7
35 75 7
35 76 7
35 77 7
35 78 7
35 79 7
35 80 7
35 81 7
35 82 7
35 85 7
35 86 7
35 87 7
35 88 7
35 98 7
35 99 7
36 70 7
36 71 7
36 72 7
36 73 7
36 74 7
36 75 7
36 76 7
36 77 7
36 78 7
36 79 7
36 80 7
36 81 7
36 82 7
36 85 7
36 86 7
36 87 7
36 88 7
36 93 14
36 94 14
36 95 14
36 96 14
36 97 14
36 98 14
36 99 14
37 70 7
37 71 7
37 72 7
37 73 7
37 74 7
37 75 7
37 76 7
37 77 7
37 78 7
37 79 7
37 80 7
37 81 7
37 82 7
37 85 7
37 86 7
37 87 7
37 88 7
37 98 7
37 99 7
38 70 7
38 71 7
38 72 7
38 73 7
38 74 7
38 75 7
38 76 7
38 77 7
38 78 7
38 79 7
38 80 7
38 81 7
38 82 7
38 85 7
38 86 7
38 87 7
38 88 7
38 89 7
38 98 7
38 99 7
39 70 7
39 71 7
39 72 7
39 73 7
39 74 7
39 75 7
39 76 7
39 77 7
39 78 7
39 79 7
39 80 7
39 81 7
39 82 7
39 85 7
39 86 7
39 87 7
39 88 7
39 89 7
39 98 7
39 99 7
40 70 7
40 71 7
40 72 7
40 73 7
40 74 7
40 75 7
40 76 7
40 77 7
40 78 7
40 79 7
40 80 7
40 81 7
40 82 7
40 85 7
40 86 7
40 87 7
40 88 7
40 89 7
40 98 7
40 99 7
41 70 7
41 71 7
41 72 7
41 73 7
41 74 7
41 75 7
41 76 7
41 77 7
41 78 7
41 79 7
41 80 7
41 81 7
41 82 7
41 85 7
41 86 7
41 87 7
41 88 7
41 89 7
41 98 7
41 99 7
42 70 7
42 71 7
42 72 7
42 73 7
42 74 7
42 75 7
42 76 7
42 77 7
42 78 7
42 79 7
42 80 7
42 81 7
42 82 7
42 85 7
42 86 7
42 87 7
42 88 7
42 89 7
42 98 7
42 99 7
43 70 7
43 71 7
43 72 7
43 73 7
43 74 7
43 75 7
43 76 7
43 77 7
43 78 7
43 79 7
43 80 7
43 81 7
43 82 7
43 85 7
43 86 7
43 87 7
43 88 7
43 89 7
43 98 7
43 99 7
44 70 7
44 71 7
44 72 7
44 73 7
44 74 7
44 75 7
44 76 7
44 77 7
44 78 7
44 79 7
44 80 7
44 81 7
44 82 7
44 85 7
44 86 7
44 87 7
44 88 7
44 89 7
44 90 7
44 91 7
44 92 7
44 93 7
44 94 7
44 98 7
44 99 7
45 70 7
45 71 7
45 72 7
45 73 7
45 74 7
45 75 7
45 76 7
45 77 7
45 78 7
45 79 7
45 80 7
45 81 7
45 82 7
45 85 7
45 86 7
45 87 7
45 88 7
45 89 7
45 90 7
45 91 7
45 92 7
45 93 7
45 94 7
45 98 7
45 99 7
46 70 7
46 71 7
46 72 7
46 73 7
46 74 7
46 75 7
46 76 7
46 77 7
46 78 7
46 79 7
46 80 7
46 81 7
46 82 7
46 85 7
46 86 7
46 87 7
46 88 7
46 89 7
46 90 7
46 91 7
46 92 7
46 93 7
46 94 7
46 98 7
46 99 7
47 70 7
47 71 7
47 72 7
47 73 7
47 74 7
47 75 7
47 76 7
47 77 7
47 78 7
47 79 7
47 80 7
47 81 7
47 82 7
47 85 7
47 86 7
47 87 7
47 88 7
47 89 7
47 90 7
47 91 7
47 92 7
47 93 7
47 94 2
47 98 7
47 99 7
48 70 7
48 71 7
48 72 7
48 73 7
48 74 7
48 75 7
48 76 7
48 77 7
48 78 7
48 79 7
48 80 7
48 81 7
48 82 7
48 83 7
48 84 7
48 85 7
48 86 7
48 87 7
48 88 7
48 89 7
48 90 7
48 91 7
48 92 7
48 93 7
48 94 7
48 98 7
48 99 7
49 70 7
49 71 7
49 72 7
49 73 7
49 74 7
49 75 7
49 76 7
49 77 7
49 78 7
49 79 7
49 80 7
49 81 7
49 82 7
49 83 7
49 84 7
49 85 7
49 86 7
49 87 7
49 88 7
49 89 7
49 90 7
49 91 7
49 92 7
49 93 7
49 94 7
49 98 7
49 99 7
50 70 7
50 71 7
50 72 7
50 73 7
50 74 7
50 75 7
50 76 7
50 77 7
50 78 7
50 79 7
50 80 7
50 81 7
50 82 7
50 83 7
50 84 7
50 85 7
50 86 7
50 87 7
50 88 7
50 89 7
50 90 7
50 91 7
50 92 7
50 93 7
50 94 7
50 98 7
50 99 7
51 70 7
51 71 7
51 72 7
51 73 7
51 74 7
51 75 7
51 76 7
51 77 7
51 78 7
51 79 7
51 80 7
51 81 7
51 82 7
51 83 7
51 84 7
51 85 7
51 86 7
51 87 7
51 88 7
51 98 7
51 99 7
52 70 7
52 71 7
52 72 7
52 73 7
52 74 7
52 75 7
52 76 7
52 77 7
52 78 7
52 79 7
52 80 7
52 81 7
52 82 7
52 83 7
52 84 7
52 85 7
52 86 7
52 87 7
52 88 7
52 98 7
52 99 7
53 70 7
53 71 7
53 72 7
53 73 7
53 74 7
53 75 7
53 76 7
53 77 7
53 78 7
53 79 7
53 80 7
53 81 7
53 82 7
53 83 7
53 84 7
53 85 7
53 86 7
53 87 7
53 88 7
53 98 7
53 99 7
54 70 7
54 71 7
54 72 7
54 73 7
54 74 7
54 75 7
54 76 7
54 77 7
54 78 7
54 79 7
54 80 7
54 81 7
54 82 7
54 83 7
54 84 7
54 85 7
54 86 7
54 87 7
54 88 7
54 98 7
54 99 7
55 70 7
55 71 7
55 72 7
55 73 7
55 74 7
55 75 7
55 76 7
55 77 7
55 78 7
55 79 7
55 80 7
55 81 7
55 82 7
55 83 7
55 84 7
55 85 7
55 86 7
55 87 7
55 88 7
55 98 7
55 99 7
56 70 7
56 71 7
56 72 7
56 73 7
56 74 7
56 75 7
56 76 7
56 77 7
56 78 7
56 79 7
56 80 7
56 81 7
56 82 7
56 83 7
56 84 7
56 85 7
56 86 7
56 87 7
56 88 7
56 98 7
56 99 7
57 70 7
57 71 7
57 72 7
57 73 7
57 74 7
57 75 7
57 76 7
57 77 7
57 78 7
57 79 7
57 80 7
57 81 7
57 82 7
57 83 7
57 84 7
57 85 7
57 86 7
57 87 7
57 88 7
57 98 7
57 99 7
58 70 7
58 71 7
58 72 7
58 73 7
58 74 7
58 75 7
58 76 7
58 77 7
58 78 7
58 79 7
58 80 7
58 81 7
58 82 7
58 83 7
58 84 7
58 85 7
58 86 7
58 87 7
58 88 7
58 98 7
58 99 7
59 70 7
59 71 7
59 72 7
59 73 7
59 74 7
59 75 7
59 76 7
59 77 7
59 78 7
59 79 7
59 80 7
59 81 7
59 82 7
59 83 7
59 84 7
59 85 7
59 86 7
59 87 7
59 88 7
59 98 7
59 99 7
60 70 7
60 71 7
60 72 7
60 73 7
60 74 7
60 75 7
60 76 7
60 77 7
60 78 7
60 79 7
60 80 7
60 81 7
60 82 7
60 83 7
60 84 7
60 85 7
60 86 7
60 87 7
60 88 7
60 98 7
60 99 7
61 70 7
61 71 7
61 72 7
61 73 7
61 74 7
61 75 7
61 76 7
61 77 7
61 78 7
61 79 7
61 80 7
61 81 7
61 82 7
61 83 7
61 84 7
61 85 7
61 86 7
61 87 7
61 88 7
61 98 7
61 99 7
62 70 7
62 71 7
62 72 7
62 73 7
62 74 7
62 75 7
62 76 7
62 77 7
62 78 7
62 79 7
62 80 7
62 81 7
62 82 7
62 83 7
62 84 7
62 85 7
62 86 7
62 87 7
62 88 7
62 98 7
62 99 7
63 70 7
63 71 7
63 72 7
63 73 7
63 74 7
63 75 7
63 76 7
63 77 7
63 78 7
63 79 7
63 80 7
63 81 7
63 82 7
63 83 7
63 84 7
63 85 7
63 86 7
63 87 7
63 88 7
63 98 7
63 99 7
64 70 7
64 71 7
64 72 7
64 73 7
64 74 7
64 75 7
64 76 7
64 77 7
64 78 7
64 79 7
64 80 7
64 81 7
64 82 7
64 83 7
64 84 7
64 85 7
64 86 7
64 87 7
64 88 7
64 98 7
64 99 7
65 70 7
65 71 7
65 72 7
65 73 7
65 74 7
65 75 7
65 76 7
65 77 7
65 78 7
65 79 7
65 80 7
65 81 7
65 82 7
65 83 7
65 84 7
65 85 7
65 86 7
65 87 7
65 88 7
65 89 7
65 90 7
65 91 7
65 92 7
65 93 7
65 94 7
65 98 7
65 99 7
66 70 7
66 71 7
66 72 7
66 73 7
66 74 7
66 75 7
66 76 7
66 77 7
66 78 7
66 79 7
66 80 7
66 81 7
66 82 7
66 83 7
66 84 7
66 85 7
66 86 7
66 87 7
66 88 7
66 89 7
66 90 7
66 91 7
66 92 7
66 93 7
66 94 7
66 98 7
66 99 7
67 70 7
67 71 7
67 72 7
67 73 7
67 74 7
67 75 7
67 76 7
67 77 7
67 78 7
67 79 7
67 80 7
67 81 7
67 82 7
67 83 7
67 84 7
67 85 7
67 86 7
67 87 7
67 88 7
67 89 7
67 90 7
67 91 7
67 92 7
67 93 7
67 94 7
67 98 7
67 99 7
68 70 7
68 71 7
68 72 7
68 73 7
68 74 7
68 75 7
68 76 7
68 77 7
68 78 7
68 79 7
68 80 7
68 81 7
68 82 7
68 83 7
68 84 7
68 85 7
68 86 7
68 87 7
68 88 7
68 89 7
68 90 7
68 91 7
68 92 7
68 93 7
68 94 7
68 98 7
68 99 7
69 70 7
69 71 7
69 72 7
69 73 7
69 74 7
69 75 7
69 76 7
69 77 7
69 78 7
69 79 7
69 80 7
69 81 7
69 82 7
69 83 7
69 84 7
69 85 7
69 86 7
69 87 7
69 88 7
69 89 7
69 90 7
69 91 7
69 92 7
69 93 7
69 94 7
69 98 7
69 99 7
70 70 7
70 71 7
70 72 7
70 73 7
70 74 7
70 75 7
70 76 7
70 77 7
70 78 7
70 79 7
70 80 7
70 81 7
70 82 7
70 83 7
70 84 7
70 85 7
70 86 7
70 87 7
70 88 7
70 89 7
70 90 7
70 91 7
70 92 7
70 93 7
70 94 7
70 98 7
70 99 7
71 70 7
71 71 7
71 72 7
71 73 7
71 74 7
71 75 7
71 76 7
71 77 7
71 78 7
71 79 7
71 80 7
71 81 7
71 82 7
71 83 7
71 84 7
71 85 7
71 86 7
71 87 7
71 88 7
71 89 7
71 90 7
71 91 7
71 92 7
71 93 7
71 94 7
71 98 7
71 99 7
72 70 7
72 71 7
72 72 7
72 73 7
72 74 7
72 75 7
72 76 7
72 77 7
72 78 7
72 79 7
72 80 7
72 81 7
72 82 7
72 83 7
72 84 7
72 85 7
72 86 7
72 87 7
72 88 7
72 89 7
72 90 7
72 91 7
72 92 7
72 93 7
72 94 7
72 98 7
72 99 7
73 70 7
73 71 7
73 72 7
73 73 7
73 74 7
73 75 7
73 76 7
73 77 7
73 78 7
73 79 7
73 80 7
73 81 7
73 82 7
73 83 7
73 84 7
73 85 7
73 86 7
73 87 7
73 88 7
73 89 7
73 90 7
73 91 7
73 92 7
73 93 7
73 94 7
73 98 2
73 99 7
74 70 7
74 71 7
74 72 7
74 73 7
74 74 7
74 75 7
74 76 7
74 77 7
74 78 7
74 79 7
74 80 7
74 81 7
74 82 7
74 83 7
74 84 7
74 85 7
74 86 7
74 87 7
74 88 7
74 89 7
74 90 7
74 91 7
74 92 7
74 93 7
74 94 7
74 98 7
74 99 7
75 70 7
75 71 7
75 72 7
75 73 7
75 74 7
75 75 7
75 76 7
75 77 7
75 78 7
75 79 7
75 80 7
75 81 7
75 82 7
75 83 7
75 84 7
75 85 7
75 86 7
75 87 7
75 88 7
75 89 7
75 90 7
75 91 7
75 92 7
75 93 7
75 94 7
75 98 7
75 99 7
76 70 7
76 71 7
76 72 7
76 73 7
76 74 7
76 75 7
76 76 7
76 77 7
76 78 7
76 79 7
76 80 7
76 81 7
76 82 7
76 83 7
76 84 7
76 85 7
76 86 7
76 87 7
76 88 7
76 89 7
76 90 7
76 91 7
76 92 7
76 93 7
76 94 7
76 98 7
76 99 7
77 70 7
77 71 7
77 72 7
77 73 7
77 74 7
77 75 7
77 76 7
77 77 7
77 78 7
77 79 7
77 80 7
77 81 7
77 82 7
77 83 7
77 84 7
77 85 7
77 86 7
77 87 7
77 88 7
77 89 7
77 90 7
77 91 7
77 92 7
77 93 7
77 94 7
77 98 7
77 99 7
78 70 7
78 71 7
78 72 7
78 73 7
78 74 7
78 75 7
78 76 7
78 77 7
78 78 7
78 79 7
78 80 7
78 81 7
78 82 7
78 83 7
78 84 7
78 85 7
78 86 7
78 87 7
78 88 7
78 89 7
78 90 7
78 91 7
78 92 7
78 93 7
78 94 7
78 98 7
78 99 7
79 70 7
79 71 7
79 72 7
79 73 7
79 74 7
79 75 7
79 76 7
79 77 7
79 78 7
79 79 7
79 80 7
79 81 7
79 82 7
79 83 7
79 84 7
79 85 7
79 86 7
79 87 7
79 88 7
79 89 7
79 90 7
79 91 7
79 92 7
79 93 7
79 94 7
79 98 7
79 99 7
80 70 7
80 71 7
80 72 7
80 73 7
80 74 7
80 75 7
80 76 7
80 77 7
80 78 7
80 79 7
80 80 7
80 81 7
80 82 7
80 83 7
80 84 7
80 85 7
80 86 7
80 87 7
80 88 7
80 89 7
80 90 7
80 91 7
80 92 7
80 93 7
80 94 7
80 98 7
80 99 7
81 70 7
81 71 7
81 72 7
81 73 7
81 74 7
81 75 7
81 76 7
81 77 7
81 78 7
81 79 7
81 80 7
81 81 7
81 82 7
81 83 7
81 84 7
81 85 7
81 86 7
81 87 7
81 88 7
81 89 7
81 90 7
81 91 7
81 92 7
81 93 7
81 94 7
81 98 7
81 99 7
82 70 7
82 71 7
82 72 7
82 73 7
82 74 7
82 75 7
82 76 7
82 77 7
82 78 7
82 79 7
82 80 7
82 81 7
82 82 7
82 83 7
82 84 7
82 85 7
82 86 7
82 87 7
82 88 7
82 89 7
82 90 7
82 91 7
82 92 7
82 93 7
82 94 7
82 98 7
82 99 7
83 70 7
83 71 7
83 72 7
83 73 7
83 74 7
83 75 7
83 76 7
83 77 7
83 78 7
83 79 7
83 80 7
83 81 7
83 82 7
83 83 7
83 84 7
83 85 7
83 86 7
83 87 7
83 88 7
83 89 7
83 90 7
83 91 7
83 92 7
83 93 7
83 94 7
83 98 7
83 99 7
84 70 7
84 71 7
84 72 7
84 73 7
84 74 7
84 75 7
84 76 7
84 77 7
84 78 7
84 79 7
84 80 7
84 81 7
84 82 7
84 83 7
84 84 7
84 85 7
84 86 7
84 87 7
84 88 7
84 89 7
84 90 7
84 91 7
84 92 7
84 93 7
84 94 7
84 98 7
84 99 7
85 70 7
85 71 7
85 72 7
85 73 7
85 74 7
85 75 7
85 76 7
85 77 7
85 78 7
85 79 7
85 80 7
85 81 7
85 82 7
85 83 7
85 84 7
85 85 7
85 86 7
85 87 7
85 88 7
85 89 7
85 90 7
85 91 7
85 92 7
85 98 7
85 99 7
86 77 7
86 78 7
86 79 7
86 80 7
86 81 7
86 82 7
86 83 7
86 84 7
86 85 7
86 86 7
86 87 7
86 88 7
86 89 7
86 90 7
86 91 7
86 92 7
86 94 7
86 98 7
86 99 7
87 77 7
87 78 7
87 79 7
87 80 7
87 81 7
87 82 7
87 83 7
87 84 7
87 85 7
87 86 7
87 87 7
87 88 7
87 98 7
87 99 7
88 77 7
88 78 7
88 79 7
88 80 7
88 81 7
88 82 7
88 83 7
88 84 7
88 85 7
88 86 7
88 87 7
88 88 7
88 98 7
88 99 7
89 77 7
89 78 7
89 79 7
89 80 7
89 81 7
89 82 7
89 83 7
89 84 7
89 85 7
89 86 7
89 87 7
89 88 7
89 98 7
89 99 7
90 77 7
90 78 7
90 79 7
90 80 7
90 81 7
90 82 7
90 83 7
90 84 7
90 85 7
90 86 7
90 87 7
90 88 7
90 98 7
90 99 7
91 77 7
91 78 7
91 79 7
91 80 7
91 81 7
91 82 7
91 83 7
91 84 7
91 85 7
91 86 7
91 87 7
91 88 7
91 98 7
91 99 7
92 77 7
92 78 7
92 79 7
92 80 7
92 81 7
92 82 7
92 83 7
92 84 7
92 85 7
92 86 7
92 87 7
92 88 7
92 98 7
92 99 7
93 77 7
93 78 7
93 79 7
93 80 7
93 81 7
93 82 7
93 83 7
93 84 7
93 85 7
93 86 7
93 87 7
93 88 7
93 98 7
93 99 7
94 80 7
94 81 7
94 82 7
94 83 7
94 84 7
94 85 7
94 86 7
94 87 7
94 88 7
94 93 2
94 98 7
94 99 7
95 80 7
95 81 7
95 82 7
95 83 7
95 84 7
95 85 7
95 86 7
95 87 7
95 88 7
95 98 7
95 99 7
96 80 7
96 81 7
96 82 7
96 83 7
96 84 7
96 85 7
96 86 7
96 87 7
96 88 7
96 98 7
96 99 7
97 80 7
97 81 7
97 82 7
97 83 7
97 84 7
97 85 7
97 86 7
97 87 7
97 88 7
97 98 7
97 99 7
98 80 7
98 81 7
98 82 7
98 83 7
98 84 7
98 85 7
98 86 7
98 87 7
98 88 7
98 94 2
98 98 7
98 99 7
99 80 7
99 81 7
99 82 7
99 83 7
99 84 7
99 85 7
99 86 7
99 87 7
99 88 7
99 98 7
99 99 7
100 80 7
100 81 7
100 82 7
100 83 7
100 84 7
100 85 7
100 86 7
100 87 7
100 88 7
100 98 7
100 99 7
101 80 7
101 81 7
101 82 7
101 83 7
101 84 7
101 85 7
101 86 7
101 87 7
101 88 7
101 91 2
101 98 7
101 99 7
102 80 7
102 81 7
102 82 7
102 83 7
102 84 7
102 85 7
102 86 7
102 87 7
102 88 7
102 98 7
102 99 7
103 80 7
103 81 7
103 82 7
103 83 7
103 84 7
103 85 7
103 86 7
103 87 7
103 88 7
103 98 7
103 99 7
104 80 7
104 81 7
104 82 7
104 83 7
104 84 7
104 85 7
104 86 7
104 87 7
104 88 7
104 95 2
104 98 7
104 99 7
105 80 7
105 81 7
105 82 7
105 83 7
105 84 7
105 85 7
105 86 7
105 87 7
105 88 7
105 89 2
105 90 7
105 91 7
105 92 7
105 93 7
105 94 7
105 98 7
105 99 7
106 80 7
106 81 7
106 82 7
106 83 7
106 84 7
106 85 7
106 86 7
106 87 7
106 88 7
106 89 7
106 90 7
106 91 7
106 92 7
106 93 7
106 94 7
106 98 7
106 99 7
107 80 7
107 81 7
107 82 7
107 83 7
107 84 7
107 85 7
107 86 7
107 87 7
107 88 7
107 89 7
107 90 7
107 91 7
107 92 7
107 93 7
107 94 7
107 98 7
107 99 7
108 80 7
108 81 7
108 82 7
108 83 7
108 84 7
108 85 7
108 86 7
108 87 7
108 88 7
108 89 7
108 90 7
108 91 7
108 92 7
108 93 7
108 94 7
108 98 7
108 99 7
109 80 7
109 81 7
109 82 7
109 83 7
109 84 7
109 85 7
109 86 7
109 87 7
109 88 7
109 89 7
109 90 7
109 91 7
109 92 7
109 93 7
109 94 7
109 98 7
109 99 7
110 80 7
110 81 7
110 82 7
110 83 7
110 84 7
110 85 7
110 86 7
110 87 7
110 88 7
110 89 7
110 90 7
110 91 7
110 92 7
110 93 7
110 94 7
110 98 7
110 99 7
111 80 7
111 81 7
111 82 7
111 83 7
111 84 7
111 85 7
111 86 7
111 87 7
111 88 7
111 89 7
111 90 7
111 91 7
111 92 7
111 93 7
111 94 2
111 98 7
111 99 7
112 80 7
112 81 7
112 82 7
112 83 7
112 84 7
112 85 7
112 86 7
112 87 7
112 88 7
112 89 7
112 90 7
112 91 7
112 92 7
112 93 7
112 94 7
112 98 7
112 99 7
113 80 7
113 81 7
113 82 7
113 83 7
113 84 7
113 85 7
113 86 7
113 87 7
113 88 7
113 89 7
113 90 7
113 91 7
113 94 7
113 98 7
113 99 7
114 80 7
114 81 7
114 82 7
114 83 7
114 84 7
114 85 7
114 86 7
114 87 7
114 88 7
114 89 7
114 90 7
114 91 7
114 98 7
114 99 7
115 80 7
115 81 7
115 82 7
115 83 7
115 84 7
115 85 7
115 86 7
115 87 7
115 88 7
115 89 7
115 90 7
115 91 7
115 98 7
115 99 7
116 80 7
116 81 7
116 82 7
116 83 7
116 84 7
116 85 7
116 86 7
116 87 7
116 88 7
116 89 7
116 90 7
116 91 7
116 98 7
116 99 7
117 80 7
117 81 7
117 82 7
117 83 7
117 84 7
117 85 7
117 86 7
117 87 7
117 88 7
117 94 1
117 98 7
117 99 7
118 80 7
118 81 7
118 82 7
118 83 7
118 84 7
118 85 7
118 86 7
118 87 7
118 88 7
118 98 7
118 99 7
119 80 7
119 81 7
119 82 7
119 83 7
119 84 7
119 85 7
119 86 7
119 87 7
119 88 7
119 98 7
119 99 7
120 80 7
120 81 7
120 82 7
120 83 7
120 84 7
120 85 7
120 86 7
120 87 7
120 88 7
120 98 7
120 99 7
121 80 7
121 81 7
121 82 7
121 83 7
121 84 7
121 85 7
121 86 7
121 87 7
121 88 7
121 98 7
121 99 7
122 80 7
122 81 7
122 82 7
122 83 7
122 84 7
122 85 7
122 86 7
122 87 7
122 88 7
122 98 7
122 99 7
123 80 7
123 81 7
123 82 7
123 83 7
123 84 7
123 85 7
123 86 7
123 87 7
123 88 7
123 98 7
123 99 7
124 80 7
124 81 7
124 82 7
124 83 7
124 84 7
124 85 7
124 86 7
124 87 7
124 88 7
124 98 7
124 99 7
125 80 7
125 81 7
125 82 7
125 83 7
125 84 7
125 85 7
125 98 7
125 99 7
126 80 7
126 81 7
126 82 7
126 83 7
126 84 7
126 85 7
126 98 7
126 99 7
127 80 7
127 81 7
127 82 7
127 83 7
127 84 7
127 85 7
127 98 7
127 99 7
128 80 7
128 81 7
128 82 7
128 83 7
128 85 7
128 98 7
128 99 7
129 80 7
129 81 7
129 82 7
129 83 7
129 98 7
129 99 7
130 80 7
130 81 7
130 82 7
130 83 7
130 85 7
130 98 7
130 99 7
131 80 7
131 81 7
131 82 7
131 83 7
131 85 7
131 98 7
131 99 7
132 80 7
132 81 7
132 82 7
132 83 7
132 85 7
132 98 7
132 99 7
133 80 7
133 81 7
133 82 7
133 83 7
133 98 7
133 99 7
134 80 7
134 81 7
134 82 7
134 83 7
134 86 7
134 87 7
134 88 7
134 89 7
134 90 7
134 91 7
134 92 7
134 93 7
134 94 7
134 98 7
134 99 7
135 80 7
135 81 7
135 82 7
135 83 7
135 84 7
135 85 7
135 86 7
135 87 7
135 88 7
135 89 7
135 90 7
135 91 7
135 92 7
135 93 7
135 94 7
135 98 7
135 99 7
136 80 7
136 81 7
136 82 7
136 83 7
136 84 7
136 85 7
136 86 7
136 87 7
136 88 7
136 89 7
136 90 7
136 91 7
136 92 7
136 93 7
136 94 7
136 98 7
136 99 7
137 80 7
137 81 7
137 82 7
137 83 7
137 84 7
137 85 7
137 86 7
137 87 7
137 88 7
137 89 7
137 90 7
137 91 7
137 92 7
137 93 7
137 94 7
137 98 7
137 99 7
138 80 7
138 81 7
138 82 7
138 83 7
138 84 7
138 85 7
138 86 7
138 87 7
138 88 7
138 89 7
138 90 7
138 91 7
138 92 7
138 93 7
138 94 7
138 98 7
138 99 7
139 80 7
139 81 7
139 82 7
139 83 7
139 84 7
139 85 7
139 86 7
139 87 7
139 88 7
139 89 7
139 90 7
139 91 7
139 92 7
139 93 7
139 94 2
139 98 7
139 99 7
140 80 7
140 81 7
140 82 7
140 83 7
140 84 7
140 85 7
140 86 7
140 87 7
140 88 7
140 89 7
140 90 7
140 91 7
140 92 7
140 93 7
140 94 7
140 98 7
140 99 7
141 80 7
141 81 7
141 82 7
141 83 7
141 84 7
141 85 7
141 86 7
141 87 7
141 88 7
141 89 7
141 90 7
141 91 7
141 92 7
141 93 7
141 94 7
141 98 7
141 99 7
142 80 7
142 81 7
142 82 7
142 83 7
142 84 7
142 85 7
142 86 7
142 87 7
142 88 7
142 89 7
142 90 7
142 91 7
142 92 7
142 93 7
142 94 7
142 98 7
142 99 7
143 80 7
143 81 7
143 82 7
143 83 7
143 84 7
143 85 7
143 86 7
143 87 7
143 88 7
143 89 7
143 90 7
143 91 7
143 92 7
143 93 7
143 94 7
143 98 7
143 99 7
144 80 7
144 81 7
144 82 7
144 83 7
144 84 7
144 85 7
144 86 7
144 87 7
144 98 7
144 99 7
145 80 7
145 81 7
145 82 7
145 83 7
145 84 7
145 85 7
145 86 7
145 87 7
145 98 7
145 99 7
146 80 7
146 81 7
146 82 7
146 83 7
146 84 7
146 85 7
146 86 7
146 87 7
146 98 7
146 99 7
147 80 7
147 81 7
147 82 7
147 83 7
147 84 7
147 85 7
147 86 7
147 87 7
147 98 7
147 99 7
148 80 7
148 81 7
148 82 7
148 83 7
148 84 7
148 85 7
148 86 7
148 87 7
148 98 7
148 99 7
149 80 7
149 81 7
149 82 7
149 83 7
149 84 7
149 85 7
149 86 7
149 87 7
149 98 7
149 99 7
150 80 7
150 81 7
150 82 7
150 83 7
150 84 7
150 85 7
150 86 7
150 87 7
150 98 7
150 99 7
151 80 7
151 81 7
151 82 7
151 83 7
151 84 7
151 85 7
151 86 7
151 87 7
151 98 7
151 99 7
152 80 7
152 81 7
152 82 7
152 83 7
152 84 7
152 85 7
152 86 7
152 87 7
152 98 7
152 99 7
153 80 7
153 81 7
153 82 7
153 83 7
153 84 7
153 85 7
153 86 7
153 87 7
153 98 7
153 99 7
154 80 7
154 81 7
154 82 7
154 83 7
154 84 7
154 85 7
154 86 7
154 87 7
154 98 7
154 99 7
155 80 7
155 81 7
155 82 7
155 83 7
155 84 7
155 85 7
155 86 7
155 87 7
155 98 7
155 99 7
156 80 7
156 81 7
156 82 7
156 83 7
156 84 7
156 85 7
156 86 7
156 87 7
156 98 7
156 99 7
157 80 7
157 81 7
157 82 7
157 83 7
157 84 7
157 85 7
157 86 7
157 87 7
157 98 7
157 99 7
158 80 7
158 81 7
158 82 7
158 83 7
158 84 7
158 85 7
158 86 7
158 87 7
158 97 14
158 98 7
158 99 7
159 80 7
159 81 7
159 82 7
159 83 7
159 84 7
159 85 7
159 86 7
159 87 7
159 88 7
159 89 7
159 90 7
159 98 7
159 99 7
160 80 7
160 81 7
160 82 7
160 83 7
160 84 7
160 85 7
160 86 7
160 87 7
160 88 7
160 89 7
160 90 7
160 98 7
160 99 7
161 80 7
161 81 7
161 82 7
161 83 7
161 84 7
161 85 7
161 86 7
161 87 7
161 88 7
161 89 7
161 90 7
161 91 7
161 98 7
161 99 7
162 80 7
162 81 7
162 82 7
162 83 7
162 84 7
162 85 7
162 86 7
162 87 7
162 88 7
162 89 7
162 90 7
162 91 7
162 98 2
162 99 7
163 80 7
163 81 7
163 82 7
163 83 7
163 84 7
163 85 7
163 86 7
163 87 7
163 88 7
163 89 7
163 90 7
163 91 7
163 92 7
163 98 7
163 99 7
164 80 7
164 81 7
164 82 7
164 83 7
164 84 7
164 85 7
164 86 7
164 87 7
164 88 7
164 89 7
164 90 7
164 91 7
164 92 7
164 98 7
164 99 7
165 80 7
165 81 7
165 82 7
165 83 7
165 84 7
165 85 7
165 86 7
165 87 7
165 88 7
165 89 7
165 90 7
165 91 7
165 92 7
165 93 7
165 98 2
165 99 7
166 80 7
166 81 7
166 82 7
166 83 7
166 84 7
166 85 7
166 86 7
166 87 7
166 88 7
166 89 7
166 90 7
166 91 7
166 92 7
166 93 7
166 98 7
166 99 7
167 80 7
167 81 7
167 82 7
167 83 7
167 84 7
167 85 7
167 86 7
167 87 7
167 88 7
167 89 7
167 90 7
167 91 7
167 92 7
167 93 7
167 94 7
167 98 7
167 99 7
168 80 7
168 81 7
168 82 7
168 83 7
168 84 7
168 85 7
168 86 7
168 87 7
168 88 7
168 89 7
168 90 7
168 91 7
168 92 7
168 93 7
168 94 7
168 98 7
168 99 7
169 80 7
169 81 7
169 82 7
169 83 7
169 84 7
169 85 7
169 86 7
169 87 7
169 88 7
169 89 7
169 90 7
169 91 7
169 92 7
169 93 7
169 94 7
169 98 2
169 99 7
170 80 7
170 81 7
170 82 7
170 83 7
170 84 7
170 85 7
170 86 7
170 87 7
170 88 7
170 89 7
170 90 7
170 91 7
170 92 7
170 93 7
170 94 7
170 98 1
170 99 7
171 80 7
171 81 7
171 82 7
171 83 7
171 84 7
171 85 7
171 86 7
171 87 7
171 88 1
171 89 1
171 90 1
171 91 1
171 92 1
171 93 1
171 94 1
171 98 1
171 99 7
172 80 7
172 81 7
172 82 7
172 83 7
172 84 7
172 85 7
172 86 7
172 87 7
172 88 1
172 98 1
172 99 7
173 80 7
173 81 7
173 82 7
173 83 7
173 84 7
173 85 7
173 86 7
173 87 7
173 88 1
173 98 1
173 99 7
174 80 7
174 81 7
174 82 7
174 83 7
174 84 7
174 85 7
174 86 7
174 87 7
174 88 1
174 98 1
174 99 7
175 80 7
175 81 7
175 82 7
175 83 7
175 84 7
175 85 7
175 86 7
175 87 7
175 88 1
175 98 1
175 99 7
176 80 7
176 81 7
176 82 7
176 83 7
176 84 7
176 85 7
176 86 7
176 87 7
176 88 1
176 98 1
176 99 7
177 80 7
177 81 7
177 82 7
177 83 7
177 84 7
177 85 7
177 86 7
177 87 7
177 88 1
177 98 1
177 99 7
178 80 7
178 81 7
178 82 7
178 83 7
178 84 7
178 85 7
178 86 7
178 87 7
178 88 1
178 98 1
178 99 7
179 80 7
179 81 7
179 82 7
179 83 7
179 84 7
179 85 7
179 86 7
179 87 7
179 88 1
179 98 1
179 99 7
180 80 7
180 81 7
180 82 7
180 83 7
180 84 7
180 85 7
180 86 7
180 87 7
180 88 1
180 98 1
180 99 7
181 80 7
181 81 7
181 82 7
181 83 7
181 84 7
181 85 7
181 86 7
181 87 7
181 88 1
181 98 1
181 99 7
182 80 7
182 81 7
182 82 7
182 83 7
182 84 7
182 85 7
182 86 7
182 87 7
182 88 1
182 98 1
182 99 7
183 80 7
183 81 7
183 82 7
183 83 7
183 84 7
183 85 7
183 86 7
183 87 7
183 88 1
183 98 1
183 99 7
184 80 7
184 81 7
184 82 7
184 83 7
184 84 7
184 85 7
184 86 7
184 87 7
184 88 1
184 98 1
184 99 7
185 80 7
185 81 7
185 82 7
185 83 7
185 84 7
185 85 7
185 86 7
185 87 7
185 88 1
185 98 1
185 99 7
186 80 7
186 81 7
186 82 7
186 83 7
186 84 7
186 85 7
186 86 7
186 87 7
186 88 1
186 98 1
186 99 7
187 80 7
187 81 7
187 82 7
187 83 7
187 84 7
187 85 7
187 86 7
187 87 7
187 88 1
187 98 1
187 99 7
188 80 7
188 81 7
188 82 7
188 83 7
188 84 7
188 85 7
188 86 7
188 87 7
188 88 1
188 98 1
188 99 7
189 80 7
189 81 7
189 82 7
189 83 7
189 84 7
189 85 7
189 86 7
189 87 7
189 88 1
189 89 1
189 90 1
189 91 1
189 92 1
189 93 1
189 94 1
189 98 1
189 99 7
190 80 7
190 81 7
190 82 7
190 83 7
190 84 7
190 85 7
190 86 7
190 87 7
190 88 7
190 89 7
190 90 1
190 91 1
190 92 1
190 93 1
190 94 1
190 98 1
190 99 7
191 80 7
191 81 7
191 82 7
191 83 7
191 84 7
191 85 7
191 86 7
191 87 7
191 88 7
191 89 7
191 90 1
191 91 1
191 92 1
191 93 1
191 94 1
191 98 1
191 99 7
192 80 7
192 81 7
192 82 7
192 83 7
192 84 7
192 85 7
192 86 7
192 87 7
192 88 7
192 89 7
192 90 1
192 91 1
192 92 1
192 93 1
192 94 1
192 98 1
192 99 7
193 80 7
193 81 7
193 82 7
193 83 7
193 84 7
193 85 7
193 86 7
193 87 7
193 88 7
193 89 7
193 90 1
193 91 1
193 92 1
193 93 1
193 94 1
193 98 1
193 99 7
194 80 7
194 81 7
194 82 7
194 83 7
194 84 7
194 85 7
194 86 7
194 87 7
194 88 7
194 89 7
194 90 1
194 91 1
194 92 1
194 93 1
194 98 1
194 99 7
195 80 7
195 81 7
195 82 7
195 83 7
195 84 7
195 85 7
195 86 7
195 87 7
195 88 7
195 89 7
195 90 1
195 91 1
195 92 1
195 98 1
195 99 7
196 80 7
196 81 7
196 82 7
196 83 7
196 84 7
196 85 7
196 86 7
196 87 7
196 88 7
196 89 7
196 90 1
196 91 1
196 97 1
196 98 1
196 99 7
197 80 7
197 81 7
197 82 7
197 83 7
197 84 7
197 85 7
197 86 7
197 87 7
197 88 7
197 89 7
197 90 1
197 96 1
197 97 1
197 98 1
197 99 7
198 80 7
198 81 7
198 82 7
198 83 7
198 84 7
198 85 7
198 86 7
198 87 7
198 88 7
198 89 7
198 90 1
198 95 1
198 96 1
198 97 1
198 98 7
198 99 7
199 80 7
199 81 7
199 82 7
199 83 7
199 84 7
199 85 7
199 86 7
199 87 7
199 88 7
199 89 7
199 90 1
199 94 1
199 95 1
199 96 1
199 97 7
199 98 7
199 99 7
200 80 7
200 81 7
200 82 7
200 83 7
200 84 7
200 85 7
200 86 7
200 87 7
200 88 7
200 89 7
200 90 1
200 94 1
200 95 1
200 96 7
200 97 7
200 98 7
200 99 7
201 81 7
201 82 7
201 83 7
201 84 7
201 85 7
201 86 7
201 87 7
201 88 7
201 89 1
201 90 1
201 94 1
201 95 7
201 96 7
201 97 7
201 98 7
201 99 7
202 83 7
202 84 7
202 85 7
202 86 7
202 87 7
202 88 7
202 89 1
202 90 1
202 94 1
202 95 7
202 96 7
202 97 7
202 98 7
202 99 7
203 83 7
203 84 7
203 85 7
203 86 7
203 87 7
203 88 7
203 89 1
203 94 1
203 95 7
203 96 7
203 97 7
203 98 7
203 99 7
204 83 7
204 84 7
204 85 7
204 86 7
204 87 7
204 88 7
204 89 1
204 94 1
204 95 7
204 96 7
204 97 7
204 98 7
204 99 7
205 83 7
205 84 7
205 85 7
205 86 7
205 87 7
205 88 7
205 89 1
205 94 1
205 95 7
205 96 7
205 97 7
205 98 7
205 99 7
206 83 7
206 84 7
206 85 7
206 86 7
206 87 7
206 88 7
206 89 1
206 94 1
206 95 7
206 96 7
206 97 7
206 98 7
206 99 7
207 83 7
207 84 7
207 85 7
207 86 7
207 87 7
207 88 7
207 89 1
207 94 1
207 95 7
207 96 7
207 97 7
207 98 7
207 99 7
208 83 7
208 84 7
208 85 7
208 86 7
208 87 7
208 88 7
208 89 1
208 94 1
208 95 7
208 96 7
208 97 7
208 98 7
208 99 7
209 83 7
209 84 7
209 85 7
209 86 7
209 87 7
209 88 7
209 89 1
209 94 1
209 95 7
209 96 7
209 97 7
209 98 7
209 99 7
210 83 7
210 84 7
210 85 7
210 86 7
210 87 7
210 88 7
210 89 1
210 94 1
210 95 7
210 96 7
210 97 7
210 98 7
210 99 7
211 83 7
211 84 7
211 85 7
211 86 7
211 87 7
211 88 7
211 89 1
211 94 1
211 95 7
211 96 7
211 97 7
211 98 7
211 99 7
212 83 7
212 84 7
212 85 7
212 86 7
212 87 7
212 88 7
212 89 1
212 94 1
212 95 7
212 96 7
212 97 7
212 98 7
212 99 7
213 83 7
213 84 7
213 85 7
213 86 7
213 87 7
213 88 7
213 89 1
213 94 1
213 95 7
213 96 7
213 97 7
213 98 7
213 99 7
214 83 7
214 84 7
214 85 7
214 86 7
214 87 7
214 88 7
214 89 1
214 94 1
214 95 7
214 96 7
214 97 7
214 98 7
214 99 7
215 83 7
215 84 7
215 85 7
215 86 7
215 87 7
215 88 7
215 89 1
215 94 1
215 95 7
215 96 7
215 97 7
215 98 7
215 99 7
216 83 7
216 84 7
216 85 7
216 86 7
216 87 7
216 88 7
216 89 1
216 94 1
216 95 7
216 96 7
216 97 7
216 98 7
216 99 7
217 83 7
217 84 7
217 85 7
217 86 7
217 87 7
217 88 7
217 89 1
217 94 1
217 95 7
217 96 7
217 97 7
217 98 7
217 99 7
218 83 7
218 84 7
218 85 7
218 86 7
218 87 7
218 88 7
218 89 1
218 94 1
218 95 7
218 96 7
218 97 7
218 98 7
218 99 7
219 83 7
219 84 7
219 85 7
219 86 7
219 87 7
219 88 7
219 89 1
219 94 1
219 95 7
219 96 7
219 97 7
219 98 7
219 99 7
220 83 7
220 84 7
220 85 7
220 86 7
220 87 7
220 88 7
220 89 1
220 94 1
220 95 1
220 96 1
220 97 1
220 98 7
220 99 7
221 83 7
221 84 7
221 85 7
221 86 7
221 87 7
221 88 7
221 89 1
221 97 1
221 98 7
221 99 7
222 83 7
222 84 7
222 85 7
222 86 7
222 87 7
222 88 7
222 89 1
222 97 1
222 98 7
222 99 7
223 83 7
223 84 7
223 85 7
223 86 7
223 87 7
223 88 7
223 89 1
223 94 1
223 95 1
223 96 1
223 97 1
223 98 7
223 99 7
224 83 7
224 84 7
224 85 7
224 86 7
224 87 7
224 88 7
224 89 1
224 94 1
224 95 7
224 96 7
224 97 7
224 98 7
224 99 7
225 83 7
225 84 7
225 85 7
225 86 7
225 87 7
225 88 7
225 89 1
225 94 1
225 95 7
225 96 7
225 97 7
225 98 7
225 99 7
226 83 7
226 84 7
226 85 7
226 86 7
226 87 7
226 88 7
226 89 1
226 94 1
226 95 7
226 96 7
226 97 7
226 98 7
226 99 7
227 83 7
227 84 7
227 85 7
227 86 7
227 87 7
227 88 7
227 89 1
227 94 1
227 95 7
227 96 7
227 97 7
227 98 7
227 99 7
228 83 7
228 84 7
228 85 7
228 86 7
228 87 7
228 88 7
228 89 1
228 94 1
228 95 7
228 96 7
228 97 7
228 98 7
228 99 7
229 83 7
229 84 7
229 85 7
229 86 7
229 87 7
229 88 7
229 89 1
229 94 1
229 95 7
229 96 7
229 97 7
229 98 7
229 99 7
230 83 7
230 84 7
230 85 7
230 86 7
230 87 7
230 88 7
230 89 1
230 94 1
230 95 7
230 96 7
230 97 7
230 98 7
230 99 7
231 83 7
231 84 7
231 85 7
231 86 7
231 87 7
231 88 7
231 89 1
231 94 1
231 95 7
231 96 7
231 97 7
231 98 7
231 99 7
232 83 7
232 84 7
232 85 7
232 86 7
232 87 7
232 88 7
232 89 1
232 94 1
232 95 7
232 96 7
232 97 7
232 98 7
232 99 7
233 83 7
233 84 7
233 85 7
233 86 7
233 87 7
233 88 7
233 89 1
233 94 1
233 95 7
233 96 7
233 97 7
233 98 7
233 99 7
234 83 7
234 84 7
234 85 7
234 86 7
234 87 7
234 88 7
234 89 1
234 94 1
234 95 7
234 96 7
234 97 7
234 98 7
234 99 7
235 83 7
235 84 7
235 85 7
235 86 7
235 87 7
235 88 7
235 89 1
235 94 1
235 95 7
235 96 7
235 97 7
235 98 7
235 99 7
236 83 7
236 84 7
236 85 7
236 86 7
236 87 7
236 88 7
236 89 1
236 94 1
236 95 7
236 96 7
236 97 7
236 98 7
236 99 7
237 83 7
237 84 7
237 85 7
237 86 7
237 87 7
237 88 7
237 89 1
237 94 1
237 95 7
237 96 7
237 97 7
237 98 7
237 99 7
238 83 7
238 84 7
238 85 7
238 86 7
238 87 7
238 88 7
238 89 1
238 94 1
238 95 7
238 96 7
238 97 7
238 98 7
238 99 7
239 83 7
239 84 7
239 85 7
239 86 7
239 87 7
239 88 7
239 89 1
239 94 1
239 95 1
239 96 1
239 97 1
239 98 7
239 99 7
240 83 7
240 84 7
240 85 7
240 86 7
240 87 7
240 88 7
240 89 1
240 97 1
240 98 7
240 99 7
241 83 7
241 84 7
241 85 7
241 86 7
241 87 7
241 88 7
241 89 1
241 97 1
241 98 7
241 99 7
242 83 7
242 84 7
242 85 7
242 86 7
242 87 7
242 88 7
242 89 1
242 94 1
242 95 1
242 96 1
242 97 1
242 98 7
242 99 7
243 83 7
243 84 7
243 85 7
243 86 7
243 87 7
243 88 7
243 89 1
243 94 1
243 95 7
243 96 7
243 97 7
243 98 7
243 99 7
244 83 7
244 84 7
244 85 7
244 86 7
244 87 7
244 88 7
244 89 1
244 94 1
244 95 7
244 96 7
244 97 7
244 98 7
244 99 7
245 83 7
245 84 7
245 85 7
245 86 7
245 87 7
245 88 7
245 89 1
245 94 1
245 95 7
245 96 7
245 97 7
245 98 7
245 99 7
246 83 7
246 84 7
246 85 7
246 86 7
246 87 7
246 88 7
246 89 1
246 94 1
246 95 7
246 96 7
246 97 7
246 98 7
246 99 7
247 83 7
247 84 7
247 85 7
247 86 7
247 87 7
247 88 7
247 89 1
247 94 1
247 95 7
247 96 7
247 97 7
247 98 7
247 99 7
248 83 7
248 84 7
248 85 7
248 86 7
248 87 7
248 88 7
248 89 1
248 94 1
248 95 7
248 96 7
248 97 7
248 98 7
248 99 7
249 83 7
249 84 7
249 85 7
249 86 7
249 87 7
249 88 7
249 89 1
249 94 1
249 95 7
249 96 7
249 97 7
249 98 7
249 99 7
250 83 7
250 84 7
250 85 7
250 86 7
250 87 7
250 88 7
250 89 1
250 94 1
250 95 7
250 96 7
250 97 7
250 98 7
250 99 7
251 83 7
251 84 7
251 85 7
251 86 7
251 87 7
251 88 7
251 89 1
251 94 1
251 95 7
251 96 7
251 97 7
251 98 7
251 99 7
252 83 7
252 84 7
252 85 7
252 86 7
252 87 7
252 88 7
252 89 1
252 94 1
252 95 7
252 96 7
252 97 7
252 98 7
252 99 7
253 83 7
253 84 7
253 85 7
253 86 7
253 87 7
253 88 7
253 89 1
253 94 1
253 95 7
253 96 7
253 97 7
253 98 7
253 99 7
254 83 7
254 84 7
254 85 7
254 86 7
254 87 7
254 88 7
254 89 1
254 94 1
254 95 7
254 96 7
254 97 7
254 98 7
254 99 7
255 83 7
255 84 7
255 85 7
255 86 7
255 87 7
255 88 7
255 89 1
255 94 1
255 95 7
255 96 7
255 97 7
255 98 7
255 99 7
256 83 7
256 84 7
256 85 7
256 86 7
256 87 7
256 88 7
256 89 1
256 94 1
256 95 7
256 96 7
256 97 7
256 98 7
256 99 7
257 83 7
257 84 7
257 85 7
257 86 7
257 87 7
257 88 7
257 89 1
257 94 1
257 95 7
257 96 7
257 97 7
257 98 7
257 99 7
258 83 7
258 84 7
258 85 7
258 86 7
258 87 7
258 88 7
258 89 1
258 94 1
258 95 7
258 96 7
258 97 7
258 98 7
258 99 7
259 83 7
259 84 7
259 85 7
259 86 7
259 87 7
259 88 7
259 89 1
259 94 1
259 95 7
259 96 7
259 97 7
259 98 7
259 99 7
260 83 7
260 84 7
260 85 7
260 86 7
260 87 7
260 88 7
260 89 1
260 94 1
260 95 7
260 96 7
260 97 7
260 98 7
260 99 7
261 83 7
261 84 7
261 85 7
261 86 7
261 87 7
261 88 7
261 89 1
261 94 1
261 95 7
261 96 7
261 97 7
261 98 7
261 99 7
262 83 7
262 84 7
262 85 7
262 86 7
262 87 7
262 88 7
262 89 1
262 94 1
262 95 7
262 96 7
262 97 7
262 98 7
262 99 7
263 83 7
263 84 7
263 85 7
263 86 7
263 87 7
263 88 7
263 89 1
263 94 1
263 95 7
263 96 7
263 97 7
263 98 7
263 99 7
264 83 7
264 84 7
264 85 7
264 86 7
264 87 7
264 88 7
264 89 1
264 94 1
264 95 7
264 96 7
264 97 7
264 98 7
264 99 7
265 83 7
265 84 7
265 85 7
265 86 7
265 87 7
265 88 7
265 89 1
265 94 1
265 95 7
265 96 7
265 97 7
265 98 7
265 99 7
266 83 7
266 84 7
266 85 7
266 86 7
266 87 7
266 88 7
266 89 1
266 94 1
266 95 7
266 96 7
266 97 7
266 98 7
266 99 7
267 83 7
267 84 7
267 85 7
267 86 7
267 87 7
267 88 7
267 89 1
267 94 1
267 95 7
267 96 7
267 97 7
267 98 7
267 99 7
268 83 7
268 84 7
268 85 7
268 86 7
268 87 7
268 88 7
268 89 1
268 95 1
268 96 7
268 97 7
268 98 7
268 99 7
269 83 7
269 84 7
269 85 7
269 86 7
269 87 7
269 88 7
269 89 1
269 96 1
269 97 1
269 98 1
269 99 1
270 83 7
270 84 7
270 85 7
270 86 7
270 87 7
270 88 7
270 89 1
271 83 7
271 84 7
271 85 7
271 86 7
271 87 7
271 88 7
271 89 1
272 83 7
272 84 7
272 85 7
272 86 7
272 87 7
272 88 7
272 89 1
273 83 7
273 84 7
273 85 7
273 86 7
273 87 7
273 88 7
273 89 1
274 83 7
274 84 7
274 85 7
274 86 7
274 87 7
274 88 7
274 89 1
275 83 7
275 84 7
275 85 7
275 86 7
275 87 7
275 88 7
275 89 1
276 83 7
276 84 7
276 85 7
276 86 7
276 87 7
276 88 7
276 89 1
277 83 7
277 84 7
277 85 7
277 86 7
277 87 7
277 88 7
277 89 1
278 83 7
278 84 7
278 85 7
278 86 7
278 87 7
278 88 7
278 89 1
279 83 7
279 84 7
279 85 7
279 86 7
279 87 7
279 88 7
279 89 1
280 83 7
280 84 7
280 85 7
280 86 7
280 87 7
280 88 7
280 89 1
281 83 7
281 84 7
281 85 7
281 86 7
281 87 7
281 88 7
281 89 1
282 83 7
282 84 7
282 85 7
282 86 7
282 87 7
282 88 7
282 89 1
283 83 7
283 84 7
283 85 7
283 86 7
283 87 7
283 88 7
283 89 1
283 90 1
284 83 7
284 84 7
284 85 7
284 86 7
284 87 7
284 88 7
284 89 7
284 90 1
285 83 7
285 84 7
285 85 7
285 86 7
285 87 7
285 88 7
285 89 7
285 90 1
285 91 1
285 97 1
285 98 1
285 99 1
286 83 7
286 84 7
286 85 7
286 86 7
286 87 7
286 88 7
286 89 7
286 90 7
286 91 7
286 92 1
286 96 1
286 97 7
286 98 7
286 99 7
287 83 7
287 84 7
287 85 7
287 86 7
287 87 7
287 88 7
287 89 7
287 90 7
287 91 7
287 92 1
287 96 1
287 97 7
287 98 7
287 99 7
288 83 7
288 84 7
288 85 7
288 86 7
288 87 7
288 88 7
288 89 7
288 90 7
288 91 7
288 92 1
288 97 1
288 98 7
288 99 7
289 83 7
289 84 7
289 85 7
289 86 7
289 87 7
289 88 7
289 89 7
289 90 7
289 91 7
289 92 1
289 98 1
289 99 7
290 83 7
290 84 7
290 85 7
290 86 7
290 87 7
290 88 7
290 89 7
290 90 7
290 91 7
290 92 1
290 99 1
291 83 7
291 84 7
291 85 7
291 86 7
291 87 7
291 88 7
291 89 7
291 90 7
291 91 7
291 92 1
291 99 1
292 83 7
292 84 7
292 85 7
292 86 7
292 87 7
292 88 7
292 89 7
292 90 7
292 91 7
292 92 1
292 93 1
292 99 1
293 83 7
293 84 7
293 85 7
293 86 7
293 87 7
293 88 7
293 89 7
293 90 7
293 91 7
293 92 7
293 93 1
293 99 1
294 83 7
294 84 7
294 85 7
294 86 7
294 87 7
294 88 7
294 89 7
294 90 1
294 91 1
294 92 1
294 93 1
294 99 1
295 84 7
295 85 7
295 86 7
295 87 7
295 88 7
295 89 7
295 90 1
295 91 32
295 99 1
296 84 7
296 85 7
296 86 7
296 87 7
296 88 7
296 89 7
296 90 1
296 99 1
297 84 7
297 85 7
297 86 7
297 87 7
297 88 7
297 89 7
297 90 1
297 99 1
298 84 7
298 85 7
298 86 7
298 87 7
298 88 7
298 89 7
298 90 1
298 99 1
299 84 7
299 85 7
299 86 7
299 87 7
299 88 7
299 89 7
299 90 1
299 91 1
299 92 1
299 93 1
299 94 1
299 99 1
300 84 7
300 85 7
300 86 7
300 87 7
300 88 7
300 89 7
300 90 7
300 91 7
300 92 7
300 93 1
300 99 1
301 84 7
301 85 7
301 86 7
301 87 7
301 88 7
301 89 7
301 90 7
301 91 7
301 92 7
301 93 1
301 99 1
302 83 22
302 84 22
302 85 22
302 86 22
302 87 22
302 88 22
302 89 22
302 90 22
302 91 22
302 92 22
302 93 22
302 94 20
302 99 1
303 83 23
303 84 23
303 85 23
303 86 23
303 87 23
303 88 23
303 89 23
303 90 23
303 91 23
303 92 23
303 93 23
303 94 21
303 99 1
304 84 7
304 85 7
304 86 7
304 87 7
304 88 7
304 89 7
304 90 7
304 91 7
304 92 7
304 93 1
304 98 1
304 99 7
305 84 7
305 85 7
305 86 7
305 87 7
305 88 7
305 89 7
305 90 7
305 91 7
305 92 7
305 93 7
305 94 1
305 96 1
305 97 1
305 98 7
305 99 7
306 84 7
306 85 7
306 86 7
306 87 7
306 88 7
306 89 7
306 90 7
306 91 7
306 92 7
306 93 7
306 94 1
306 95 1
306 96 1
306 97 7
306 98 7
306 99 7
307 84 7
307 85 7
307 86 7
307 87 7
307 88 7
307 89 7
307 90 7
307 91 7
307 92 7
307 93 7
307 94 7
307 95 7
307 96 7
307 97 7
307 98 7
307 99 7
308 84 7
308 85 7
308 86 7
308 87 7
308 88 7
308 89 7
308 90 7
308 91 7
308 92 7
308 93 7
308 94 7
308 95 7
308 96 7
308 97 7
308 98 7
308 99 7
309 84 7
309 85 7
309 86 7
309 87 7
309 88 7
309 89 7
309 90 7
309 91 7
309 92 7
309 93 7
309 94 7
309 95 7
309 96 7
309 97 7
309 98 7
309 99 7
310 84 7
310 85 7
310 86 7
310 87 7
310 88 7
310 89 7
310 90 7
310 91 7
310 92 7
310 93 7
310 94 7
310 95 7
310 96 7
310 97 7
310 98 7
310 99 7
311 84 7
311 85 7
311 86 7
311 87 7
311 88 7
311 89 7
311 90 7
311 91 7
311 92 7
311 93 7
311 94 7
311 95 7
311 96 7
311 97 7
311 98 7
311 99 7
312 84 7
312 85 7
312 86 7
312 87 7
312 88 7
312 89 7
312 90 7
312 91 7
312 92 7
312 93 7
312 94 7
312 95 7
312 96 7
312 97 7
312 98 7
312 99 7
313 84 7
313 85 7
313 86 7
313 87 7
313 88 7
313 89 7
313 90 7
313 91 7
313 92 7
313 93 7
313 94 7
313 95 7
313 96 7
313 97 7
313 98 7
313 99 7
314 84 7
314 85 7
314 86 7
314 87 7
314 88 7
314 89 7
314 90 7
314 91 7
314 92 7
314 93 7
314 94 7
314 95 7
314 96 7
314 97 7
314 98 7
314 99 7
::TILES-> END
::BONUS-> BEGIN
11 91 3
11 94 1
30 94 16
31 94 16
51 94 14
52 94 14
53 94 14
54 94 14
55 94 14
56 94 14
57 94 14
58 94 14
59 94 14
60 94 14
61 94 14
62 94 14
63 94 14
64 94 14
87 92 14
87 94 2
88 92 14
88 94 14
89 92 14
89 93 14
89 94 14
90 90 14
90 92 14
90 94 14
91 90 14
91 94 14
91 97 14
92 90 14
92 94 14
92 97 14
93 90 14
93 94 14
93 97 14
94 89 14
94 90 14
94 94 14
94 97 14
95 91 14
95 92 14
95 93 14
95 94 14
95 95 14
95 96 14
95 97 14
96 91 14
97 91 14
98 91 14
98 94 14
99 91 14
99 94 14
100 91 14
100 94 14
101 91 14
101 94 14
102 94 14
103 94 14
104 94 14
104 95 14
114 94 2
115 94 14
116 91 14
116 94 14
117 89 14
117 90 14
117 91 14
117 93 15
117 94 14
118 89 14
118 90 14
118 91 14
119 89 14
119 90 14
119 91 14
120 91 14
120 92 14
120 93 14
120 94 14
121 91 14
121 94 14
122 91 14
122 92 14
122 93 14
122 94 14
123 89 14
123 90 14
123 91 14
123 94 14
124 91 14
124 94 14
125 88 14
125 91 14
125 92 14
125 93 14
125 94 14
126 88 14
126 91 14
126 94 14
127 88 14
127 89 14
127 90 14
127 91 14
127 94 14
128 88 14
128 91 14
128 92 14
128 93 14
128 94 14
129 85 3
129 88 14
129 91 14
129 94 14
130 88 14
130 91 14
130 92 14
130 93 14
130 94 14
131 88 14
131 89 14
131 90 14
131 91 14
131 94 14
132 88 14
132 91 14
132 92 14
132 93 14
132 94 14
133 88 14
133 91 14
133 94 14
134 94 14
150 95 16
173 94 16
180 94 16
187 94 2
::BONUS-> END
::COIN-> BEGIN
73 95
73 96
73 97
289 97
290 97
290 98
291 97
291 98
292 97
292 98
293 97
293 98
294 97
294 98
295 97
295 98
296 97
296 98
297 97
297 98
298 97
298 98
299 97
299 98
300 97
300 98
301 97
301 98
302 97
302 98
303 97
303 98
304 98
305 97
::COIN-> END
GOOMBA 19 87
GOOMBA 20 87
GOOMBA 21 87
GOOMBA 22 87
GOOMBA 23 87
GOOMBA 24 87
FIRECIRCLE 24 94 8
GOOMBA 25 87
GOOMBA 26 87
GOOMBA 31 84
GOOMBA 32 84
GOOMBA 33 84
GOOMBA 34 84
GOOMBA 35 84
GOOMBA 36 84
CANNON 36 92
CANNON 36 93
CANNON 36 94
CANNON 36 95
CANNON 36 96
CANNON 36 97
GOOMBA 37 84
GOOMBA 38 84
GOOMBA 39 84
GOOMBA 40 84
GOOMBA 41 84
GOOMBA 42 84
GOOMBA 43 84
GOOMBA 44 84
GOOMBA 45 84
GOOMBA 46 84
FIRECIRCLE 47 94 8
GOOMBA 51 91
TURTLE 51 92
GOOMBA 52 91
TURTLE 52 92
GOOMBA 53 91
TURTLE 53 92
GOOMBA 54 91
TURTLE 54 92
GOOMBA 55 91
TURTLE 55 92
GOOMBA 56 91
TURTLE 56 92
GOOMBA 57 91
TURTLE 57 92
GOOMBA 58 91
TURTLE 58 92
GOOMBA 59 91
TURTLE 59 92
GOOMBA 60 91
TURTLE 60 92
GOOMBA 61 91
TURTLE 61 92
GOOMBA 62 91
TURTLE 62 92
FIRECIRCLE 73 98 8
FIRECIRCLE 98 94 8
FIRECIRCLE 101 91 8
FIRECIRCLE 104 95 8
FIRECIRCLE 105 89 8
FIRECIRCLE 111 94 6
FIRE 117 92
FIRE 134 96
FIRE 135 96
FIRE 136 96
FIRE 137 96
FIRE 138 96
FIRECIRCLE 139 94 8
FIRE 139 96
CANNON 139 97
FIRE 140 96
FIRE 141 96
FIRE 142 96
FIRE 143 96
SPINY 145 97
SPINY 146 97
SPINY 147 97
SPINY 148 97
SPINY 149 97
SPINY 150 97
SPINY 151 97
SPINY 152 97
SPINY 153 97
SPINY 154 97
SPINY 155 97
SPINY 156 97
SPINY 157 97
CANNON 158 96
FIRECIRCLE 162 98 6
FIRECIRCLE 169 98 8
RESTART data/levels/13/main
START 0 324 3602 2
EXIT 0 12107 3789 data/levels/14/main 0 3
START 1 0 0 0
EXIT 1 0 0 NONE 0 1
START 2 0 0 0
EXIT 2 0 0 NONE 0 0
START 3 0 0 0
EXIT 3 0 0 NONE 0 0
START 4 0 0 0
EXIT 4 0 0 NONE 0 0
BGCOLOR 2000030

BOWSER 270 92 5
MUSIC castle.mid
BACKGROUND data/gfx/background/bowsercastle.jpg
