# Level for Mega Mario

TEXTURE data/gfx/tiles/ground/stone0.png
TEXTURE data/gfx/tiles/ground/stone1.png
TEXTURE data/gfx/tiles/ground/stone2.png
TEXTURE data/gfx/tiles/ground/stone3.png
TEXTURE data/gfx/tiles/ground/stone4.png
TEXTURE data/gfx/tiles/ground/stone5.png
TEXTURE data/gfx/tiles/ground/stone6.png
TEXTURE data/gfx/tiles/ground/bricks.png
TEXTURE data/gfx/tiles/ground/bricks2.png
TEXTURE data/gfx/tiles/ground/snowy.png
TEXTURE data/gfx/tiles/ground/grass.png
TEXTURE data/gfx/tiles/ground/sand.png
TEXTURE data/gfx/tiles/ground/metal.png
TEXTURE data/gfx/tiles/cannonset1.png
TEXTURE data/gfx/tiles/cannonset2.png
TEXTURE data/gfx/tiles/pipes/up/1.png
TEXTURE data/gfx/tiles/pipes/up/2.png
TEXTURE data/gfx/tiles/pipes/up/3.png
TEXTURE data/gfx/tiles/pipes/up/4.png
TEXTURE data/gfx/tiles/pipes/down/1.png
TEXTURE data/gfx/tiles/pipes/down/2.png
TEXTURE data/gfx/tiles/pipes/down/3.png
TEXTURE data/gfx/tiles/pipes/down/4.png
TEXTURE data/gfx/tiles/pipes/right/1.png
TEXTURE data/gfx/tiles/pipes/right/2.png
TEXTURE data/gfx/tiles/pipes/right/3.png
TEXTURE data/gfx/tiles/pipes/right/4.png
TEXTURE data/gfx/tiles/pipes/left/1.png
TEXTURE data/gfx/tiles/pipes/left/2.png
TEXTURE data/gfx/tiles/pipes/left/3.png
TEXTURE data/gfx/tiles/pipes/left/4.png
TEXTURE data/gfx/tiles/conveyorL.png
TEXTURE data/gfx/tiles/conveyorR.png
::TILES-> BEGIN
1 98 2
1 99 11
2 99 11
3 99 11
4 99 11
5 45 8
5 46 8
5 47 8
5 48 8
5 49 8
5 50 8
5 51 8
5 52 8
5 53 8
5 54 8
5 55 8
5 56 8
5 57 8
5 58 8
5 59 8
5 60 8
5 61 8
5 62 8
5 63 8
5 64 8
5 65 8
5 66 8
5 67 8
5 68 8
5 69 8
5 70 8
5 71 8
5 72 8
5 73 8
5 74 8
5 75 8
5 76 8
5 77 8
5 78 8
5 79 8
5 80 8
5 81 8
5 82 8
5 99 11
6 66 8
6 74 33
6 82 8
6 95 9
6 96 9
6 97 9
6 98 9
6 99 11
7 66 8
7 74 33
7 82 8
7 95 8
7 99 11
8 66 8
8 74 33
8 82 8
8 95 8
8 99 11
9 66 8
9 74 33
9 82 8
9 95 8
9 99 11
10 66 8
10 74 33
10 82 8
10 95 8
10 99 11
11 66 8
11 74 33
11 82 8
11 95 8
11 99 11
12 66 8
12 74 33
12 82 8
12 95 8
12 99 11
13 66 8
13 74 33
13 82 8
13 95 8
13 99 11
14 66 8
14 67 8
14 68 8
14 69 8
14 74 33
14 75 8
14 76 8
14 77 8
14 78 8
14 82 8
14 95 8
14 99 11
15 66 8
15 67 8
15 68 8
15 69 8
15 82 8
15 99 11
16 68 8
16 69 8
16 82 8
16 99 11
17 68 8
17 69 8
17 76 32
17 77 8
17 80 8
17 81 8
17 82 8
17 99 11
18 68 8
18 69 8
18 76 32
18 77 8
18 80 8
18 81 8
18 82 8
18 99 11
19 68 8
19 69 8
19 76 32
19 77 8
19 99 11
20 68 8
20 69 8
20 76 32
20 77 8
20 99 11
21 68 8
21 69 8
21 70 8
21 71 8
21 72 8
21 73 8
21 74 8
21 75 8
21 76 8
21 77 8
21 99 11
22 68 8
22 69 8
22 70 8
22 71 8
22 72 8
22 73 8
22 74 8
22 75 8
22 76 8
22 77 8
22 99 11
23 69 4
23 70 4
23 71 4
23 72 4
23 99 11
24 69 4
24 70 4
24 71 4
24 72 4
24 99 11
25 67 17
25 68 19
25 69 4
25 70 4
25 71 4
25 72 4
25 99 11
26 67 16
26 68 18
26 69 4
26 70 4
26 71 4
26 72 4
26 99 11
27 67 17
27 68 19
27 69 4
27 70 4
27 71 4
27 72 4
27 73 4
27 99 11
28 67 16
28 68 18
28 69 4
28 70 4
28 71 4
28 72 4
28 73 4
28 74 4
28 75 4
28 76 4
28 77 4
28 78 4
28 79 4
28 80 4
28 81 4
28 82 4
28 83 4
28 99 11
29 67 17
29 68 19
29 69 4
29 70 4
29 71 4
29 72 4
29 73 4
29 74 4
29 75 4
29 76 4
29 77 4
29 78 4
29 79 4
29 80 4
29 81 4
29 82 4
29 83 4
29 84 4
29 99 11
30 67 16
30 68 18
30 69 4
30 70 4
30 71 4
30 80 4
30 81 4
30 82 4
30 83 4
30 84 4
30 99 11
31 67 17
31 68 19
31 69 4
31 70 4
31 71 4
31 81 4
31 82 4
31 83 4
31 84 4
31 99 11
32 67 16
32 68 18
32 69 4
32 70 4
32 71 4
32 74 4
32 75 4
32 76 4
32 82 4
32 83 4
32 84 4
32 99 11
33 67 17
33 68 19
33 69 4
33 70 4
33 71 4
33 76 4
33 77 4
33 83 4
33 84 4
33 99 11
34 67 16
34 68 18
34 69 4
34 70 4
34 71 4
34 76 4
34 77 4
34 78 4
34 83 4
34 84 4
34 99 11
35 67 17
35 68 19
35 69 4
35 70 4
35 71 4
35 72 4
35 76 4
35 77 4
35 78 4
35 83 4
35 84 4
35 99 11
36 67 16
36 68 18
36 69 4
36 70 4
36 71 4
36 72 4
36 76 4
36 77 4
36 78 4
36 83 4
36 84 4
36 99 11
37 67 17
37 68 19
37 69 4
37 70 4
37 71 4
37 72 4
37 76 4
37 77 4
37 78 4
37 83 4
37 84 4
37 99 11
38 67 16
38 68 18
38 69 4
38 70 4
38 71 4
38 72 4
38 76 4
38 77 4
38 78 4
38 83 4
38 84 4
38 99 11
39 67 17
39 68 19
39 69 4
39 70 4
39 71 4
39 72 4
39 76 4
39 77 4
39 78 4
39 83 4
39 84 4
39 99 11
40 67 16
40 68 18
40 69 4
40 70 4
40 71 4
40 72 4
40 76 4
40 77 4
40 78 4
40 83 4
40 84 4
40 99 11
41 67 17
41 68 19
41 69 4
41 70 4
41 71 4
41 72 4
41 76 4
41 77 4
41 78 4
41 83 4
41 84 4
41 99 11
42 67 16
42 68 18
42 69 4
42 70 4
42 71 4
42 72 4
42 76 4
42 77 4
42 78 4
42 83 4
42 84 4
42 99 11
43 67 17
43 68 19
43 69 4
43 70 4
43 71 4
43 72 4
43 76 4
43 77 4
43 78 4
43 83 4
43 84 4
43 99 11
44 67 16
44 68 18
44 69 4
44 70 4
44 71 4
44 72 4
44 76 4
44 77 4
44 78 4
44 83 4
44 84 4
44 99 11
45 67 17
45 68 19
45 69 4
45 70 4
45 71 4
45 72 4
45 76 4
45 77 4
45 78 4
45 83 4
45 84 4
45 99 11
46 67 16
46 68 18
46 69 4
46 70 4
46 71 4
46 72 4
46 76 4
46 77 4
46 78 4
46 83 4
46 84 4
46 99 11
47 67 17
47 68 19
47 69 4
47 70 4
47 71 4
47 72 4
47 76 4
47 77 4
47 78 4
47 83 4
47 84 4
47 99 11
48 67 16
48 68 18
48 69 4
48 70 4
48 71 4
48 76 4
48 77 4
48 78 4
48 83 4
48 84 4
48 99 11
49 67 17
49 68 19
49 69 4
49 70 4
49 76 4
49 77 4
49 78 4
49 83 4
49 84 4
49 99 11
50 67 16
50 68 18
50 69 4
50 75 4
50 76 4
50 77 4
50 78 4
50 83 4
50 84 4
50 99 11
51 74 4
51 75 4
51 76 4
51 77 4
51 78 4
51 83 4
51 84 4
51 99 11
52 73 4
52 74 4
52 75 4
52 76 4
52 77 4
52 78 4
52 83 4
52 84 4
52 99 11
53 72 4
53 73 4
53 74 4
53 75 4
53 76 4
53 77 4
53 78 4
53 83 4
53 84 4
53 99 11
54 56 4
54 57 4
54 58 4
54 59 4
54 60 4
54 61 4
54 62 4
54 63 4
54 64 4
54 65 4
54 66 4
54 67 4
54 68 4
54 69 4
54 70 4
54 71 4
54 72 4
54 73 4
54 74 4
54 75 4
54 76 4
54 77 4
54 78 4
54 83 4
54 84 4
54 85 8
54 86 8
54 87 8
54 88 8
54 89 8
54 90 8
54 91 8
54 92 8
54 93 8
54 94 8
54 95 8
54 96 8
54 97 8
54 98 8
54 99 8
55 83 4
55 99 11
56 83 4
56 99 11
57 83 4
57 99 11
58 83 4
58 99 11
59 83 4
59 99 11
60 99 11
61 99 11
62 99 11
63 99 11
64 99 11
65 99 11
66 99 11
67 99 11
68 99 11
69 99 11
70 99 11
71 99 11
72 99 11
73 99 11
74 99 11
75 99 11
76 99 11
77 99 11
78 99 11
79 99 11
80 99 11
81 99 11
82 99 11
83 99 11
84 99 11
85 99 11
86 99 11
87 99 11
88 99 11
89 99 11
90 99 11
91 99 11
92 99 11
93 99 11
94 99 11
95 99 11
96 99 11
97 99 11
98 99 11
99 99 11
100 99 11
101 99 11
102 99 11
103 99 11
104 99 11
105 99 11
106 99 11
107 99 11
108 99 11
109 99 11
110 99 11
111 99 11
112 99 11
113 99 11
114 99 11
115 99 11
116 99 11
117 99 11
118 99 11
119 99 11
120 99 11
121 99 11
122 99 11
123 99 11
124 99 11
125 99 11
126 99 11
127 99 11
128 99 11
129 99 11
130 99 11
131 99 11
132 99 11
133 99 11
134 99 11
135 99 11
136 99 11
137 99 11
138 99 11
139 99 11
140 97 28
140 98 29
140 99 11
141 97 30
141 98 31
141 99 11
142 97 30
142 98 31
142 99 11
143 97 30
143 98 31
143 99 11
144 97 30
144 98 31
144 99 11
145 97 30
145 98 31
145 99 11
146 97 30
146 98 31
146 99 11
147 97 30
147 98 31
147 99 11
148 97 30
148 98 31
148 99 11
149 97 30
149 98 31
149 99 11
150 97 30
150 98 31
150 99 11
151 97 30
151 98 31
151 99 11
152 97 30
152 98 31
152 99 11
153 97 30
153 98 31
153 99 11
154 97 30
154 98 31
154 99 11
155 97 30
155 98 31
155 99 11
156 97 30
156 98 31
156 99 11
157 97 30
157 99 11
158 97 30
::TILES-> END
::BONUS-> BEGIN
1 36 15
1 37 15
1 39 15
1 40 15
1 41 15
1 42 15
3 43 15
4 44 15
5 45 15
5 46 15
5 47 15
5 48 15
5 49 15
5 50 15
5 51 15
5 52 15
5 53 15
5 54 15
5 55 15
5 56 15
5 57 15
5 58 15
5 59 15
5 60 15
5 61 15
5 62 15
5 63 15
5 64 15
5 65 15
5 66 15
5 67 15
5 68 15
5 69 15
5 70 15
5 71 15
5 72 15
5 73 15
5 74 15
5 75 15
5 76 15
5 77 15
5 78 15
5 79 15
5 80 15
5 81 15
5 83 15
5 84 15
5 85 15
5 86 15
5 87 15
5 88 15
5 89 15
5 90 15
5 91 15
5 92 15
5 93 15
5 94 15
5 95 15
5 96 15
5 97 15
5 98 15
6 94 15
7 92 15
7 93 15
7 94 15
8 90 15
8 91 15
8 92 15
8 94 15
9 90 15
9 92 15
9 94 15
10 90 15
10 92 15
10 94 15
11 90 15
11 91 15
11 92 15
11 94 15
12 92 15
12 93 15
12 94 15
13 78 2
13 94 15
14 94 15
21 94 1
22 65 3
22 94 1
23 94 1
24 94 1
25 94 1
29 96 1
30 96 1
31 96 1
32 96 2
60 96 2
141 67 15
141 68 15
141 69 15
141 70 15
141 71 15
141 72 15
141 73 15
141 74 15
141 75 15
141 76 15
141 77 15
141 78 15
141 79 15
141 80 15
141 81 15
141 82 15
141 83 15
141 84 15
141 85 15
141 86 15
141 87 15
141 88 15
141 89 15
141 90 15
141 91 15
141 92 15
141 93 15
141 94 15
141 95 15
141 96 15
::BONUS-> END
::COIN-> BEGIN
13 93
14 93
55 92
55 93
55 94
55 95
55 96
55 97
55 98
56 92
56 93
56 94
56 95
56 96
56 97
56 98
63 81
63 82
63 83
63 84
63 85
63 86
63 87
63 88
63 89
63 90
63 91
63 92
63 93
63 94
63 95
63 96
63 97
63 98
64 81
64 82
64 83
64 84
64 85
64 86
64 87
64 88
64 89
64 90
64 91
64 92
64 93
64 94
64 95
64 96
64 97
64 98
::COIN-> END
BRETT 320 2600
BRETT 320 2920
BRETT 320 3240
KILLERBLUME 25 66
KILLERBLUME 27 66
KILLERBLUME 29 66
KILLERBLUME 31 66
KILLERBLUME 33 66
GOOMBA 34 75
KILLERBLUME 35 66
KILLERBLUME 39 66
KILLERBLUME 41 66
GOOMBA 42 75
KILLERBLUME 43 66
KILLERBLUME 45 66
KILLERBLUME 47 66
TURTLE 47 97
KILLERBLUME 49 66
TURTLE 49 97
TURTLE 52 96
GOOMBA 69 95
GOOMBA 70 95
GOOMBA 71 95
GOOMBA 72 95
TURTLE 76 96
GOOMBA 82 95
GOOMBA 83 95
GOOMBA 84 95
GOOMBA 85 95
GOOMBA 86 95
TURTLE 92 97
GOOMBA 99 95
GOOMBA 100 95
GOOMBA 101 95
GOOMBA 102 95
GOOMBA 103 95
TURTLE 106 97
RESTART data/levels/20/main
START 0 299 3880 0
EXIT 0 5587 3917 data/levels/21/main 0 1
START 1 0 0 0
EXIT 1 0 0 NONE 0 0
START 2 0 0 0
EXIT 2 0 0 NONE 0 0
START 3 0 0 0
EXIT 3 0 0 NONE 0 0
START 4 0 0 0
EXIT 4 0 0 NONE 0 0
BGCOLOR 2000030

CASTLE 41 3601 1 data/levels/arsch 1
MUSIC coolgroove.mid
#if you want a big static background:
#BACKGROUND data/gfx/background/VH.jpg

