# Level for Mega Mario

TEXTURE data/gfx/tiles/ground/stone0.png
TEXTURE data/gfx/tiles/ground/stone1.png
TEXTURE data/gfx/tiles/ground/stone2.png
TEXTURE data/gfx/tiles/ground/stone3.png
TEXTURE data/gfx/tiles/ground/stone4.png
TEXTURE data/gfx/tiles/ground/stone5.png
TEXTURE data/gfx/tiles/ground/stone6.png
TEXTURE data/gfx/tiles/ground/bricks.png
TEXTURE data/gfx/tiles/ground/bricks2.png
TEXTURE data/gfx/tiles/ground/snowy.png
TEXTURE data/gfx/tiles/ground/grass.png
TEXTURE data/gfx/tiles/ground/sand.png
TEXTURE data/gfx/tiles/ground/metal.png
TEXTURE data/gfx/tiles/cannonset1.png
TEXTURE data/gfx/tiles/cannonset2.png
TEXTURE data/gfx/tiles/pipes/up/1.png
TEXTURE data/gfx/tiles/pipes/up/2.png
TEXTURE data/gfx/tiles/pipes/up/3.png
TEXTURE data/gfx/tiles/pipes/up/4.png
TEXTURE data/gfx/tiles/pipes/down/1.png
TEXTURE data/gfx/tiles/pipes/down/2.png
TEXTURE data/gfx/tiles/pipes/down/3.png
TEXTURE data/gfx/tiles/pipes/down/4.png
TEXTURE data/gfx/tiles/pipes/right/1.png
TEXTURE data/gfx/tiles/pipes/right/2.png
TEXTURE data/gfx/tiles/pipes/right/3.png
TEXTURE data/gfx/tiles/pipes/right/4.png
TEXTURE data/gfx/tiles/pipes/left/1.png
TEXTURE data/gfx/tiles/pipes/left/2.png
TEXTURE data/gfx/tiles/pipes/left/3.png
TEXTURE data/gfx/tiles/pipes/left/4.png
::TILES-> BEGIN
1 99 11
2 99 11
3 99 11
4 99 11
5 99 11
6 99 11
7 99 11
8 99 11
9 99 11
10 99 11
11 99 11
12 99 11
13 99 11
14 99 11
15 99 11
16 99 11
17 99 11
18 99 11
19 99 11
20 99 11
21 99 11
22 99 11
23 99 11
24 99 11
25 99 11
26 99 11
27 99 11
28 99 11
29 99 11
30 99 11
31 99 11
32 99 11
33 99 11
34 99 11
35 99 11
36 99 11
37 99 11
38 99 11
39 99 11
40 99 11
41 99 11
42 99 11
43 99 11
44 99 11
45 99 11
46 99 11
47 99 11
48 99 11
49 99 11
50 99 11
51 99 11
52 99 11
53 99 11
54 99 11
55 99 11
56 99 11
57 99 11
58 99 11
59 99 11
60 99 11
61 99 11
62 99 11
63 99 11
64 99 11
65 99 11
66 99 11
67 99 11
68 99 11
69 99 11
70 99 11
71 99 11
72 99 11
73 99 11
74 99 11
75 99 11
76 99 11
77 99 11
78 99 11
79 99 11
80 99 11
81 99 11
82 99 11
83 99 11
84 99 11
85 99 11
86 99 11
87 99 11
88 99 11
89 99 11
90 99 11
91 99 11
92 99 11
93 99 11
94 99 11
95 99 11
96 99 11
97 99 11
98 99 11
99 99 11
100 99 11
101 99 11
102 99 11
103 99 11
104 99 11
105 99 11
106 99 11
107 99 11
108 99 11
109 99 11
110 99 11
111 99 11
112 99 11
113 99 11
114 99 11
115 99 11
116 99 11
117 99 11
118 99 11
119 99 11
120 99 11
121 99 11
122 99 11
123 99 11
124 99 11
125 99 11
126 99 11
127 99 11
128 99 11
129 99 11
130 99 11
131 99 11
132 99 11
133 99 11
134 99 11
135 99 11
136 96 17
136 97 19
136 98 19
136 99 11
137 96 16
137 97 18
137 98 18
137 99 11
138 99 11
139 99 11
140 99 11
141 96 17
141 97 19
141 98 19
141 99 11
142 96 16
142 97 18
142 98 18
142 99 11
143 99 11
144 99 11
145 99 11
146 96 17
146 97 19
146 98 19
146 99 11
147 96 16
147 97 18
147 98 18
147 99 11
148 99 11
149 99 11
150 99 11
151 96 17
151 97 19
151 98 19
151 99 11
152 96 16
152 97 18
152 98 18
152 99 11
153 98 14
153 99 14
154 99 11
155 99 11
156 99 11
157 99 11
158 99 11
159 99 11
160 99 11
161 99 11
162 99 11
163 99 11
164 99 11
165 99 11
166 99 11
167 99 11
168 99 11
169 99 11
170 99 11
171 99 11
172 99 11
173 99 11
174 99 11
175 99 11
176 99 11
177 99 11
178 99 11
179 99 11
180 99 11
181 99 11
182 99 11
183 99 11
184 99 11
185 99 11
186 99 11
187 99 11
188 99 11
189 99 11
190 99 11
191 99 11
192 99 11
193 99 11
194 99 11
195 99 11
196 99 11
197 99 11
198 99 11
199 99 11
200 99 11
201 99 11
202 99 11
203 99 11
204 99 11
205 99 11
206 99 11
207 99 11
208 99 11
209 99 11
210 99 11
211 99 11
212 99 11
213 99 11
214 99 11
215 99 11
216 99 11
217 99 11
218 99 11
219 99 11
220 99 11
221 99 11
222 99 11
223 99 11
224 99 11
225 99 11
226 99 11
227 99 11
228 99 11
229 99 11
230 99 11
231 99 11
232 99 11
233 99 11
234 99 11
235 99 11
236 99 11
237 99 11
238 99 11
239 99 11
240 99 11
241 99 11
242 99 11
243 99 11
244 99 11
245 99 11
246 99 11
247 99 11
248 99 11
249 98 6
249 99 11
250 98 6
250 99 11
251 97 6
251 98 6
251 99 11
252 97 6
252 98 6
252 99 11
253 96 6
253 97 6
253 98 6
253 99 11
254 96 6
254 97 6
254 98 6
254 99 11
255 95 6
255 96 6
255 97 6
255 98 6
255 99 11
256 95 6
256 96 6
256 97 6
256 98 6
256 99 11
257 94 6
257 95 6
257 96 6
257 97 6
257 98 6
257 99 11
258 94 6
258 95 6
258 96 6
258 97 6
258 98 6
258 99 11
259 99 11
260 99 11
261 99 11
262 99 11
263 99 11
264 99 11
265 99 11
266 95 6
266 96 6
266 97 6
266 98 6
266 99 11
267 99 11
268 99 11
269 99 11
270 99 11
271 99 11
272 99 11
273 99 11
274 96 6
274 97 6
274 98 6
274 99 11
275 99 11
276 99 11
277 99 11
278 99 11
279 99 11
280 99 11
281 99 11
282 97 6
282 98 6
282 99 11
283 99 11
284 99 11
285 99 11
286 99 11
287 99 11
288 99 11
289 99 11
290 99 11
291 98 6
291 99 11
292 99 11
293 99 11
294 99 11
295 99 11
296 99 11
297 1 22
297 2 22
297 3 22
297 4 22
297 5 22
297 6 22
297 7 22
297 8 22
297 9 22
297 10 20
297 99 11
298 1 23
298 2 23
298 3 23
298 4 23
298 5 23
298 6 23
298 7 23
298 8 23
298 9 23
298 10 21
298 99 11
299 99 11
300 99 11
301 99 11
302 99 11
303 99 11
304 99 11
305 99 11
306 99 11
307 99 11
308 99 11
309 99 11
310 99 11
311 99 11
312 99 11
313 99 11
314 98 2
314 99 11
315 97 2
315 98 2
315 99 11
316 96 2
316 97 2
316 98 2
316 99 11
317 96 2
317 97 2
317 98 2
317 99 11
318 96 2
318 97 2
318 98 2
318 99 11
319 96 2
319 97 2
319 98 2
319 99 11
320 96 2
320 97 2
320 98 2
320 99 11
321 97 2
321 98 2
321 99 11
322 98 2
322 99 11
323 99 11
324 99 11
325 99 11
326 99 11
327 99 11
328 99 11
329 99 11
330 99 11
331 99 11
332 99 11
333 99 11
334 99 11
335 99 11
336 99 11
337 99 11
338 99 11
339 99 11
340 99 11
341 99 11
342 99 11
343 99 11
344 99 11
345 99 11
346 99 11
347 99 11
348 99 11
349 99 11
350 99 11
351 99 11
352 99 11
353 99 11
354 99 11
355 99 11
356 98 5
356 99 11
357 97 5
357 98 5
357 99 11
358 96 5
358 97 5
358 98 5
358 99 11
359 95 5
359 96 5
359 97 5
359 98 5
359 99 11
360 94 5
360 95 5
360 96 5
360 97 5
360 98 5
360 99 11
361 93 5
361 94 5
361 95 5
361 96 5
361 97 5
361 98 5
361 99 11
362 92 5
362 93 5
362 94 5
362 95 5
362 96 5
362 97 5
362 98 5
362 99 11
363 92 5
363 93 5
363 94 5
363 95 5
363 96 5
363 97 5
363 98 5
363 99 11
364 94 5
364 95 5
364 96 5
364 97 5
364 98 5
364 99 11
365 97 5
365 98 5
365 99 11
366 99 11
367 99 11
368 99 11
369 99 11
370 99 11
371 99 11
372 99 11
373 99 11
374 99 11
375 99 11
376 99 11
377 98 5
377 99 11
378 99 11
379 99 11
380 99 11
381 99 11
382 99 11
383 99 11
384 99 11
385 99 11
386 99 11
387 99 11
388 99 11
389 99 11
390 99 11
391 99 11
392 99 11
393 99 11
394 99 11
395 99 11
396 99 11
397 99 11
398 99 11
::TILES-> END
::BONUS-> BEGIN
164 94 15
164 95 16
165 95 16
166 95 16
167 95 16
168 95 16
169 95 16
170 95 16
171 95 16
172 95 16
173 95 16
174 95 16
175 95 16
176 95 16
177 95 16
178 95 16
179 95 16
180 95 16
181 95 16
182 95 16
183 95 16
184 95 16
185 95 16
186 95 16
187 95 16
188 95 16
189 95 16
190 95 16
191 95 16
192 95 16
193 95 16
194 94 15
194 95 16
213 91 1
214 91 1
215 91 1
216 91 1
217 88 1
217 91 1
218 88 1
218 95 1
219 88 1
219 95 1
220 83 2
220 86 1
220 88 1
220 93 1
220 95 1
221 86 1
221 88 1
221 93 1
222 88 1
222 93 1
238 95 1
239 95 1
240 95 1
249 98 1
274 92 2
291 60 15
291 61 15
291 62 15
292 61 15
292 62 15
293 61 15
293 62 15
294 61 15
294 62 15
295 61 15
295 62 15
296 61 15
296 62 15
296 95 1
297 61 15
297 62 15
297 95 1
298 61 15
298 62 15
298 95 1
299 61 15
299 62 15
299 91 1
299 92 1
299 93 1
299 94 1
299 95 1
300 61 15
300 62 15
300 91 16
300 95 1
301 61 15
301 62 15
301 91 16
301 95 1
302 61 15
302 62 15
302 91 4
302 95 1
303 61 15
303 62 15
303 91 16
303 95 1
304 60 15
304 61 15
304 62 15
304 91 16
304 95 1
305 91 16
305 95 1
306 91 3
306 95 1
307 81 1
307 82 1
307 83 1
307 84 1
307 85 1
307 86 1
307 87 1
307 88 1
307 89 1
307 90 1
307 91 1
307 92 1
307 93 1
307 94 1
307 95 1
308 81 1
309 81 1
310 81 1
311 81 1
312 81 1
313 81 1
314 81 1
315 81 1
316 81 1
317 81 1
318 71 1
318 72 1
318 73 1
318 74 1
318 75 1
318 76 1
318 77 1
318 78 1
318 79 1
318 80 1
318 81 1
318 92 2
319 71 1
320 71 1
321 71 1
322 71 1
323 71 1
324 71 1
325 71 1
326 71 1
327 62 1
327 63 1
327 64 1
327 65 1
327 66 1
327 67 1
327 68 1
327 69 1
327 70 1
327 71 1
328 62 1
329 62 1
330 62 1
331 62 1
332 53 1
332 54 1
332 55 1
332 56 1
332 57 1
332 58 1
332 59 1
332 60 1
332 61 1
332 62 1
333 53 1
334 53 1
335 53 1
336 53 1
337 53 1
338 53 1
339 39 1
339 40 1
339 41 1
339 42 1
339 43 1
339 44 1
339 45 1
339 46 1
339 47 1
339 48 1
339 49 1
339 50 1
339 51 1
339 52 1
339 53 1
340 39 1
340 94 16
341 39 1
342 39 1
343 39 1
344 39 1
345 39 1
346 39 1
347 27 1
347 28 1
347 29 1
347 30 1
347 31 1
347 32 1
347 33 1
347 34 1
347 35 1
347 36 1
347 37 1
347 38 1
347 39 1
348 27 1
349 27 1
350 27 1
351 27 1
352 27 1
353 27 1
354 27 1
355 13 1
355 14 1
355 15 1
355 16 1
355 17 1
355 18 1
355 19 1
355 20 1
355 21 1
355 22 1
355 23 1
355 24 1
355 25 1
355 26 1
355 27 1
356 13 1
357 13 1
358 13 1
359 13 1
360 13 1
361 13 1
362 7 1
362 8 1
362 9 1
362 10 1
362 11 1
362 12 1
362 13 1
363 7 1
364 7 1
365 7 1
366 1 1
366 2 1
366 3 1
366 4 1
366 7 1
367 4 1
367 5 1
367 6 1
367 7 1
368 4 1
369 4 1
370 4 1
371 1 1
371 2 1
371 3 1
371 4 1
394 96 4
::BONUS-> END
::COIN-> BEGIN
2 94
2 96
3 93
3 94
4 93
4 97
5 95
5 97
6 92
6 93
6 94
8 92
10 93
13 93
13 95
14 93
16 92
18 92
21 93
21 94
22 94
22 95
23 92
32 94
32 95
33 93
33 95
35 93
37 94
40 95
41 94
41 96
41 97
42 94
44 94
47 94
49 94
51 95
52 95
52 96
200 96
201 96
202 94
202 96
202 98
203 95
203 97
204 96
225 96
226 96
227 96
228 94
228 96
228 98
229 95
229 97
230 96
261 91
262 91
263 91
269 92
270 92
271 92
278 93
279 93
280 20
280 40
281 20
281 40
282 20
282 40
282 58
283 20
283 40
283 58
284 20
284 40
284 58
285 20
285 40
285 58
286 20
286 40
286 58
286 94
287 20
287 40
287 58
287 94
288 20
288 40
288 58
289 20
289 40
289 58
290 20
290 40
290 58
291 20
291 40
291 58
292 20
292 40
292 58
293 20
293 40
293 58
294 20
294 40
294 58
295 20
295 40
295 58
296 20
296 40
296 58
297 20
297 40
297 58
298 20
298 40
298 58
299 20
299 40
299 58
300 20
300 40
300 58
301 20
301 40
301 58
302 20
302 40
302 58
303 20
303 40
303 58
304 20
304 40
304 58
305 20
305 40
305 58
306 20
306 40
306 58
308 20
308 40
308 58
309 20
309 40
309 58
310 20
310 40
310 58
311 20
311 40
311 58
312 20
312 40
312 58
313 20
313 40
313 58
314 20
314 40
314 58
315 40
315 58
316 40
316 58
317 40
317 58
318 40
318 58
319 40
319 58
320 40
320 58
321 40
321 58
322 40
322 58
323 40
323 58
324 40
324 58
325 40
325 58
326 40
326 58
327 40
327 58
328 58
340 95
340 96
340 97
340 98
::COIN-> END
KILLERBLUME 136 95
KILLERBLUME 146 95
KILLERBLUME 151 95
CANNON 153 97
CANNON 153 98
GOOMBA 165 94
GOOMBA 166 94
GOOMBA 167 94
GOOMBA 168 94
GOOMBA 169 94
GOOMBA 170 94
GOOMBA 171 94
GOOMBA 172 94
GOOMBA 173 94
GOOMBA 174 94
GOOMBA 175 94
GOOMBA 176 94
GOOMBA 177 94
GOOMBA 178 94
GOOMBA 179 94
GOOMBA 180 94
GOOMBA 181 94
GOOMBA 182 94
GOOMBA 183 94
GOOMBA 184 94
GOOMBA 185 94
GOOMBA 186 94
GOOMBA 187 94
GOOMBA 188 94
GOOMBA 189 94
GOOMBA 190 94
GOOMBA 191 94
GOOMBA 192 94
SPINY 261 98
SPINY 264 98
SPINY 268 98
SPINY 271 98
SPINY 277 98
SPINY 279 98
SPINY 283 98
SPINY 286 98
SPINY 289 98
GOOMBA 291 60
GOOMBA 291 61
GOOMBA 292 60
GOOMBA 292 61
GOOMBA 293 60
GOOMBA 293 61
GOOMBA 294 60
GOOMBA 294 61
GOOMBA 295 60
GOOMBA 295 61
GOOMBA 296 60
GOOMBA 296 61
GOOMBA 297 60
GOOMBA 297 61
GOOMBA 298 60
GOOMBA 298 61
GOOMBA 299 60
GOOMBA 299 61
GOOMBA 300 60
GOOMBA 300 61
GOOMBA 301 60
GOOMBA 301 61
TURTLE 301 93
GOOMBA 302 60
GOOMBA 302 61
GOOMBA 303 58
GOOMBA 303 61
GOOMBA 304 60
GOOMBA 304 61
TURTLE 304 93
TURTLEFLY 305 13
TURTLEFLY 308 30
TURTLEFLY 309 25
TURTLEFLY 310 15
TURTLEFLY 311 11
TURTLEFLY 313 23
FIRECIRCLE 314 98 6
FIRECIRCLE 316 96 6
FIRECIRCLE 320 96 6
FIRECIRCLE 322 98 6
RESTART data/levels/12/main
START 0 5658 3764 4
EXIT 0 0 0 NONE 0 3
START 1 11898 445 1
EXIT 1 0 0 NONE 0 1
START 2 0 0 0
EXIT 2 0 0 NONE 0 0
START 3 0 0 0
EXIT 3 0 0 NONE 0 0
START 4 0 0 0
EXIT 4 0 0 NONE 0 0
BGCOLOR 2000030

CASTLE 15081 3601 1 data/levels/13/main 0
MUSIC maingroove.mid
#if you want a big static background:
#BACKGROUND data/gfx/background/VH.jpg

