# Level for Mega Mario

TEXTURE data/gfx/tiles/ground/stone0.png
TEXTURE data/gfx/tiles/ground/stone1.png
TEXTURE data/gfx/tiles/ground/stone2.png
TEXTURE data/gfx/tiles/ground/stone3.png
TEXTURE data/gfx/tiles/ground/stone4.png
TEXTURE data/gfx/tiles/ground/stone5.png
TEXTURE data/gfx/tiles/ground/stone6.png
TEXTURE data/gfx/tiles/ground/bricks.png
TEXTURE data/gfx/tiles/ground/bricks2.png
TEXTURE data/gfx/tiles/ground/snowy.png
TEXTURE data/gfx/tiles/ground/grass.png
TEXTURE data/gfx/tiles/ground/sand.png
TEXTURE data/gfx/tiles/ground/metal.png
TEXTURE data/gfx/tiles/cannonset1.png
TEXTURE data/gfx/tiles/cannonset2.png
TEXTURE data/gfx/tiles/pipes/up/1.png
TEXTURE data/gfx/tiles/pipes/up/2.png
TEXTURE data/gfx/tiles/pipes/up/3.png
TEXTURE data/gfx/tiles/pipes/up/4.png
TEXTURE data/gfx/tiles/pipes/down/1.png
TEXTURE data/gfx/tiles/pipes/down/2.png
TEXTURE data/gfx/tiles/pipes/down/3.png
TEXTURE data/gfx/tiles/pipes/down/4.png
TEXTURE data/gfx/tiles/pipes/right/1.png
TEXTURE data/gfx/tiles/pipes/right/2.png
TEXTURE data/gfx/tiles/pipes/right/3.png
TEXTURE data/gfx/tiles/pipes/right/4.png
TEXTURE data/gfx/tiles/pipes/left/1.png
TEXTURE data/gfx/tiles/pipes/left/2.png
TEXTURE data/gfx/tiles/pipes/left/3.png
TEXTURE data/gfx/tiles/pipes/left/4.png
TEXTURE data/gfx/tiles/conveyorL.png
TEXTURE data/gfx/tiles/conveyorR.png
::TILES-> BEGIN
193 91 17
193 92 19
193 93 19
193 94 19
194 91 16
194 92 18
194 93 18
194 94 18
204 76 8
204 77 8
206 81 8
207 81 8
208 81 8
209 81 8
210 81 8
211 72 8
211 73 8
211 74 8
211 75 8
211 76 8
211 77 8
211 78 8
211 81 8
212 71 8
212 72 8
212 73 8
212 74 8
212 75 8
212 76 8
212 77 8
212 78 8
212 81 8
213 81 8
350 85 1
351 85 1
351 86 1
352 83 28
352 84 29
352 85 1
352 86 1
352 87 1
353 59 1
353 60 1
353 61 1
353 62 1
353 63 1
353 64 1
353 65 1
353 66 1
353 67 1
353 68 1
353 69 1
353 70 1
353 71 1
353 72 1
353 73 1
353 74 1
353 75 1
353 76 1
353 77 1
353 78 1
353 79 1
353 80 1
353 81 1
353 82 1
353 83 30
353 84 31
353 85 1
353 86 1
353 87 1
353 88 1
353 89 1
353 90 1
353 91 1
353 92 1
353 93 1
353 94 1
353 95 1
353 96 1
353 97 1
353 98 1
353 99 1
354 59 1
354 60 1
354 61 1
354 62 1
354 63 1
354 64 1
354 65 1
354 66 1
354 67 1
354 68 1
354 69 1
354 70 1
354 71 1
354 72 1
354 73 1
354 74 1
354 75 1
354 76 1
354 77 1
354 78 1
354 79 1
354 80 1
354 81 1
354 82 1
354 83 30
354 84 31
354 85 1
354 86 1
354 87 1
354 88 1
354 89 1
354 90 1
354 91 1
354 92 1
354 93 1
354 94 1
354 95 1
354 96 1
354 97 1
354 98 1
354 99 1
355 83 30
355 84 31
356 83 30
356 84 31
357 83 30
357 84 31
358 83 30
358 84 31
359 83 30
359 84 31
360 83 30
360 84 31
361 83 30
361 84 31
362 83 30
362 84 31
363 83 30
363 84 31
364 83 30
364 84 31
365 83 30
365 84 31
366 83 30
366 84 31
367 83 30
367 84 31
368 83 30
368 84 31
369 83 30
369 84 31
370 83 30
370 84 31
371 83 30
371 84 31
::TILES-> END
::BONUS-> BEGIN
165 68 1
165 69 1
165 70 1
165 71 1
165 72 1
165 73 1
165 74 1
165 75 1
165 76 1
165 77 1
165 78 1
165 79 1
165 80 1
165 81 1
165 82 1
165 83 1
165 84 1
165 85 1
165 86 1
165 87 1
165 88 1
165 89 1
165 90 1
165 91 1
165 92 1
165 93 1
165 94 1
165 95 1
165 96 1
165 97 1
165 98 1
165 99 1
166 68 1
166 69 1
166 70 1
166 71 1
166 72 1
166 73 1
166 74 1
166 80 1
166 83 1
166 89 1
166 95 1
166 96 1
166 97 1
166 98 1
166 99 1
167 68 1
167 69 1
167 70 1
167 71 1
167 72 1
167 73 1
167 74 1
167 80 1
167 83 1
167 86 1
167 89 1
167 92 1
167 95 1
167 96 1
167 97 1
167 98 1
167 99 1
168 68 1
168 69 1
168 70 1
168 71 1
168 72 1
168 73 1
168 74 1
168 80 1
168 83 1
168 86 1
168 89 1
168 92 1
168 95 1
168 96 1
168 97 1
168 98 1
168 99 1
169 68 1
169 69 1
169 70 1
169 71 1
169 72 1
169 73 1
169 74 1
169 77 2
169 80 1
169 83 1
169 86 1
169 89 1
169 92 1
169 95 1
169 96 1
169 97 1
169 98 1
169 99 1
170 68 1
170 69 1
170 70 1
170 71 1
170 72 1
170 73 1
170 74 1
170 77 1
170 80 1
170 83 1
170 86 1
170 89 1
170 92 1
170 95 1
170 96 1
170 97 1
170 98 1
170 99 1
171 68 1
171 69 1
171 70 1
171 71 1
171 72 1
171 73 1
171 74 1
171 77 1
171 80 1
171 83 1
171 86 1
171 89 1
171 92 1
171 95 1
171 97 1
171 98 1
171 99 1
172 68 1
172 69 1
172 70 1
172 71 1
172 72 1
172 73 1
172 76 1
172 77 1
172 80 1
172 86 1
172 89 1
172 92 1
172 95 1
172 97 1
172 98 1
172 99 1
173 68 1
173 69 1
173 70 1
173 71 1
173 72 1
173 73 1
173 77 1
173 80 1
173 86 1
173 89 1
173 92 1
173 95 1
173 97 1
173 98 1
173 99 1
174 68 1
174 69 1
174 70 1
174 71 1
174 72 1
174 73 1
174 74 1
174 77 1
174 80 1
174 86 1
174 89 1
174 92 1
174 95 1
174 97 1
174 98 1
174 99 1
175 68 1
175 69 1
175 70 1
175 71 1
175 72 1
175 73 1
175 74 1
175 77 1
175 80 1
175 83 1
175 86 1
175 89 1
175 92 1
175 95 1
175 97 1
175 98 1
175 99 1
176 68 1
176 69 1
176 70 1
176 71 1
176 72 1
176 73 1
176 74 1
176 77 1
176 80 1
176 83 1
176 86 1
176 89 1
176 92 1
176 95 1
176 98 1
176 99 1
177 68 1
177 69 1
177 70 1
177 71 1
177 72 1
177 73 1
177 74 1
177 77 1
177 80 1
177 83 1
177 86 1
177 89 1
177 92 1
177 95 1
177 98 1
177 99 1
178 68 1
178 69 1
178 70 1
178 71 1
178 72 1
178 73 1
178 74 1
178 77 1
178 80 1
178 83 1
178 86 1
178 89 1
178 92 1
178 95 1
178 98 1
178 99 1
179 68 1
179 69 1
179 70 1
179 71 1
179 72 1
179 73 1
179 74 1
179 77 1
179 80 1
179 83 1
179 86 1
179 89 1
179 92 1
179 95 1
179 98 1
179 99 1
180 68 1
180 69 1
180 70 1
180 71 1
180 72 1
180 73 1
180 74 1
180 77 1
180 83 1
180 86 1
180 89 1
180 92 1
180 95 1
180 99 1
181 68 1
181 69 1
181 70 1
181 71 1
181 72 1
181 73 1
181 74 1
181 77 1
181 83 1
181 86 1
181 89 1
181 92 1
181 95 1
181 99 1
182 68 1
182 69 1
182 70 1
182 71 1
182 72 1
182 73 1
182 74 1
182 77 1
182 83 1
182 86 1
182 92 1
182 95 1
182 99 1
183 68 1
183 69 1
183 70 1
183 71 1
183 72 1
183 73 1
183 74 1
183 77 1
183 78 1
183 79 1
183 80 1
183 81 1
183 82 1
183 83 1
183 84 1
183 85 1
183 86 1
183 87 1
183 88 1
183 89 1
183 90 1
183 91 1
183 92 1
183 93 1
183 94 1
183 95 1
183 96 1
183 99 1
184 68 1
184 69 1
184 70 1
184 71 1
184 72 1
184 73 1
184 74 1
184 77 1
184 99 1
185 68 1
185 69 1
185 70 1
185 71 1
185 72 1
185 73 1
185 74 1
185 77 1
185 79 1
185 80 1
185 81 1
185 82 1
185 83 1
185 84 1
185 85 1
185 86 1
185 87 1
185 88 1
185 89 1
185 90 1
185 91 1
185 92 1
185 95 1
185 96 1
185 97 1
185 99 1
186 68 1
186 69 1
186 70 1
186 71 1
186 72 1
186 73 1
186 74 1
186 77 1
186 79 1
186 97 1
186 99 1
187 68 1
187 69 1
187 70 1
187 71 1
187 72 1
187 73 1
187 74 1
187 77 1
187 79 1
187 81 1
187 82 1
187 83 1
187 84 1
187 85 1
187 86 1
187 87 1
187 88 1
187 89 1
187 90 1
187 91 1
187 92 1
187 93 1
187 94 1
187 97 1
187 99 1
188 68 1
188 69 1
188 70 1
188 71 1
188 72 1
188 73 1
188 74 1
188 77 1
188 79 1
188 81 1
188 83 1
188 97 1
188 99 1
189 68 1
189 69 1
189 70 1
189 71 1
189 72 1
189 73 1
189 74 1
189 77 1
189 79 1
189 81 1
189 83 1
189 85 1
189 86 1
189 87 1
189 88 1
189 89 1
189 90 1
189 91 1
189 92 1
189 93 1
189 97 1
189 99 1
190 68 1
190 69 1
190 70 1
190 71 1
190 72 1
190 73 1
190 74 1
190 77 1
190 79 1
190 81 1
190 83 1
190 85 1
190 93 1
190 97 1
190 99 1
191 68 1
191 69 1
191 70 1
191 71 1
191 72 1
191 73 1
191 74 1
191 77 1
191 79 1
191 81 1
191 83 1
191 85 1
191 87 1
191 88 1
191 89 1
191 90 1
191 91 1
191 93 1
191 95 1
191 99 1
192 68 1
192 69 1
192 70 1
192 71 1
192 72 1
192 73 1
192 74 1
192 77 1
192 79 1
192 81 1
192 83 1
192 85 1
192 87 1
192 89 2
192 91 1
192 93 1
192 95 1
192 99 1
193 68 1
193 69 1
193 70 1
193 71 1
193 72 1
193 73 1
193 74 1
193 77 1
193 79 1
193 81 1
193 83 1
193 85 1
193 87 1
193 95 1
193 99 1
194 68 1
194 69 1
194 70 1
194 71 1
194 72 1
194 73 1
194 74 1
194 77 1
194 79 1
194 81 1
194 83 1
194 85 1
194 87 1
194 95 1
194 99 1
195 68 1
195 69 1
195 70 1
195 71 1
195 72 1
195 73 1
195 74 1
195 77 1
195 79 1
195 81 1
195 83 1
195 85 1
195 87 1
195 91 1
195 93 1
195 95 1
195 99 1
196 68 1
196 69 1
196 70 1
196 71 1
196 72 1
196 73 1
196 74 1
196 77 1
196 79 1
196 81 1
196 83 1
196 85 1
196 87 1
196 91 1
196 93 1
196 95 1
196 99 1
197 68 1
197 69 1
197 70 1
197 71 1
197 72 1
197 73 1
197 74 1
197 77 1
197 79 1
197 81 1
197 83 1
197 85 1
197 87 1
197 91 1
197 93 1
197 95 1
197 99 1
198 68 1
198 69 1
198 70 1
198 71 1
198 72 1
198 73 1
198 74 1
198 77 1
198 79 1
198 81 1
198 83 1
198 85 1
198 87 1
198 91 1
198 93 1
198 95 1
198 99 1
199 68 1
199 69 1
199 70 1
199 71 1
199 72 1
199 73 1
199 74 1
199 77 1
199 79 1
199 81 1
199 83 1
199 87 1
199 88 1
199 89 1
199 90 1
199 91 1
199 93 1
199 95 1
199 99 1
200 68 1
200 69 1
200 70 1
200 71 1
200 72 1
200 73 1
200 74 1
200 77 1
200 79 1
200 81 1
200 83 1
200 95 1
200 99 1
201 68 1
201 69 1
201 70 1
201 71 1
201 72 1
201 73 1
201 77 1
201 79 1
201 81 1
201 83 1
201 85 1
201 86 1
201 87 1
201 88 1
201 89 1
201 90 1
201 91 1
201 92 1
201 95 1
201 99 1
202 68 1
202 69 1
202 70 1
202 71 1
202 72 1
202 77 1
202 79 1
202 81 1
202 83 1
202 95 1
202 99 1
203 68 1
203 69 1
203 70 1
203 71 1
203 72 1
203 77 1
203 78 1
203 79 1
203 81 1
203 83 1
203 84 1
203 85 1
203 86 1
203 87 1
203 88 1
203 89 1
203 90 1
203 91 1
203 94 1
203 95 1
203 99 1
204 68 1
204 69 1
204 70 1
204 71 1
204 81 1
204 99 1
205 68 1
205 69 1
205 70 1
205 71 1
205 72 1
205 81 1
205 82 1
205 83 1
205 84 1
205 85 1
205 86 1
205 87 1
205 88 1
205 89 1
205 90 1
205 91 1
205 92 1
205 93 1
205 94 1
205 95 1
205 96 1
205 97 1
205 98 1
205 99 1
206 68 1
206 69 1
206 70 1
206 71 1
206 72 1
207 68 1
207 69 1
207 70 1
207 71 1
207 72 1
207 73 1
208 68 1
208 69 1
208 70 1
208 71 1
208 72 1
208 73 1
208 74 1
209 68 1
209 69 1
209 70 1
209 71 1
209 72 1
209 73 1
209 74 1
210 68 1
210 69 1
210 70 1
210 71 1
210 72 1
210 73 1
210 74 1
210 78 2
211 68 1
211 69 1
211 70 1
211 71 1
212 70 1
212 71 1
214 81 1
215 81 1
216 81 1
217 81 1
218 81 1
219 81 1
220 81 1
221 81 1
222 81 1
223 81 1
224 81 1
225 81 1
226 81 1
227 81 1
228 81 1
229 81 1
230 81 1
231 81 1
232 81 1
233 81 1
234 81 1
235 81 1
236 81 1
237 81 1
238 81 1
239 81 1
240 81 1
241 81 1
242 81 1
243 81 1
244 81 1
245 81 1
246 81 1
247 81 1
248 81 1
249 81 1
250 81 1
251 81 1
252 81 1
253 81 1
254 81 1
255 81 1
256 81 1
257 81 1
258 81 1
259 81 1
260 81 1
261 81 1
262 81 1
263 81 1
264 81 1
265 81 1
266 81 1
267 81 1
268 81 1
269 81 1
270 81 1
271 81 1
272 81 1
273 81 1
274 81 1
275 81 1
276 81 1
277 81 1
278 81 1
279 81 1
280 81 1
281 81 1
282 81 1
283 81 1
284 81 1
285 81 1
286 81 1
287 81 1
288 81 1
289 81 1
290 81 1
291 81 1
292 81 1
293 81 1
294 81 1
295 81 1
296 81 1
297 81 1
298 81 1
299 81 1
300 81 1
301 81 1
302 81 1
303 81 1
304 81 1
305 81 1
306 81 1
307 81 1
308 81 1
309 81 1
310 81 1
311 81 1
312 81 1
313 81 1
314 81 1
315 81 1
316 81 1
317 81 1
318 81 1
319 81 1
320 81 1
321 81 1
322 81 1
323 81 1
324 81 1
325 81 1
326 81 1
327 81 1
328 81 1
329 81 1
330 81 1
331 81 1
332 81 1
333 81 1
334 81 1
335 81 1
336 81 1
337 81 1
::BONUS-> END
::COIN-> BEGIN
::COIN-> END
SPINY 168 85
GOOMBA 168 88
GOOMBA 169 94
GOOMBA 172 94
GOOMBA 173 88
SPINY 174 85
GOOMBA 174 88
GOOMBA 176 94
TURTLE 177 75
GOOMBA 178 88
SPINY 179 85
GOOMBA 179 88
GOOMBA 180 94
SPINY 181 85
GOOMBA 181 88
TURTLE 184 75
TURTLE 194 75
TURTLE 198 75
RESTART data/levels/17/main
START 0 7737 3562 4
EXIT 0 14069 3371 data/levels/18/main 0 1
START 1 0 0 0
EXIT 1 0 0 NONE 0 0
START 2 0 0 0
EXIT 2 0 0 NONE 0 0
START 3 0 0 0
EXIT 3 0 0 NONE 0 0
START 4 0 0 0
EXIT 4 0 0 NONE 0 0
BGCOLOR 2000030

BOWSER 338 77 15
MUSIC groove3.MID
BACKGROUND data/gfx/background/canyon.jpg
