# Level for Mega Mario

TEXTURE data/gfx/tiles/ground/stone0.png
TEXTURE data/gfx/tiles/ground/stone1.png
TEXTURE data/gfx/tiles/ground/stone2.png
TEXTURE data/gfx/tiles/ground/stone3.png
TEXTURE data/gfx/tiles/ground/stone4.png
TEXTURE data/gfx/tiles/ground/stone5.png
TEXTURE data/gfx/tiles/ground/stone6.png
TEXTURE data/gfx/tiles/ground/bricks.png
TEXTURE data/gfx/tiles/ground/bricks2.png
TEXTURE data/gfx/tiles/ground/snowy.png
TEXTURE data/gfx/tiles/ground/grass.png
TEXTURE data/gfx/tiles/ground/sand.png
TEXTURE data/gfx/tiles/ground/metal.png
TEXTURE data/gfx/tiles/cannonset1.png
TEXTURE data/gfx/tiles/cannonset2.png
TEXTURE data/gfx/tiles/pipes/up/1.png
TEXTURE data/gfx/tiles/pipes/up/2.png
TEXTURE data/gfx/tiles/pipes/up/3.png
TEXTURE data/gfx/tiles/pipes/up/4.png
TEXTURE data/gfx/tiles/pipes/down/1.png
TEXTURE data/gfx/tiles/pipes/down/2.png
TEXTURE data/gfx/tiles/pipes/down/3.png
TEXTURE data/gfx/tiles/pipes/down/4.png
TEXTURE data/gfx/tiles/pipes/right/1.png
TEXTURE data/gfx/tiles/pipes/right/2.png
TEXTURE data/gfx/tiles/pipes/right/3.png
TEXTURE data/gfx/tiles/pipes/right/4.png
TEXTURE data/gfx/tiles/pipes/left/1.png
TEXTURE data/gfx/tiles/pipes/left/2.png
TEXTURE data/gfx/tiles/pipes/left/3.png
TEXTURE data/gfx/tiles/pipes/left/4.png
::TILES-> BEGIN
1 99 11
2 99 11
3 99 11
4 99 11
5 99 11
6 99 11
7 99 11
8 99 11
9 99 11
10 99 11
11 99 11
12 99 11
13 99 11
14 99 11
15 98 5
15 99 11
16 97 5
16 98 5
16 99 11
17 96 5
17 97 5
17 98 5
17 99 11
18 95 5
18 96 5
18 97 5
18 98 5
18 99 11
19 94 5
19 95 5
19 96 5
19 97 5
19 98 5
19 99 11
20 93 5
20 94 5
20 95 5
20 96 5
20 97 5
20 98 5
20 99 11
21 92 5
21 93 5
21 94 5
21 95 5
21 96 5
21 97 5
21 98 5
21 99 11
22 91 5
22 92 5
22 93 5
22 94 5
22 95 5
22 96 5
22 97 5
22 98 5
22 99 11
23 90 5
23 91 5
23 92 5
23 93 5
23 94 5
23 95 5
23 96 5
23 97 5
23 98 5
23 99 11
24 90 5
24 91 5
24 92 5
24 93 5
24 94 5
24 95 5
24 96 5
24 97 5
24 98 5
24 99 11
25 90 5
25 91 5
25 92 5
25 93 5
25 94 5
25 95 5
25 96 5
25 97 5
25 98 5
25 99 11
26 90 5
26 91 5
26 92 5
26 93 5
26 94 5
26 95 5
26 96 5
26 97 5
26 98 5
26 99 11
27 99 11
28 99 11
29 99 11
30 99 11
31 99 11
32 99 11
33 99 11
34 99 11
35 99 11
36 99 11
37 99 11
38 99 11
39 99 11
40 86 5
40 87 5
40 88 5
40 89 5
40 90 5
40 91 5
40 92 5
40 93 5
40 94 5
40 95 5
40 99 11
41 86 5
41 99 11
42 86 5
42 99 11
43 86 5
43 99 11
44 86 5
44 99 11
45 86 5
45 99 11
46 86 5
46 98 5
46 99 11
47 86 5
48 86 5
49 73 5
49 74 5
49 75 5
49 76 5
49 77 5
49 78 5
49 79 5
49 80 5
49 81 5
49 82 5
49 83 5
49 84 5
49 85 5
49 86 5
51 98 5
51 99 11
52 99 11
53 99 11
54 99 11
55 99 11
56 99 11
57 99 11
58 99 11
59 99 11
60 99 11
61 99 11
62 99 11
63 99 11
64 99 11
65 99 11
66 99 11
67 99 11
68 99 11
69 99 11
70 99 11
71 99 11
72 99 11
73 88 5
73 89 5
73 99 11
74 99 11
75 99 11
76 99 11
77 99 11
78 99 11
79 99 11
80 88 5
80 89 5
80 99 11
81 99 11
82 99 11
83 99 11
84 99 11
85 99 11
86 98 5
86 99 11
87 97 5
87 98 5
87 99 11
88 96 5
88 97 5
88 98 5
88 99 11
89 95 5
89 96 5
89 97 5
89 98 5
89 99 11
90 95 5
90 96 5
90 97 5
90 98 5
90 99 11
91 99 11
92 99 11
93 95 5
93 96 5
93 97 5
93 98 5
93 99 11
94 96 5
94 97 5
94 98 5
94 99 11
95 97 5
95 98 5
95 99 11
96 98 5
96 99 11
97 99 11
98 99 11
99 99 11
100 99 11
101 98 5
101 99 11
102 97 5
102 98 5
102 99 11
103 96 5
103 97 5
103 98 5
103 99 11
104 95 5
104 96 5
104 97 5
104 98 5
104 99 11
105 94 5
105 95 5
105 96 5
105 97 5
105 98 5
105 99 11
106 94 5
106 95 5
106 96 5
106 97 5
106 98 5
106 99 11
110 93 5
110 94 5
110 95 5
110 96 5
110 97 5
110 98 5
110 99 11
111 93 5
111 94 5
111 95 5
111 96 5
111 97 5
111 98 5
111 99 11
112 94 5
112 95 5
112 96 5
112 97 5
112 98 5
112 99 11
113 95 5
113 96 5
113 97 5
113 98 5
113 99 11
114 96 5
114 97 5
114 98 5
114 99 11
115 97 5
115 98 5
115 99 11
116 98 5
116 99 11
117 99 11
118 99 11
119 99 11
120 99 11
121 99 11
122 99 11
123 99 11
124 99 11
125 99 11
126 99 11
127 99 11
128 99 11
129 99 11
130 99 11
131 99 11
132 99 11
133 98 5
133 99 11
134 99 11
135 99 11
136 94 5
136 99 11
137 94 5
137 99 11
138 94 5
138 99 11
139 94 5
139 99 11
140 94 5
140 99 11
141 94 5
141 99 11
142 99 11
143 99 11
144 99 11
145 99 11
146 99 11
147 94 5
147 99 11
148 94 5
148 99 11
149 94 5
149 99 11
150 94 5
150 99 11
151 94 5
151 99 11
152 94 5
152 99 11
153 94 5
153 99 11
154 98 5
154 99 11
155 99 11
156 99 11
157 99 11
158 99 11
159 99 11
160 99 11
161 99 11
162 99 11
163 99 11
164 99 11
165 99 11
166 99 11
167 99 11
168 99 11
169 99 11
170 99 11
171 99 11
172 99 1
173 98 1
173 99 1
174 97 1
174 98 1
174 99 1
175 97 1
175 98 1
175 99 1
176 95 28
176 96 29
176 97 1
176 98 1
176 99 1
177 95 30
177 96 31
177 97 1
177 98 1
177 99 1
178 94 1
178 95 1
178 96 1
178 97 1
178 98 1
178 99 1
179 93 1
179 94 1
179 95 1
179 96 1
179 97 1
179 98 1
179 99 1
180 92 1
180 93 1
180 94 1
180 95 1
180 96 1
180 97 1
180 98 1
180 99 1
181 91 1
181 92 1
181 93 1
181 94 1
181 95 1
181 96 1
181 97 1
181 98 1
181 99 1
182 90 1
182 91 1
182 92 1
182 93 1
182 94 1
182 95 1
182 96 1
182 97 1
182 98 1
182 99 1
183 90 1
183 91 1
183 92 1
183 93 1
183 94 1
183 95 1
183 96 1
183 97 1
183 98 1
183 99 1
184 90 1
184 91 1
184 92 1
184 93 1
184 94 1
184 95 1
184 96 1
184 97 1
184 98 1
184 99 1
185 90 1
185 91 1
185 92 1
185 93 1
185 94 1
185 95 1
185 96 1
185 97 1
185 98 1
185 99 1
186 90 1
186 91 1
186 92 1
186 93 1
186 94 1
186 95 1
186 96 1
186 97 1
186 98 1
186 99 1
187 90 1
187 91 1
187 92 1
187 93 1
187 94 1
187 95 1
187 96 1
187 97 1
187 98 1
187 99 1
188 90 1
188 91 1
188 92 1
188 93 1
188 94 1
188 95 1
188 96 1
188 97 1
188 98 1
188 99 1
189 68 1
189 69 1
189 70 1
189 71 1
189 72 1
189 73 1
189 74 1
189 75 1
189 76 1
189 77 1
189 78 1
189 79 1
189 80 1
189 81 1
189 82 1
189 83 1
189 84 1
189 85 1
189 86 1
189 87 1
189 88 1
189 89 1
189 90 1
189 91 1
189 92 1
189 93 1
189 94 1
189 95 1
189 96 1
189 97 1
189 98 1
189 99 1
190 89 1
190 90 1
190 91 1
190 92 1
190 93 1
190 94 1
190 95 1
190 96 1
190 97 1
190 98 1
190 99 1
191 88 1
191 89 1
191 90 1
191 91 1
191 92 1
191 93 1
191 94 1
191 95 1
191 96 1
191 97 1
191 98 1
191 99 1
192 87 1
192 88 1
192 89 1
192 90 1
192 91 1
192 92 1
192 93 1
192 94 1
192 95 1
192 96 1
192 97 1
192 98 1
192 99 1
193 86 1
193 87 1
193 88 1
193 89 1
193 90 1
193 91 1
193 92 1
193 93 1
193 94 1
193 95 1
193 96 1
193 97 1
193 98 1
193 99 1
194 85 1
194 86 1
194 87 1
194 88 1
194 89 1
194 90 1
194 91 1
194 92 1
194 93 1
194 94 1
194 95 1
194 96 1
194 97 1
194 98 1
194 99 1
195 84 1
195 85 1
195 86 1
195 87 1
195 88 1
195 89 1
195 90 1
195 91 1
195 92 1
195 93 1
195 94 1
195 95 1
195 96 1
195 97 1
195 98 1
195 99 1
196 83 1
196 84 1
196 85 1
196 86 1
196 87 1
196 88 1
196 89 1
196 90 1
196 91 1
196 92 1
196 93 1
196 94 1
196 95 1
196 96 1
196 97 1
196 98 1
196 99 1
197 82 1
197 83 1
197 84 1
197 85 1
197 86 1
197 87 1
197 88 1
197 89 1
197 90 1
197 91 1
197 92 1
197 93 1
197 94 1
197 95 1
197 96 1
197 97 1
197 98 1
197 99 1
198 81 1
198 82 1
198 83 1
198 84 1
198 85 1
198 86 1
198 87 1
198 88 1
198 89 1
198 90 1
198 91 1
198 92 1
198 93 1
198 94 1
198 95 1
198 96 1
198 97 1
198 98 1
198 99 1
199 99 11
200 99 11
201 99 11
202 99 11
203 99 11
204 99 11
205 99 11
206 99 11
207 99 11
208 99 11
209 99 11
210 99 11
211 99 11
212 99 11
213 99 11
214 99 11
215 99 11
216 99 11
217 99 11
218 99 11
219 99 11
220 99 11
221 99 11
222 99 11
223 99 11
224 99 11
225 99 11
226 99 11
227 99 11
228 99 11
229 99 11
230 99 11
231 99 11
232 99 11
233 99 11
234 99 11
235 99 11
236 99 11
237 99 11
238 99 11
239 99 11
240 99 11
241 99 11
242 99 11
243 99 11
244 99 11
245 99 11
246 99 11
247 99 11
::TILES-> END
::BONUS-> BEGIN
26 86 2
26 90 1
27 90 1
27 96 1
28 90 1
28 96 1
29 90 1
29 96 1
30 90 1
30 93 1
30 96 1
31 90 1
31 93 1
31 96 1
32 90 1
32 93 1
32 96 1
33 90 1
33 93 1
33 96 1
34 90 1
34 93 1
34 96 1
35 90 1
35 93 1
35 96 1
36 90 1
36 93 1
36 96 1
37 90 1
37 93 1
37 96 1
38 93 1
39 93 1
40 93 1
48 83 15
57 95 1
58 95 16
59 95 16
60 95 1
61 95 16
62 95 16
63 95 1
64 95 16
65 95 2
66 95 1
67 95 16
68 95 16
69 95 1
74 89 16
74 92 1
75 89 16
75 92 1
76 89 4
76 92 1
77 89 16
77 92 1
78 89 16
78 92 1
79 89 16
79 92 1
142 94 2
190 84 3
::BONUS-> END
::COIN-> BEGIN
2 90
2 91
2 92
2 93
3 89
3 94
4 89
4 92
4 94
5 89
5 92
5 94
6 92
6 93
8 90
8 91
8 92
8 93
9 89
9 94
10 89
10 94
11 90
11 91
11 92
11 93
14 89
14 90
14 91
14 92
14 94
40 82
40 83
41 82
41 83
42 82
42 83
43 82
43 83
44 82
44 83
45 82
45 83
46 82
46 83
46 95
47 82
47 83
47 94
48 82
48 83
48 93
49 93
50 94
51 95
::COIN-> END
GOOMBA 24 89
GOOMBA 26 89
GOOMBA 38 92
TURTLE 57 97
GOOMBA 121 98
GOOMBA 123 98
GOOMBA 125 98
GOOMBA 127 98
TURTLE 136 97
GOOMBA 140 98
GOOMBA 141 98
GOOMBA 142 98
GOOMBA 143 98
GOOMBA 144 98
GOOMBA 145 98
GOOMBA 146 98
GOOMBA 147 98
GOOMBA 148 98
RESTART data/levels/3/main
START 0 196 3850 0
EXIT 0 7029 3832 data/levels/3_2/main 0 1
START 1 0 0 0
EXIT 1 0 0 NONE 0 0
START 2 0 0 0
EXIT 2 0 0 NONE 0 0
START 3 0 0 0
EXIT 3 0 0 NONE 0 0
START 4 0 0 0
EXIT 4 0 0 NONE 0 0
BGCOLOR 2000030

#If you want Background music:
MUSIC megamusic.mid

#if you want a big static background:
#BACKGROUND data/gfx/background/VH.jpg
