# Level for Mega Mario

TEXTURE data/gfx/menu/story.png
TEXTURE data/gfx/tiles/ground/stone6.png
TEXTURE data/gfx/tiles/pipes/up/1.png
TEXTURE data/gfx/tiles/pipes/up/2.png
::TILES-> BEGIN
24 43 2
24 56 2
25 33 2
25 34 2
25 35 2
25 36 2
25 37 2
25 38 2
25 39 2
25 40 2
25 41 2
25 42 2
25 43 2
25 44 2
25 45 2
25 46 2
25 47 2
25 48 2
25 49 2
25 50 2
25 51 2
25 52 2
25 53 2
25 54 2
25 55 2
25 56 2
25 57 2
26 39 2
26 40 2
26 41 2
26 42 2
26 43 2
26 44 2
26 45 2
26 46 2
26 47 2
26 48 2
26 49 2
26 50 2
26 51 2
26 52 2
26 53 2
26 54 2
26 55 2
26 56 2
26 57 2
27 39 2
27 40 2
27 41 2
27 42 2
27 43 2
27 44 2
27 45 2
27 46 2
27 47 2
27 48 2
27 49 2
27 50 2
27 51 2
27 52 2
27 53 2
27 54 2
27 55 2
27 56 2
27 57 2
28 39 2
28 40 2
28 41 2
28 42 2
28 43 2
28 44 2
28 45 2
28 46 2
28 47 2
28 48 2
28 49 2
28 50 2
28 51 2
28 52 2
28 53 2
28 54 2
28 55 2
28 57 2
29 39 2
29 40 2
29 41 2
29 42 2
29 43 2
29 44 2
29 45 2
29 46 2
29 47 2
29 48 2
29 49 2
29 50 2
29 51 2
29 52 2
29 53 2
29 54 2
29 55 2
29 56 2
29 57 2
30 39 2
30 40 2
30 41 2
30 42 2
30 43 2
30 44 2
30 45 2
30 46 2
30 47 2
30 48 2
30 49 2
30 50 2
30 51 2
30 52 2
30 53 2
30 54 2
30 55 2
30 56 2
30 57 2
31 39 2
31 40 2
31 41 2
31 42 2
31 43 2
31 44 2
31 45 1
31 53 2
31 54 2
31 55 2
31 56 2
31 57 2
32 39 2
32 40 2
32 41 2
32 42 2
32 43 2
32 44 2
32 53 2
32 54 2
32 55 2
32 56 2
32 57 2
33 39 2
33 40 2
33 41 2
33 42 2
33 43 2
33 44 2
33 53 2
33 54 2
33 55 2
33 56 2
33 57 2
34 39 2
34 40 2
34 41 2
34 42 2
34 43 2
34 44 2
34 53 2
34 54 2
34 55 2
34 56 2
34 57 2
35 39 2
35 40 2
35 41 2
35 42 2
35 43 2
35 44 2
35 53 2
35 54 2
35 55 2
35 56 2
35 57 2
36 39 2
36 40 2
36 41 2
36 42 2
36 43 2
36 44 2
36 53 2
36 54 2
36 55 2
36 56 2
36 57 2
37 39 2
37 40 2
37 41 2
37 42 2
37 43 2
37 44 2
37 53 4
37 54 2
37 55 2
37 56 2
37 57 2
38 39 2
38 40 2
38 41 2
38 42 2
38 43 2
38 44 2
38 53 3
38 54 2
38 55 2
38 56 2
38 57 2
39 39 2
39 40 2
39 41 2
39 42 2
39 43 2
39 44 2
39 53 2
39 54 2
39 55 2
39 56 2
39 57 2
40 39 2
40 40 2
40 41 2
40 42 2
40 43 2
40 44 2
40 53 2
40 54 2
40 55 2
40 56 2
40 57 2
41 39 2
41 40 2
41 41 2
41 42 2
41 43 2
41 44 2
41 53 2
41 54 2
41 55 2
41 56 2
41 57 2
42 39 2
42 40 2
42 41 2
42 42 2
42 43 2
42 44 2
42 53 2
42 54 2
42 55 2
42 56 2
42 57 2
43 39 2
43 40 2
43 41 2
43 42 2
43 43 2
43 44 2
43 53 2
43 54 2
43 55 2
43 56 2
43 57 2
44 39 2
44 40 2
44 41 2
44 42 2
44 43 2
44 44 2
44 45 2
44 46 2
44 47 2
44 48 2
44 49 2
44 50 2
44 51 2
44 52 2
44 53 2
44 54 2
44 55 2
44 56 2
44 57 2
45 39 2
45 40 2
45 41 2
45 42 2
45 43 2
45 44 2
45 45 2
45 46 2
45 47 2
45 48 2
45 49 2
45 50 2
45 51 2
45 52 2
45 53 2
45 54 2
45 55 2
45 56 2
45 57 2
45 58 2
46 39 2
46 40 2
46 41 2
46 42 2
46 43 2
46 44 2
46 45 2
46 46 2
46 47 2
46 48 2
46 49 2
46 50 2
46 51 2
46 52 2
46 53 2
46 54 2
46 55 2
46 56 2
46 57 2
47 39 2
47 40 2
47 41 2
47 42 2
47 43 2
47 44 2
47 45 2
47 46 2
47 47 2
47 48 2
47 49 2
47 50 2
47 51 2
47 52 2
47 53 2
47 54 2
47 55 2
47 56 2
47 57 2
47 58 2
47 59 2
48 39 2
48 40 2
48 41 2
48 42 2
48 43 2
48 44 2
48 45 2
48 46 2
48 47 2
48 48 2
48 49 2
48 50 2
48 51 2
48 52 2
48 53 2
48 54 2
48 55 2
48 56 2
48 57 2
48 58 2
49 39 2
49 40 2
49 41 2
50 39 2
50 40 2
50 41 2
51 39 2
51 40 2
52 39 2
::TILES-> END
::BONUS-> BEGIN
31 47 15
41 45 15
41 46 15
41 47 15
41 48 15
41 49 15
41 50 15
41 51 15
41 52 15
::BONUS-> END
::COIN-> BEGIN
::COIN-> END
RESTART data/levels/2/text
START 0 1432 2040 0
EXIT 0 1510 2103 data/levels/3/main 0 0
START 1 0 0 0
EXIT 1 0 0 NONE 0 0
START 2 0 0 0
EXIT 2 0 0 NONE 0 0
START 3 0 0 0
EXIT 3 0 0 NONE 0 0
START 4 0 0 0
EXIT 4 0 0 NONE 0 0
BGCOLOR 0

#If you want Background music:
MUSIC toadshouse.mid

#if you want a big static background:
#BACKGROUND data/gfx/background/VH.jpg
