# Level for Mega Mario

TEXTURE data/gfx/tiles/ground/stone0.png
TEXTURE data/gfx/tiles/ground/stone1.png
TEXTURE data/gfx/tiles/ground/stone2.png
TEXTURE data/gfx/tiles/ground/stone3.png
TEXTURE data/gfx/tiles/ground/stone4.png
TEXTURE data/gfx/tiles/ground/stone5.png
TEXTURE data/gfx/tiles/ground/stone6.png
TEXTURE data/gfx/tiles/ground/bricks.png
TEXTURE data/gfx/tiles/ground/bricks2.png
TEXTURE data/gfx/tiles/ground/snowy.png
TEXTURE data/gfx/tiles/ground/grass.png
TEXTURE data/gfx/tiles/ground/sand.png
TEXTURE data/gfx/tiles/ground/metal.png
TEXTURE data/gfx/tiles/cannonset1.png
TEXTURE data/gfx/tiles/cannonset2.png
TEXTURE data/gfx/tiles/pipes/up/1.png
TEXTURE data/gfx/tiles/pipes/up/2.png
TEXTURE data/gfx/tiles/pipes/up/3.png
TEXTURE data/gfx/tiles/pipes/up/4.png
TEXTURE data/gfx/tiles/pipes/down/1.png
TEXTURE data/gfx/tiles/pipes/down/2.png
TEXTURE data/gfx/tiles/pipes/down/3.png
TEXTURE data/gfx/tiles/pipes/down/4.png
TEXTURE data/gfx/tiles/pipes/right/1.png
TEXTURE data/gfx/tiles/pipes/right/2.png
TEXTURE data/gfx/tiles/pipes/right/3.png
TEXTURE data/gfx/tiles/pipes/right/4.png
TEXTURE data/gfx/tiles/pipes/left/1.png
TEXTURE data/gfx/tiles/pipes/left/2.png
TEXTURE data/gfx/tiles/pipes/left/3.png
TEXTURE data/gfx/tiles/pipes/left/4.png
TEXTURE data/gfx/tiles/conveyorL.png
TEXTURE data/gfx/tiles/conveyorR.png
::TILES-> BEGIN
1 39 7
1 40 7
1 41 7
1 42 7
1 43 7
1 44 7
1 45 7
1 46 7
1 47 7
1 48 7
1 49 7
1 50 7
1 51 7
1 52 7
1 53 7
1 54 7
1 55 7
1 56 7
1 57 7
1 58 7
1 59 7
1 60 7
1 61 7
1 62 7
1 63 7
1 64 7
1 65 7
1 66 7
1 67 7
1 68 7
1 69 7
1 70 7
1 71 7
1 72 7
1 73 7
1 74 7
1 75 7
1 76 7
1 77 7
1 78 7
1 79 7
1 80 7
1 81 7
1 82 7
1 83 7
1 84 7
1 85 7
1 86 7
1 87 7
1 88 7
1 89 7
1 90 7
1 91 7
1 92 7
1 93 7
1 94 7
1 95 7
1 96 7
1 97 7
1 98 7
1 99 7
2 38 7
2 39 7
2 40 7
2 41 7
2 42 7
2 43 7
2 44 7
2 45 7
2 46 7
2 47 7
2 48 7
2 49 7
2 50 7
2 51 7
2 52 7
2 53 7
2 54 7
2 55 7
2 56 7
2 57 7
2 58 7
2 59 7
2 60 7
2 61 7
2 62 7
2 63 7
2 64 7
2 65 7
2 66 7
2 67 7
2 68 7
2 69 7
2 70 7
2 71 7
2 72 7
2 73 7
2 74 7
2 75 7
2 76 7
2 77 7
2 82 7
2 83 7
2 84 7
2 86 7
2 87 7
2 88 7
2 89 7
2 90 7
2 91 7
2 92 7
2 93 7
2 94 7
2 95 7
2 96 7
2 97 7
2 98 7
2 99 7
3 37 7
3 38 7
3 39 7
3 40 7
3 41 7
3 42 7
3 43 7
3 44 7
3 45 7
3 46 7
3 47 7
3 48 7
3 49 7
3 50 7
3 51 7
3 52 7
3 53 7
3 54 7
3 55 7
3 56 7
3 57 7
3 58 7
3 59 7
3 60 7
3 61 7
3 62 7
3 63 7
3 64 7
3 65 7
3 66 7
3 67 7
3 68 7
3 69 7
3 70 7
3 71 7
3 72 7
3 73 7
3 74 7
3 75 7
3 76 7
3 83 7
3 85 7
3 86 7
3 87 7
3 88 7
3 89 7
3 90 7
3 91 7
3 92 7
3 93 7
3 94 7
3 95 7
3 96 7
3 97 7
3 98 7
3 99 7
4 36 7
4 37 7
4 38 7
4 39 7
4 40 7
4 41 7
4 42 7
4 43 7
4 44 7
4 45 7
4 46 7
4 47 7
4 48 7
4 49 7
4 50 7
4 51 7
4 52 7
4 53 7
4 54 7
4 55 7
4 56 7
4 57 7
4 58 7
4 59 7
4 60 7
4 61 7
4 62 7
4 63 7
4 64 7
4 65 7
4 66 7
4 67 7
4 68 7
4 69 7
4 70 7
4 71 7
4 72 7
4 73 7
4 74 7
4 75 7
4 76 7
4 79 7
4 80 7
4 85 7
4 86 7
4 88 7
4 89 7
4 90 7
4 91 7
4 92 7
4 93 7
4 94 7
4 95 7
4 96 7
4 97 7
4 98 7
4 99 7
5 35 7
5 36 7
5 37 7
5 38 7
5 39 7
5 40 7
5 41 7
5 42 7
5 43 7
5 44 7
5 45 7
5 46 7
5 47 7
5 48 7
5 49 7
5 50 7
5 51 7
5 52 7
5 53 7
5 54 7
5 55 7
5 56 7
5 57 7
5 58 7
5 59 7
5 60 7
5 61 7
5 62 7
5 63 7
5 64 7
5 65 7
5 66 7
5 67 7
5 68 7
5 69 7
5 70 7
5 71 7
5 72 7
5 73 7
5 74 7
5 88 7
5 89 7
5 90 7
5 91 7
5 92 7
5 93 7
5 94 7
5 95 7
5 96 7
5 97 7
5 98 7
5 99 7
6 18 7
6 19 7
6 20 7
6 21 7
6 22 7
6 23 7
6 24 7
6 25 7
6 26 7
6 27 7
6 28 7
6 29 7
6 30 7
6 31 7
6 32 7
6 33 7
6 34 7
6 35 7
6 36 7
6 37 7
6 38 7
6 39 7
6 40 7
6 41 7
6 42 7
6 43 7
6 44 7
6 45 7
6 46 7
6 47 7
6 48 7
6 49 7
6 50 7
6 51 7
6 52 7
6 53 7
6 54 7
6 55 7
6 56 7
6 57 7
6 58 7
6 59 7
6 60 7
6 61 7
6 62 7
6 63 7
6 64 7
6 65 7
6 66 7
6 67 7
6 68 7
6 69 7
6 70 7
6 72 7
6 74 7
6 80 7
6 81 7
6 85 7
6 88 7
6 89 7
6 90 7
6 91 7
6 92 7
6 93 7
6 94 7
6 95 7
6 96 7
6 97 7
6 98 7
6 99 7
7 25 7
7 26 7
7 27 7
7 28 7
7 29 7
7 30 7
7 31 7
7 32 7
7 33 7
7 34 7
7 35 7
7 36 7
7 37 7
7 38 7
7 39 7
7 40 7
7 41 7
7 42 7
7 43 7
7 44 7
7 45 7
7 46 7
7 47 7
7 48 7
7 49 7
7 50 7
7 51 7
7 52 7
7 53 7
7 54 7
7 55 7
7 56 7
7 57 7
7 58 7
7 59 7
7 60 7
7 61 7
7 62 7
7 63 7
7 64 7
7 65 7
7 66 7
7 67 7
7 68 7
7 69 7
7 82 7
7 83 7
7 89 7
7 90 7
7 91 7
7 92 7
7 93 7
7 94 7
7 95 7
7 96 7
7 97 7
7 98 7
7 99 7
8 19 7
8 20 7
8 21 7
8 22 7
8 23 7
8 24 7
8 25 7
8 26 7
8 27 7
8 28 7
8 29 7
8 30 7
8 31 7
8 32 7
8 33 7
8 34 7
8 35 7
8 36 7
8 37 7
8 38 7
8 39 7
8 40 7
8 41 7
8 42 7
8 43 7
8 44 7
8 45 7
8 46 7
8 47 7
8 48 7
8 49 7
8 50 7
8 51 7
8 52 7
8 53 7
8 54 7
8 55 7
8 56 7
8 57 7
8 58 7
8 59 7
8 60 7
8 61 7
8 62 7
8 63 7
8 64 7
8 65 7
8 66 7
8 67 7
8 68 7
8 82 7
8 83 7
8 84 7
8 85 7
8 88 7
8 89 7
8 90 7
8 91 7
8 92 7
8 93 7
8 94 7
8 95 7
8 96 7
8 97 7
8 98 7
8 99 7
9 19 7
9 20 7
9 21 7
9 22 7
9 23 7
9 24 7
9 25 7
9 26 7
9 27 7
9 28 7
9 29 7
9 30 7
9 31 7
9 32 7
9 33 7
9 34 7
9 35 7
9 36 7
9 37 7
9 38 7
9 39 7
9 40 7
9 41 7
9 42 7
9 43 7
9 44 7
9 45 7
9 46 7
9 47 7
9 48 7
9 49 7
9 50 7
9 51 7
9 52 7
9 53 7
9 54 7
9 55 7
9 56 7
9 57 7
9 58 7
9 59 7
9 60 7
9 61 7
9 62 7
9 63 7
9 64 7
9 65 7
9 66 7
9 67 7
9 68 7
9 82 7
9 83 7
9 84 7
9 85 7
9 86 7
9 87 7
9 88 7
9 89 7
9 90 7
9 91 7
9 92 7
9 93 7
9 94 7
9 95 7
9 96 7
9 97 7
9 98 7
9 99 7
10 19 7
10 20 7
10 21 7
10 22 7
10 23 7
10 24 7
10 25 7
10 26 7
10 27 7
10 28 7
10 29 7
10 30 7
10 31 7
10 32 7
10 33 7
10 34 7
10 35 7
10 36 7
10 37 7
10 38 7
10 39 7
10 40 7
10 41 7
10 42 7
10 43 7
10 44 7
10 45 7
10 46 7
10 47 7
10 48 7
10 49 7
10 50 7
10 51 7
10 52 7
10 53 7
10 54 7
10 55 7
10 56 7
10 57 7
10 58 7
10 59 7
10 60 7
10 61 7
10 62 7
10 63 7
10 64 7
10 65 7
10 66 7
10 67 7
10 68 7
10 69 7
10 82 7
10 83 7
10 84 7
10 85 7
10 86 7
10 87 7
10 88 7
10 89 7
10 90 7
10 91 7
10 92 7
10 93 7
10 94 7
10 95 7
10 96 7
10 97 7
10 98 7
10 99 7
11 19 7
11 20 7
11 21 7
11 22 7
11 23 7
11 24 7
11 25 7
11 26 7
11 27 7
11 28 7
11 29 7
11 30 7
11 31 7
11 32 7
11 33 7
11 34 7
11 35 7
11 36 7
11 37 7
11 38 7
11 39 7
11 40 7
11 41 7
11 42 7
11 43 7
11 44 7
11 45 7
11 46 7
11 47 7
11 48 7
11 49 7
11 50 7
11 51 7
11 52 7
11 53 7
11 54 7
11 55 7
11 56 7
11 57 7
11 58 7
11 59 7
11 60 7
11 61 7
11 62 7
11 63 7
11 64 7
11 65 7
11 66 7
11 67 7
11 68 7
11 69 7
11 77 7
11 82 7
11 83 7
11 84 7
11 85 7
11 86 7
11 87 7
11 88 7
11 89 7
11 90 7
11 91 7
11 92 7
11 93 7
11 94 7
11 95 7
11 96 7
11 97 7
11 98 7
11 99 7
12 19 7
12 20 7
12 21 7
12 22 7
12 23 7
12 24 7
12 25 7
12 26 7
12 27 7
12 28 7
12 29 7
12 30 7
12 31 7
12 32 7
12 33 7
12 34 7
12 35 7
12 36 7
12 37 7
12 38 7
12 39 7
12 40 7
12 41 7
12 42 7
12 43 7
12 44 7
12 45 7
12 46 7
12 47 7
12 48 7
12 49 7
12 50 7
12 51 7
12 52 7
12 53 7
12 54 7
12 55 7
12 56 7
12 57 7
12 58 7
12 59 7
12 60 7
12 61 7
12 62 7
12 63 7
12 64 7
12 65 7
12 66 7
12 67 7
12 68 7
12 69 7
12 70 7
12 74 7
12 75 7
12 76 7
12 77 7
12 82 7
12 83 7
12 84 7
12 85 7
12 86 7
12 87 7
12 88 7
12 89 7
12 90 7
12 91 7
12 92 7
12 93 7
12 94 7
12 95 7
12 96 7
12 97 7
12 98 7
12 99 7
13 19 7
13 20 7
13 21 7
13 22 7
13 23 7
13 24 7
13 25 7
13 26 7
13 27 7
13 28 7
13 29 7
13 30 7
13 31 7
13 32 7
13 33 7
13 34 7
13 35 7
13 36 7
13 37 7
13 38 7
13 39 7
13 40 7
13 41 7
13 42 7
13 43 7
13 44 7
13 45 7
13 46 7
13 47 7
13 48 7
13 49 7
13 50 7
13 51 7
13 52 7
13 53 7
13 54 7
13 55 7
13 56 7
13 57 7
13 58 7
13 59 7
13 60 7
13 61 7
13 62 7
13 63 7
13 64 7
13 65 7
13 66 7
13 67 7
13 68 7
13 69 7
13 74 7
13 75 7
13 76 7
13 77 7
13 78 7
13 79 7
13 82 7
13 83 7
13 84 7
13 85 7
13 86 7
13 87 7
13 88 7
13 89 7
13 90 7
13 91 7
13 92 7
13 93 7
13 94 7
13 95 7
13 96 7
13 97 7
13 98 7
13 99 7
14 19 7
14 20 7
14 21 7
14 22 7
14 23 7
14 24 7
14 25 7
14 26 7
14 27 7
14 28 7
14 29 7
14 30 7
14 31 7
14 32 7
14 33 7
14 34 7
14 35 7
14 36 7
14 37 7
14 38 7
14 39 7
14 40 7
14 41 7
14 42 7
14 43 7
14 44 7
14 45 7
14 46 7
14 47 7
14 48 7
14 49 7
14 50 7
14 51 7
14 52 7
14 53 7
14 54 7
14 55 7
14 56 7
14 57 7
14 58 7
14 59 7
14 60 7
14 61 7
14 62 7
14 63 7
14 64 7
14 65 7
14 66 7
14 73 7
14 74 7
14 75 7
14 76 7
14 77 7
14 78 7
14 79 7
14 82 7
14 83 7
14 84 7
14 85 7
14 86 7
14 87 7
14 88 7
14 89 7
14 90 7
14 91 7
14 92 7
14 93 7
14 94 7
14 95 7
14 96 7
14 97 7
14 98 7
14 99 7
15 19 7
15 20 7
15 21 7
15 22 7
15 23 7
15 24 7
15 25 7
15 26 7
15 27 7
15 28 7
15 29 7
15 30 7
15 31 7
15 32 7
15 33 7
15 34 7
15 35 7
15 36 7
15 37 7
15 38 7
15 39 7
15 40 7
15 41 7
15 42 7
15 43 7
15 44 7
15 45 7
15 46 7
15 47 7
15 48 7
15 49 7
15 50 7
15 51 7
15 52 7
15 53 7
15 54 7
15 55 7
15 56 7
15 57 7
15 58 7
15 59 7
15 60 7
15 61 7
15 62 7
15 63 7
15 64 7
15 65 7
15 72 7
15 73 7
15 74 7
15 75 7
15 76 7
15 77 7
15 78 7
15 79 7
15 82 7
15 83 7
15 84 7
15 85 7
15 86 7
15 87 7
15 88 7
15 89 7
15 90 7
15 91 7
15 92 7
15 93 7
15 94 7
15 95 7
15 96 7
15 97 7
15 98 7
15 99 7
16 19 7
16 20 7
16 21 7
16 22 7
16 23 7
16 24 7
16 25 7
16 26 7
16 27 7
16 28 7
16 29 7
16 30 7
16 31 7
16 32 7
16 33 7
16 34 7
16 35 7
16 36 7
16 37 7
16 38 7
16 39 7
16 40 7
16 41 7
16 42 7
16 43 7
16 44 7
16 45 7
16 46 7
16 47 7
16 48 7
16 49 7
16 50 7
16 51 7
16 52 7
16 53 7
16 54 7
16 55 7
16 56 7
16 57 7
16 58 7
16 59 7
16 60 7
16 61 7
16 62 7
16 63 7
16 64 7
16 65 7
16 69 7
16 71 7
16 72 7
16 73 7
16 74 7
16 75 7
16 76 7
16 77 7
16 78 7
16 82 7
16 83 7
16 84 7
16 85 7
16 89 7
16 90 7
16 92 7
16 94 7
16 96 7
16 97 7
16 98 7
16 99 7
17 19 7
17 20 7
17 21 7
17 22 7
17 23 7
17 24 7
17 25 7
17 26 7
17 27 7
17 28 7
17 29 7
17 30 7
17 31 7
17 32 7
17 33 7
17 34 7
17 35 7
17 36 7
17 37 7
17 38 7
17 44 7
17 52 7
17 53 7
17 54 7
17 55 7
17 56 7
17 57 7
17 58 7
17 59 7
17 60 7
17 61 7
17 62 7
17 63 7
17 69 7
17 72 7
17 73 7
17 74 7
17 75 7
17 76 7
17 83 7
17 84 13
17 98 7
17 99 7
18 19 7
18 20 7
18 21 7
18 22 7
18 23 7
18 24 7
18 25 7
18 26 7
18 27 7
18 28 7
18 29 7
18 30 7
18 31 7
18 32 7
18 33 7
18 34 7
18 35 7
18 36 7
18 37 7
18 38 7
18 62 7
18 69 7
18 84 13
18 90 13
18 95 7
18 96 7
18 99 7
19 19 7
19 20 7
19 21 7
19 22 7
19 23 7
19 24 7
19 25 7
19 26 7
19 27 7
19 28 7
19 29 7
19 30 7
19 31 7
19 32 7
19 33 7
19 34 7
19 35 7
19 36 7
19 37 7
19 38 7
19 99 7
20 19 7
20 20 7
20 21 7
20 22 7
20 23 7
20 24 7
20 25 7
20 26 7
20 27 7
20 28 7
20 29 7
20 30 7
20 31 7
20 32 7
20 33 7
20 34 7
20 35 7
20 36 7
20 37 7
20 38 7
20 87 13
20 98 7
20 99 7
21 19 7
21 20 7
21 21 7
21 22 7
21 23 7
21 24 7
21 25 7
21 26 7
21 27 7
21 28 7
21 29 7
21 30 7
21 31 7
21 32 7
21 33 7
21 34 7
21 35 7
21 36 7
21 37 7
21 38 7
21 87 13
21 99 7
22 19 7
22 20 7
22 21 7
22 22 7
22 23 7
22 24 7
22 25 7
22 26 7
22 27 7
22 28 7
22 29 7
22 30 7
22 31 7
22 32 7
22 33 7
22 34 7
22 35 7
22 36 7
22 37 7
22 38 7
22 96 7
22 97 7
22 98 7
22 99 7
23 19 7
23 20 7
23 21 7
23 22 7
23 23 7
23 24 7
23 25 7
23 26 7
23 27 7
23 28 7
23 29 7
23 30 7
23 31 7
23 32 7
23 33 7
23 34 7
23 35 7
23 36 7
23 37 7
23 38 7
23 96 7
23 97 7
23 98 7
23 99 7
24 19 7
24 20 7
24 21 7
24 22 7
24 23 7
24 24 7
24 25 7
24 26 7
24 27 7
24 28 7
24 29 7
24 30 7
24 31 7
24 32 7
24 33 7
24 34 7
24 35 7
24 36 7
24 37 7
24 38 7
24 98 7
24 99 7
25 19 7
25 20 7
25 21 7
25 22 7
25 23 7
25 24 7
25 25 7
25 26 7
25 27 7
25 28 7
25 29 7
25 30 7
25 31 7
25 32 7
25 33 7
25 34 7
25 35 7
25 36 7
25 37 7
25 38 7
25 97 7
25 98 7
25 99 7
26 19 7
26 20 7
26 21 7
26 22 7
26 23 7
26 24 7
26 25 7
26 26 7
26 27 7
26 28 7
26 29 7
26 30 7
26 31 7
26 32 7
26 33 7
26 34 7
26 35 7
26 36 7
26 37 7
26 38 7
26 63 7
26 98 7
26 99 7
27 19 7
27 20 7
27 21 7
27 22 7
27 23 7
27 24 7
27 25 7
27 26 7
27 27 7
27 28 7
27 29 7
27 30 7
27 31 7
27 32 7
27 33 7
27 34 7
27 35 7
27 36 7
27 37 7
27 38 7
27 63 7
27 98 7
27 99 7
28 19 7
28 20 7
28 21 7
28 22 7
28 23 7
28 24 7
28 25 7
28 26 7
28 27 7
28 28 7
28 29 7
28 30 7
28 31 7
28 32 7
28 33 7
28 34 7
28 35 7
28 36 7
28 37 7
28 38 7
28 66 7
28 97 7
28 98 7
28 99 7
29 19 7
29 20 7
29 21 7
29 22 7
29 23 7
29 24 7
29 25 7
29 26 7
29 27 7
29 28 7
29 29 7
29 30 7
29 31 7
29 32 7
29 33 7
29 34 7
29 35 7
29 36 7
29 37 7
29 38 7
29 51 7
29 52 7
29 66 7
29 97 7
29 98 7
29 99 7
30 19 7
30 20 7
30 21 7
30 22 7
30 23 7
30 24 7
30 25 7
30 26 7
30 27 7
30 28 7
30 29 7
30 30 7
30 31 7
30 32 7
30 33 7
30 34 7
30 35 7
30 36 7
30 37 7
30 38 7
30 50 7
30 51 7
30 98 7
30 99 7
31 19 7
31 20 7
31 21 7
31 22 7
31 23 7
31 24 7
31 25 7
31 26 7
31 27 7
31 28 7
31 29 7
31 30 7
31 31 7
31 32 7
31 33 7
31 34 7
31 35 7
31 36 7
31 37 7
31 38 7
31 49 7
31 50 7
31 51 7
31 62 7
31 97 7
31 98 7
31 99 7
32 19 7
32 20 7
32 21 7
32 22 7
32 23 7
32 24 7
32 25 7
32 26 7
32 27 7
32 28 7
32 29 7
32 30 7
32 31 7
32 32 7
32 33 7
32 34 7
32 35 7
32 36 7
32 37 7
32 38 7
32 39 7
32 44 7
32 48 7
32 49 7
32 50 7
32 51 7
32 52 7
32 58 7
32 59 7
32 62 7
32 63 7
32 68 7
32 69 7
32 72 7
32 73 7
32 74 7
32 75 7
32 76 7
32 77 7
32 97 7
32 98 7
32 99 7
33 19 7
33 20 7
33 21 7
33 22 7
33 23 7
33 24 7
33 25 7
33 26 7
33 27 7
33 28 7
33 29 7
33 30 7
33 31 7
33 32 7
33 33 7
33 34 7
33 35 7
33 36 7
33 37 7
33 38 7
33 39 7
33 44 7
33 45 7
33 46 7
33 48 7
33 49 7
33 50 7
33 51 7
33 52 7
33 53 7
33 55 7
33 56 7
33 57 7
33 58 7
33 59 7
33 62 7
33 63 7
33 64 7
33 65 7
33 68 7
33 71 7
33 72 7
33 73 7
33 74 7
33 75 7
33 76 7
33 77 7
33 82 7
33 83 7
33 88 7
33 89 7
33 96 7
33 97 7
33 98 7
33 99 7
34 19 7
34 20 7
34 21 7
34 22 7
34 23 7
34 24 7
34 25 7
34 26 7
34 27 7
34 28 7
34 29 7
34 30 7
34 31 7
34 32 7
34 33 7
34 34 7
34 35 7
34 36 7
34 37 7
34 38 7
34 39 7
34 40 7
34 44 7
34 45 7
34 46 7
34 48 7
34 49 7
34 50 7
34 51 7
34 52 7
34 53 7
34 54 7
34 55 7
34 56 7
34 57 7
34 58 7
34 62 7
34 63 7
34 64 7
34 65 7
34 66 7
34 69 7
34 70 7
34 71 7
34 72 7
34 73 7
34 74 7
34 75 7
34 76 7
34 77 7
34 82 7
34 83 7
34 84 7
34 85 7
34 86 7
34 88 7
34 89 7
34 94 7
34 95 7
34 96 7
34 97 7
34 98 7
34 99 7
35 19 7
35 20 7
35 21 7
35 22 7
35 23 7
35 24 7
35 25 7
35 26 7
35 27 7
35 28 7
35 29 7
35 30 7
35 31 7
35 32 7
35 33 7
35 34 7
35 35 7
35 36 7
35 37 7
35 38 7
35 39 7
35 40 7
35 44 7
35 45 7
35 46 7
35 49 7
35 50 7
35 51 7
35 52 7
35 53 7
35 54 7
35 55 7
35 56 7
35 57 7
35 58 7
35 62 7
35 63 7
35 64 7
35 65 7
35 66 7
35 67 7
35 68 7
35 69 7
35 70 7
35 71 7
35 72 7
35 73 7
35 74 7
35 75 7
35 76 7
35 77 7
35 82 7
35 83 7
35 84 7
35 85 7
35 86 7
35 88 7
35 89 7
35 90 7
35 93 7
35 94 7
35 95 7
35 96 7
35 97 7
35 98 7
35 99 7
36 19 7
36 20 7
36 21 7
36 22 7
36 23 7
36 24 7
36 25 7
36 26 7
36 27 7
36 28 7
36 29 7
36 30 7
36 31 7
36 32 7
36 33 7
36 34 7
36 35 7
36 36 7
36 37 7
36 38 7
36 39 7
36 40 7
36 45 7
36 46 7
36 50 7
36 51 7
36 52 7
36 53 7
36 54 7
36 55 7
36 56 7
36 57 7
36 58 7
36 59 7
36 62 7
36 63 7
36 64 7
36 65 7
36 66 7
36 67 7
36 68 7
36 69 7
36 70 7
36 71 7
36 72 7
36 73 7
36 74 7
36 75 7
36 76 7
36 82 7
36 83 7
36 84 7
36 85 7
36 86 7
36 88 7
36 89 7
36 90 7
36 94 7
36 95 7
36 96 7
36 97 7
36 98 7
36 99 7
37 19 7
37 20 7
37 21 7
37 22 7
37 23 7
37 24 7
37 25 7
37 26 7
37 27 7
37 28 7
37 29 7
37 30 7
37 31 7
37 32 7
37 33 7
37 34 7
37 35 7
37 36 7
37 37 7
37 38 7
37 39 7
37 40 7
37 41 7
37 45 7
37 46 7
37 50 7
37 51 7
37 52 7
37 53 7
37 54 7
37 55 7
37 62 7
37 63 7
37 64 7
37 65 7
37 66 7
37 67 7
37 68 7
37 69 7
37 70 7
37 71 7
37 72 7
37 73 7
37 74 7
37 75 7
37 76 7
37 82 7
37 83 7
37 84 7
37 85 7
37 86 7
37 87 7
37 88 7
37 89 7
37 93 7
37 94 7
37 95 7
37 96 7
37 97 7
37 98 7
37 99 7
38 19 7
38 20 7
38 21 7
38 22 7
38 23 7
38 24 7
38 25 7
38 26 7
38 27 7
38 28 7
38 29 7
38 30 7
38 31 7
38 32 7
38 33 7
38 34 7
38 35 7
38 36 7
38 37 7
38 38 7
38 39 7
38 40 7
38 41 7
38 46 7
38 59 7
38 60 7
38 61 7
38 62 7
38 63 7
38 64 7
38 65 7
38 66 7
38 67 7
38 68 7
38 69 7
38 70 7
38 71 7
38 72 7
38 73 7
38 74 7
38 75 7
38 76 7
38 82 7
38 83 7
38 84 7
38 85 7
38 86 7
38 87 7
38 88 7
38 89 7
38 92 7
38 93 7
38 94 7
38 95 7
38 96 7
38 97 7
38 98 7
38 99 7
39 19 7
39 20 7
39 21 7
39 22 7
39 23 7
39 24 7
39 25 7
39 26 7
39 27 7
39 28 7
39 29 7
39 30 7
39 31 7
39 32 7
39 33 7
39 34 7
39 35 7
39 36 7
39 37 7
39 38 7
39 39 7
39 40 7
39 41 7
39 42 7
39 46 7
39 47 7
39 48 7
39 49 7
39 50 7
39 51 7
39 52 7
39 53 7
39 54 7
39 55 7
39 56 7
39 57 7
39 58 7
39 59 7
39 60 7
39 61 7
39 62 7
39 63 7
39 64 7
39 65 7
39 66 7
39 67 7
39 68 7
39 69 7
39 70 7
39 71 7
39 72 7
39 73 7
39 74 7
39 75 7
39 76 7
39 82 7
39 83 7
39 84 7
39 85 7
39 86 7
39 87 7
39 88 7
39 89 7
39 92 7
39 93 7
39 94 7
39 95 7
39 96 7
39 97 7
39 98 7
39 99 7
40 19 7
40 20 7
40 21 7
40 22 7
40 23 7
40 24 7
40 25 7
40 26 7
40 27 7
40 28 7
40 29 7
40 30 7
40 31 7
40 32 7
40 33 7
40 34 7
40 35 7
40 36 7
40 37 7
40 38 7
40 39 7
40 40 7
40 41 7
40 42 7
40 43 7
40 46 7
40 47 7
40 48 7
40 49 7
40 50 7
40 51 7
40 52 7
40 53 7
40 54 7
40 55 7
40 56 7
40 57 7
40 58 7
40 59 7
40 60 7
40 61 7
40 62 7
40 63 7
40 64 7
40 65 7
40 66 7
40 67 7
40 68 7
40 69 7
40 70 7
40 71 7
40 72 7
40 73 7
40 74 7
40 75 7
40 76 7
40 82 7
40 83 7
40 84 7
40 85 7
40 86 7
40 87 7
40 88 7
40 89 7
40 92 7
40 93 7
40 94 7
40 95 7
40 96 7
40 97 7
40 98 7
40 99 7
41 19 7
41 20 7
41 21 7
41 22 7
41 23 7
41 24 7
41 25 7
41 26 7
41 27 7
41 28 7
41 29 7
41 30 7
41 31 7
41 32 7
41 33 7
41 34 7
41 35 7
41 36 7
41 37 7
41 38 7
41 39 7
41 40 7
41 41 7
41 42 7
41 43 7
41 46 7
41 47 7
41 48 7
41 49 7
41 50 7
41 51 7
41 52 7
41 53 7
41 54 7
41 55 7
41 56 7
41 57 7
41 58 7
41 59 7
41 60 7
41 61 7
41 62 7
41 63 7
41 64 7
41 65 7
41 66 7
41 67 7
41 68 7
41 69 7
41 70 7
41 71 7
41 72 7
41 73 7
41 74 7
41 75 7
41 76 7
41 82 7
41 83 7
41 84 7
41 85 7
41 86 7
41 87 7
41 88 7
41 89 7
41 92 7
41 93 7
41 94 7
41 95 7
41 96 7
41 97 7
41 98 7
41 99 7
42 19 7
42 20 7
42 21 7
42 22 7
42 23 7
42 24 7
42 25 7
42 26 7
42 27 7
42 28 7
42 29 7
42 30 7
42 31 7
42 32 7
42 33 7
42 34 7
42 35 7
42 36 7
42 37 7
42 38 7
42 39 7
42 40 7
42 41 7
42 42 7
42 43 7
42 47 7
42 48 7
42 49 7
42 50 7
42 51 7
42 52 7
42 53 7
42 54 7
42 55 7
42 56 7
42 57 7
42 58 7
42 59 7
42 60 7
42 61 7
42 62 7
42 63 7
42 64 7
42 65 7
42 66 7
42 67 7
42 68 7
42 69 7
42 70 7
42 71 7
42 72 7
42 73 7
42 74 7
42 75 7
42 76 7
42 82 7
42 83 7
42 84 7
42 85 7
42 86 7
42 87 7
42 89 7
42 92 7
42 93 7
42 94 7
42 95 7
42 96 7
42 97 7
42 98 7
42 99 7
43 19 7
43 20 7
43 21 7
43 22 7
43 23 7
43 24 7
43 25 7
43 26 7
43 27 7
43 28 7
43 29 7
43 30 7
43 31 7
43 32 7
43 33 7
43 34 7
43 35 7
43 36 7
43 37 7
43 38 7
43 39 7
43 40 7
43 41 7
43 42 7
43 43 7
43 48 7
43 49 7
43 50 7
43 51 7
43 52 7
43 53 7
43 54 7
43 55 7
43 56 7
43 57 7
43 58 7
43 59 7
43 60 7
43 61 7
43 62 7
43 63 7
43 64 7
43 65 7
43 66 7
43 67 7
43 68 7
43 69 7
43 70 7
43 71 7
43 72 7
43 73 7
43 74 7
43 75 7
43 76 7
43 82 7
43 83 7
43 84 7
43 85 7
43 86 7
43 87 7
43 89 7
43 92 7
43 93 7
43 94 7
43 95 7
43 96 7
43 97 7
43 98 7
43 99 7
44 19 7
44 20 7
44 21 7
44 22 7
44 23 7
44 24 7
44 25 7
44 26 7
44 27 7
44 28 7
44 29 7
44 30 7
44 31 7
44 32 7
44 33 7
44 34 7
44 35 7
44 36 7
44 37 7
44 38 7
44 39 7
44 40 7
44 41 7
44 42 7
44 43 7
44 44 7
44 48 7
44 49 7
44 50 7
44 51 7
44 52 7
44 53 7
44 54 7
44 55 7
44 56 7
44 57 7
44 58 7
44 59 7
44 60 7
44 61 7
44 62 7
44 63 7
44 64 7
44 65 7
44 66 7
44 67 7
44 68 7
44 69 7
44 70 7
44 71 7
44 72 7
44 73 7
44 74 7
44 75 7
44 76 7
44 82 7
44 83 7
44 84 7
44 85 7
44 86 7
44 87 7
44 93 7
44 94 7
44 95 7
44 96 7
44 97 7
44 98 7
44 99 7
45 19 7
45 20 7
45 21 7
45 22 7
45 23 7
45 24 7
45 25 7
45 26 7
45 27 7
45 28 7
45 29 7
45 30 7
45 31 7
45 32 7
45 33 7
45 34 7
45 35 7
45 36 7
45 37 7
45 38 7
45 39 7
45 40 7
45 41 7
45 42 7
45 43 7
45 44 7
45 48 7
45 49 7
45 50 7
45 51 7
45 52 7
45 53 7
45 54 7
45 55 7
45 56 7
45 57 7
45 58 7
45 59 7
45 60 7
45 61 7
45 62 7
45 63 7
45 64 7
45 65 7
45 66 7
45 67 7
45 68 7
45 69 7
45 70 7
45 71 7
45 72 7
45 73 7
45 74 7
45 75 7
45 76 7
45 82 7
45 83 7
45 84 7
45 85 7
45 86 7
45 87 7
45 89 7
45 93 7
45 94 7
45 95 7
45 96 7
45 97 7
45 98 7
45 99 7
46 19 7
46 20 7
46 21 7
46 22 7
46 23 7
46 24 7
46 25 7
46 26 7
46 27 7
46 28 7
46 29 7
46 30 7
46 31 7
46 32 7
46 33 7
46 34 7
46 35 7
46 36 7
46 37 7
46 38 7
46 39 7
46 40 7
46 41 7
46 42 7
46 43 7
46 44 7
46 45 7
46 49 7
46 50 7
46 51 7
46 52 7
46 53 7
46 54 7
46 55 7
46 56 7
46 57 7
46 58 7
46 59 7
46 60 7
46 61 7
46 62 7
46 63 7
46 64 7
46 65 7
46 66 7
46 67 7
46 68 7
46 69 7
46 70 7
46 71 7
46 72 7
46 73 7
46 74 7
46 75 7
46 76 7
46 82 7
46 83 7
46 84 7
46 85 7
46 86 7
46 87 7
46 88 7
46 92 7
46 93 7
46 94 7
46 95 7
46 96 7
46 97 7
46 98 7
46 99 7
47 19 7
47 20 7
47 21 7
47 22 7
47 23 7
47 24 7
47 25 7
47 26 7
47 27 7
47 28 7
47 29 7
47 30 7
47 31 7
47 32 7
47 33 7
47 34 7
47 35 7
47 36 7
47 37 7
47 38 7
47 39 7
47 40 7
47 41 7
47 42 7
47 43 7
47 44 7
47 45 7
47 49 7
47 50 7
47 51 7
47 52 7
47 53 7
47 54 7
47 55 7
47 56 7
47 57 7
47 58 7
47 59 7
47 60 7
47 61 7
47 62 7
47 63 7
47 64 7
47 65 7
47 66 7
47 67 7
47 68 7
47 69 7
47 70 7
47 71 7
47 72 7
47 73 7
47 74 7
47 75 7
47 76 7
47 82 7
47 83 7
47 84 7
47 85 7
47 86 7
47 87 7
47 88 7
47 92 7
47 93 7
47 94 7
47 95 7
47 96 7
47 97 7
47 98 7
47 99 7
48 19 7
48 20 7
48 21 7
48 22 7
48 23 7
48 24 7
48 25 7
48 26 7
48 27 7
48 28 7
48 29 7
48 30 7
48 31 7
48 32 7
48 33 7
48 34 7
48 35 7
48 36 7
48 37 7
48 38 7
48 39 7
48 40 7
48 41 7
48 42 7
48 43 7
48 44 7
48 45 7
48 46 7
48 49 7
48 50 7
48 51 7
48 52 7
48 53 7
48 54 7
48 55 7
48 56 7
48 57 7
48 58 7
48 59 7
48 60 7
48 61 7
48 62 7
48 63 7
48 64 7
48 65 7
48 66 7
48 67 7
48 68 7
48 69 7
48 70 7
48 71 7
48 72 7
48 73 7
48 74 7
48 75 7
48 76 7
48 82 7
48 83 7
48 84 7
48 85 7
48 86 7
48 87 7
48 88 7
48 89 7
48 93 7
48 94 7
48 95 7
48 96 7
48 97 7
48 98 7
48 99 7
49 19 7
49 20 7
49 21 7
49 22 7
49 23 7
49 24 7
49 25 7
49 26 7
49 27 7
49 28 7
49 29 7
49 30 7
49 31 7
49 32 7
49 33 7
49 34 7
49 35 7
49 36 7
49 37 7
49 38 7
49 39 7
49 40 7
49 41 7
49 42 7
49 43 7
49 44 7
49 45 7
49 46 7
49 50 7
49 51 7
49 52 7
49 53 7
49 54 7
49 55 7
49 56 7
49 57 7
49 58 7
49 59 7
49 60 7
49 61 7
49 62 7
49 63 7
49 64 7
49 65 7
49 66 7
49 67 7
49 68 7
49 69 7
49 70 7
49 71 7
49 72 7
49 73 7
49 74 7
49 75 7
49 76 7
49 82 7
49 83 7
49 84 7
49 85 7
49 86 7
49 87 7
49 88 7
49 94 7
49 95 7
49 96 7
49 97 7
49 98 7
49 99 7
50 28 7
50 29 7
50 30 7
50 31 7
50 32 7
50 33 7
50 34 7
50 35 7
50 36 7
50 37 7
50 38 7
50 39 7
50 40 7
50 41 7
50 42 7
50 43 7
50 44 7
50 45 7
50 46 7
50 47 7
50 50 7
50 51 7
50 52 7
50 53 7
50 54 7
50 55 7
50 56 7
50 57 7
50 58 7
50 59 7
50 60 7
50 61 7
50 62 7
50 63 7
50 64 7
50 65 7
50 66 7
50 67 7
50 68 7
50 69 7
50 70 7
50 71 7
50 72 7
50 73 7
50 74 7
50 75 7
50 76 7
50 82 7
50 83 7
50 84 7
50 85 7
50 86 7
50 87 7
50 88 7
50 94 7
50 95 7
50 96 7
50 97 7
50 98 7
50 99 7
51 28 7
51 29 7
51 30 7
51 31 7
51 32 7
51 33 7
51 34 7
51 35 7
51 36 7
51 37 7
51 38 7
51 39 7
51 40 7
51 41 7
51 42 7
51 43 7
51 44 7
51 45 7
51 46 7
51 47 7
51 50 7
51 51 7
51 52 7
51 53 7
51 54 7
51 55 7
51 56 7
51 57 7
51 58 7
51 59 7
51 60 7
51 61 7
51 62 7
51 63 7
51 64 7
51 65 7
51 66 7
51 67 7
51 68 7
51 69 7
51 70 7
51 71 7
51 72 7
51 73 7
51 74 7
51 75 7
51 76 7
51 82 7
51 83 7
51 84 7
51 85 7
51 86 7
51 87 7
51 88 7
51 89 7
51 92 7
51 94 7
51 95 7
51 96 7
51 97 7
51 98 7
51 99 7
52 28 7
52 29 7
52 30 7
52 31 7
52 32 7
52 33 7
52 34 7
52 35 7
52 36 7
52 37 7
52 38 7
52 39 7
52 40 7
52 41 7
52 42 7
52 43 7
52 44 7
52 47 7
52 50 7
52 51 7
52 52 7
52 53 7
52 54 7
52 55 7
52 56 7
52 57 7
52 58 7
52 59 7
52 60 7
52 61 7
52 62 7
52 63 7
52 64 7
52 65 7
52 66 7
52 67 7
52 68 7
52 69 7
52 70 7
52 71 7
52 72 7
52 73 7
52 74 7
52 75 7
52 76 7
52 82 7
52 83 7
52 84 7
52 85 7
52 86 7
52 87 7
52 88 7
52 89 7
52 96 7
52 97 7
52 98 7
52 99 7
53 28 7
53 29 7
53 30 7
53 31 7
53 32 7
53 33 7
53 34 7
53 35 7
53 36 7
53 37 7
53 38 7
53 39 7
53 40 7
53 41 7
53 42 7
53 43 7
53 44 7
53 50 7
53 51 7
53 52 7
53 53 7
53 54 7
53 55 7
53 56 7
53 57 7
53 58 7
53 59 7
53 60 7
53 61 7
53 62 7
53 63 7
53 64 7
53 65 7
53 66 7
53 67 7
53 68 7
53 69 7
53 70 7
53 71 7
53 72 7
53 73 7
53 74 7
53 75 7
53 76 7
53 82 7
53 83 7
53 84 7
53 85 7
53 86 7
53 87 7
53 88 7
53 93 7
53 94 7
53 95 7
53 96 7
53 97 7
53 98 7
53 99 7
54 28 7
54 29 7
54 30 7
54 31 7
54 32 7
54 33 7
54 34 7
54 35 7
54 36 7
54 37 7
54 38 7
54 39 7
54 40 7
54 41 7
54 42 7
54 43 7
54 44 7
54 47 7
54 50 7
54 51 7
54 52 7
54 53 7
54 54 7
54 55 7
54 56 7
54 57 7
54 58 7
54 59 7
54 60 7
54 61 7
54 62 7
54 63 7
54 64 7
54 65 7
54 66 7
54 67 7
54 68 7
54 69 7
54 70 7
54 71 7
54 72 7
54 73 7
54 74 7
54 75 7
54 76 7
54 82 7
54 83 7
54 84 7
54 85 7
54 86 7
54 87 7
54 93 7
54 94 7
54 95 7
54 96 7
54 97 7
54 98 7
54 99 7
55 28 7
55 29 7
55 30 7
55 31 7
55 32 7
55 33 7
55 34 7
55 35 7
55 36 7
55 37 7
55 38 7
55 39 7
55 40 7
55 41 7
55 42 7
55 43 7
55 44 7
55 45 7
55 47 7
55 50 7
55 51 7
55 52 7
55 53 7
55 54 7
55 55 7
55 56 7
55 57 7
55 58 7
55 59 7
55 60 7
55 61 7
55 62 7
55 63 7
55 64 7
55 65 7
55 66 7
55 67 7
55 68 7
55 69 7
55 70 7
55 71 7
55 72 7
55 73 7
55 74 7
55 75 7
55 76 7
55 82 7
55 83 7
55 84 7
55 85 7
55 86 7
55 87 7
55 88 7
55 89 7
55 95 7
55 96 7
55 97 7
55 98 7
55 99 7
56 28 7
56 29 7
56 30 7
56 31 7
56 32 7
56 33 7
56 34 7
56 35 7
56 36 7
56 37 7
56 38 7
56 39 7
56 40 7
56 41 7
56 42 7
56 43 7
56 44 7
56 45 7
56 51 7
56 52 7
56 53 7
56 54 7
56 55 7
56 56 7
56 57 7
56 58 7
56 59 7
56 60 7
56 61 7
56 62 7
56 63 7
56 64 7
56 65 7
56 66 7
56 67 7
56 68 7
56 69 7
56 70 7
56 71 7
56 72 7
56 73 7
56 74 7
56 75 7
56 76 7
56 82 7
56 83 7
56 84 7
56 85 7
56 86 7
56 87 7
56 88 7
56 95 7
56 96 7
56 97 7
56 98 7
56 99 7
57 28 7
57 29 7
57 30 7
57 31 7
57 32 7
57 33 7
57 34 7
57 35 7
57 36 7
57 37 7
57 38 7
57 39 7
57 40 7
57 41 7
57 42 7
57 43 7
57 44 7
57 45 7
57 52 7
57 53 7
57 54 7
57 55 7
57 56 7
57 57 7
57 58 7
57 59 7
57 60 7
57 61 7
57 62 7
57 63 7
57 64 7
57 65 7
57 66 7
57 67 7
57 68 7
57 69 7
57 70 7
57 71 7
57 72 7
57 73 7
57 74 7
57 75 7
57 76 7
57 82 7
57 83 7
57 84 7
57 85 7
57 86 7
57 87 7
57 88 7
57 91 7
57 95 7
57 96 7
57 97 7
57 98 7
57 99 7
58 28 7
58 29 7
58 30 7
58 31 7
58 32 7
58 33 7
58 34 7
58 35 7
58 36 7
58 37 7
58 38 7
58 39 7
58 40 7
58 41 7
58 42 7
58 43 7
58 44 7
58 45 7
58 46 7
58 47 7
58 48 7
58 52 7
58 53 7
58 54 7
58 55 7
58 56 7
58 57 7
58 58 7
58 59 7
58 60 7
58 61 7
58 62 7
58 63 7
58 64 7
58 65 7
58 66 7
58 67 7
58 68 7
58 69 7
58 70 7
58 71 7
58 72 7
58 73 7
58 74 7
58 75 7
58 76 7
58 82 7
58 83 7
58 84 7
58 85 7
58 86 7
58 87 7
58 88 7
58 95 7
58 96 7
58 97 7
58 98 7
58 99 7
59 28 7
59 29 7
59 30 7
59 31 7
59 32 7
59 33 7
59 34 7
59 35 7
59 36 7
59 37 7
59 38 7
59 39 7
59 40 7
59 41 7
59 42 7
59 43 7
59 44 7
59 45 7
59 46 7
59 47 7
59 48 7
59 49 7
59 52 17
59 53 7
59 54 7
59 55 7
59 56 7
59 57 7
59 58 7
59 59 7
59 60 7
59 61 7
59 62 7
59 63 7
59 64 7
59 65 7
59 66 7
59 67 7
59 68 7
59 69 7
59 70 7
59 71 7
59 72 7
59 73 7
59 74 7
59 75 7
59 76 7
59 82 7
59 83 7
59 84 7
59 85 7
59 86 7
59 87 7
59 88 7
59 94 7
59 95 7
59 96 7
59 97 7
59 98 7
59 99 7
60 28 7
60 29 7
60 30 7
60 31 7
60 32 7
60 33 7
60 34 7
60 35 7
60 36 7
60 37 7
60 38 7
60 39 7
60 40 7
60 41 7
60 42 7
60 43 7
60 44 7
60 45 7
60 46 7
60 47 7
60 48 7
60 49 7
60 52 16
60 53 7
60 54 7
60 55 7
60 56 7
60 57 7
60 58 7
60 59 7
60 60 7
60 61 7
60 62 7
60 63 7
60 64 7
60 65 7
60 66 7
60 67 7
60 68 7
60 69 7
60 70 7
60 71 7
60 72 7
60 73 7
60 74 7
60 75 7
60 76 7
60 82 7
60 83 7
60 84 7
60 85 7
60 86 7
60 87 7
60 88 7
60 89 7
60 90 7
60 95 7
60 96 7
60 97 7
60 98 7
60 99 7
61 28 7
61 29 7
61 30 7
61 31 7
61 32 7
61 33 7
61 34 7
61 35 7
61 36 7
61 37 7
61 38 7
61 39 7
61 40 7
61 41 7
61 42 7
61 43 7
61 44 7
61 45 7
61 46 7
61 47 7
61 48 7
61 49 7
61 50 7
61 51 7
61 52 7
61 53 7
61 54 7
61 55 7
61 56 7
61 57 7
61 58 7
61 59 7
61 60 7
61 61 7
61 62 7
61 63 7
61 64 7
61 65 7
61 66 7
61 67 7
61 68 7
61 69 7
61 70 7
61 71 7
61 72 7
61 73 7
61 74 7
61 75 7
61 76 7
61 82 7
61 83 7
61 84 7
61 85 7
61 86 7
61 87 7
61 88 7
61 89 7
61 90 7
61 95 7
61 96 7
61 97 7
61 98 7
61 99 7
62 28 7
62 29 7
62 30 7
62 31 7
62 32 7
62 33 7
62 34 7
62 35 7
62 36 7
62 37 7
62 38 7
62 39 7
62 40 7
62 41 7
62 42 7
62 43 7
62 44 7
62 45 7
62 46 7
62 47 7
62 48 7
62 49 7
62 50 7
62 51 7
62 52 7
62 53 7
62 54 7
62 55 7
62 56 7
62 57 7
62 58 7
62 59 7
62 60 7
62 61 7
62 62 7
62 63 7
62 64 7
62 65 7
62 66 7
62 67 7
62 68 7
62 69 7
62 70 7
62 71 7
62 72 7
62 73 7
62 74 7
62 75 7
62 76 7
62 82 7
62 83 7
62 84 7
62 85 7
62 86 7
62 87 7
62 88 7
62 89 7
62 90 7
62 91 7
62 92 7
62 95 7
62 96 7
62 97 7
62 98 7
62 99 7
63 28 7
63 29 7
63 30 7
63 31 7
63 32 7
63 33 7
63 34 7
63 35 7
63 36 7
63 37 7
63 38 7
63 39 7
63 40 7
63 41 7
63 42 7
63 43 7
63 44 7
63 45 7
63 46 7
63 47 7
63 48 7
63 49 7
63 50 7
63 51 7
63 52 7
63 53 7
63 54 7
63 55 7
63 56 7
63 57 7
63 58 7
63 59 7
63 60 7
63 61 7
63 62 7
63 63 7
63 64 7
63 65 7
63 66 7
63 67 7
63 68 7
63 69 7
63 70 7
63 71 7
63 72 7
63 73 7
63 74 7
63 75 7
63 76 7
63 82 7
63 83 7
63 84 7
63 85 7
63 86 7
63 87 7
63 88 7
63 89 7
63 90 7
63 91 7
63 92 7
63 95 7
63 96 7
63 97 7
63 98 7
63 99 7
64 28 7
64 29 7
64 30 7
64 31 7
64 32 7
64 33 7
64 34 7
64 35 7
64 36 7
64 37 7
64 38 7
64 39 7
64 40 7
64 41 7
64 42 7
64 43 7
64 44 7
64 45 7
64 46 7
64 47 7
64 48 7
64 49 7
64 50 7
64 51 7
64 52 7
64 53 7
64 54 7
64 55 7
64 56 7
64 57 7
64 58 7
64 59 7
64 60 7
64 61 7
64 62 7
64 63 7
64 64 7
64 65 7
64 66 7
64 67 7
64 68 7
64 69 7
64 70 7
64 71 7
64 72 7
64 73 7
64 74 7
64 75 7
64 76 7
64 82 7
64 83 7
64 84 7
64 85 7
64 86 7
64 87 7
64 88 7
64 89 7
64 90 7
64 91 7
64 92 7
64 95 7
64 96 7
64 97 7
64 98 7
64 99 7
65 28 7
65 29 7
65 30 7
65 31 7
65 32 7
65 33 7
65 34 7
65 35 7
65 36 7
65 37 7
65 38 7
65 39 7
65 40 7
65 41 7
65 42 7
65 43 7
65 44 7
65 45 7
65 46 7
65 47 7
65 48 7
65 49 7
65 50 7
65 51 7
65 52 7
65 53 7
65 54 7
65 55 7
65 56 7
65 57 7
65 58 7
65 59 7
65 60 7
65 61 7
65 62 7
65 63 7
65 64 7
65 65 7
65 66 7
65 67 7
65 68 7
65 69 7
65 70 7
65 71 7
65 72 7
65 73 7
65 74 7
65 75 7
65 76 7
65 82 7
65 83 7
65 84 7
65 85 7
65 86 7
65 87 7
65 88 7
65 89 7
65 90 7
65 91 7
65 92 7
65 93 28
65 94 29
65 95 7
65 96 7
65 97 7
65 98 7
65 99 7
66 28 7
66 29 7
66 30 7
66 31 7
66 32 7
66 33 7
66 34 7
66 35 7
66 36 7
66 37 7
66 38 7
66 39 7
66 40 7
66 41 7
66 42 7
66 43 7
66 44 7
66 45 7
66 46 7
66 47 7
66 48 7
66 49 7
66 50 7
66 51 7
66 52 7
66 53 7
66 54 7
66 55 7
66 56 7
66 57 7
66 58 7
66 59 7
66 60 7
66 61 7
66 62 7
66 63 7
66 64 7
66 65 7
66 66 7
66 67 7
66 68 7
66 69 7
66 70 7
66 71 7
66 72 7
66 73 7
66 74 7
66 75 7
66 76 7
66 82 7
66 83 7
66 84 7
66 85 7
66 86 7
66 87 7
66 88 7
66 89 7
66 90 7
66 91 7
66 92 7
66 93 30
66 94 31
66 95 7
66 96 7
66 97 7
66 98 7
66 99 7
67 28 7
67 29 7
67 30 7
67 31 7
67 32 7
67 33 7
67 34 7
67 35 7
67 36 7
67 37 7
67 38 7
67 39 7
67 40 7
67 41 7
67 42 7
67 43 7
67 44 7
67 45 7
67 46 7
67 47 7
67 48 7
67 49 7
67 50 7
67 51 7
67 52 7
67 53 7
67 54 7
67 55 7
67 56 7
67 57 7
67 58 7
67 59 7
67 60 7
67 61 7
67 62 7
67 63 7
67 64 7
67 65 7
67 66 7
67 67 7
67 68 7
67 69 7
67 70 7
67 71 7
67 72 7
67 73 7
67 74 7
67 75 7
67 76 7
67 82 7
67 83 7
67 84 7
67 85 7
67 86 7
67 87 7
67 88 7
67 89 7
67 90 7
67 91 7
67 92 7
67 93 30
67 94 31
67 95 7
67 96 7
67 97 7
67 98 7
67 99 7
68 39 7
68 40 7
68 41 7
68 42 7
68 43 7
68 44 7
68 45 7
68 46 7
68 47 7
68 48 7
68 49 7
68 50 7
68 51 7
68 52 7
68 53 7
68 54 7
68 55 7
68 56 7
68 57 7
68 58 7
68 59 7
68 60 7
68 61 7
68 62 7
68 63 7
68 64 7
68 65 7
68 66 7
68 67 7
68 68 7
68 69 7
68 70 7
68 71 7
68 72 7
68 73 7
68 74 7
68 75 7
68 76 7
68 82 7
68 83 7
68 84 7
68 85 7
68 86 7
68 87 7
68 88 7
68 89 7
68 90 7
68 91 7
68 92 7
68 93 30
68 94 31
68 95 7
68 96 7
68 97 7
68 98 7
68 99 7
69 39 7
69 40 7
69 41 7
69 42 7
69 43 7
69 44 7
69 45 7
69 46 7
69 47 7
69 48 7
69 49 7
69 50 7
69 51 7
69 52 7
69 53 7
69 54 7
69 55 7
69 56 7
69 57 7
69 58 7
69 59 7
69 60 7
69 61 7
69 62 7
69 63 7
69 64 7
69 65 7
69 66 7
69 67 7
69 68 7
69 69 7
69 70 7
69 71 7
69 72 7
69 73 7
69 74 7
69 75 7
69 76 7
69 82 7
69 83 7
69 84 7
69 85 7
69 86 7
69 87 7
69 88 7
69 89 7
69 90 7
69 91 7
69 92 7
69 93 30
69 94 31
69 95 7
69 96 7
69 97 7
69 98 7
69 99 7
70 39 7
70 40 7
70 41 7
70 42 7
70 43 7
70 44 7
70 45 7
70 46 7
70 47 7
70 48 7
70 49 7
70 50 7
70 51 7
70 52 7
70 53 7
70 54 7
70 55 7
70 56 7
70 57 7
70 58 7
70 59 7
70 60 7
70 61 7
70 62 7
70 63 7
70 64 7
70 65 7
70 66 7
70 67 7
70 68 7
70 69 7
70 70 7
70 71 7
70 72 7
70 73 7
70 74 7
70 75 7
70 76 7
70 82 7
70 83 7
70 84 7
70 85 7
70 86 7
70 87 7
70 88 7
70 89 7
70 90 7
70 91 7
70 92 7
70 93 30
70 94 31
70 95 7
70 96 7
70 97 7
70 98 7
70 99 7
71 39 7
71 40 7
71 41 7
71 42 7
71 43 7
71 44 7
71 45 7
71 46 7
71 47 7
71 48 7
71 49 7
71 50 7
71 51 7
71 52 7
71 53 7
71 54 7
71 55 7
71 56 7
71 57 7
71 58 7
71 59 7
71 60 7
71 61 7
71 62 7
71 63 7
71 64 7
71 65 7
71 66 7
71 67 7
71 68 7
71 69 7
71 70 7
71 71 7
71 72 7
71 73 7
71 74 7
71 75 7
71 76 7
71 82 7
71 83 7
71 84 7
71 85 7
71 86 7
71 87 7
71 88 7
71 89 7
71 90 7
71 91 7
71 92 7
71 93 30
71 94 31
71 95 7
71 96 7
71 97 7
71 98 7
71 99 7
72 39 7
72 40 7
72 41 7
72 42 7
72 43 7
72 44 7
72 45 7
72 46 7
72 47 7
72 48 7
72 49 7
72 50 7
72 51 7
72 52 7
72 53 7
72 54 7
72 55 7
72 56 7
72 57 7
72 58 7
72 59 7
72 60 7
72 61 7
72 62 7
72 63 7
72 64 7
72 65 7
72 66 7
72 67 7
72 68 7
72 69 7
72 70 7
72 71 7
72 72 7
72 73 7
72 74 7
72 75 7
72 76 7
72 82 7
72 83 7
72 84 7
72 85 7
72 86 7
72 87 7
72 88 7
72 89 7
72 90 7
72 91 7
72 92 7
72 93 30
72 94 31
72 95 7
72 96 7
72 97 7
72 98 7
72 99 7
73 39 7
73 40 7
73 41 7
73 42 7
73 43 7
73 44 7
73 45 7
73 46 7
73 47 7
73 48 7
73 49 7
73 50 7
73 51 7
73 52 7
73 53 7
73 54 7
73 55 7
73 56 7
73 57 7
73 58 7
73 59 7
73 60 7
73 61 7
73 62 7
73 63 7
73 64 7
73 65 7
73 66 7
73 67 7
73 68 7
73 69 7
73 70 7
73 71 7
73 72 7
73 73 7
73 74 7
73 75 7
73 76 7
73 82 7
73 83 7
73 84 7
73 85 7
73 86 7
73 87 7
73 88 7
73 89 7
73 90 7
73 91 7
73 92 7
73 93 30
73 94 31
73 95 7
73 96 7
73 97 7
73 98 7
73 99 7
74 39 7
74 40 7
74 41 7
74 42 7
74 43 7
74 44 7
74 45 7
74 46 7
74 47 7
74 48 7
74 49 7
74 50 7
74 51 7
74 52 7
74 53 7
74 54 7
74 55 7
74 56 7
74 57 7
74 58 7
74 59 7
74 60 7
74 61 7
74 62 7
74 63 7
74 64 7
74 65 7
74 66 7
74 67 7
74 68 7
74 69 7
74 70 7
74 71 7
74 72 7
74 73 7
74 74 7
74 75 7
74 76 7
74 82 7
74 83 7
74 84 7
74 85 7
74 86 7
74 87 7
74 88 7
74 89 7
74 90 7
74 91 7
74 92 7
74 93 30
74 94 31
74 95 7
74 96 7
74 97 7
74 98 7
74 99 7
75 39 7
75 40 7
75 41 7
75 42 7
75 43 7
75 44 7
75 45 7
75 46 7
75 47 7
75 48 7
75 49 7
75 50 7
75 51 7
75 52 7
75 53 7
75 54 7
75 55 7
75 56 7
75 57 7
75 58 7
75 59 7
75 60 7
75 61 7
75 62 7
75 63 7
75 64 7
75 65 7
75 66 7
75 67 7
75 68 7
75 69 7
75 70 7
75 71 7
75 72 7
75 73 7
75 74 7
75 75 7
75 76 7
75 82 7
75 83 7
75 84 7
75 85 7
75 86 7
75 87 7
75 88 7
75 89 7
75 90 7
75 91 7
75 92 7
75 93 30
75 94 31
75 95 7
75 96 7
75 97 7
75 98 7
75 99 7
76 39 7
76 40 7
76 41 7
76 42 7
76 43 7
76 44 7
76 45 7
76 46 7
76 47 7
76 48 7
76 49 7
76 50 7
76 51 7
76 52 7
76 53 7
76 54 7
76 55 7
76 56 7
76 57 7
76 58 7
76 59 7
76 60 7
76 61 7
76 62 7
76 63 7
76 64 7
76 65 7
76 66 7
76 67 7
76 68 7
76 69 7
76 70 7
76 71 7
76 72 7
76 73 7
76 74 7
76 75 7
76 76 7
76 82 7
76 83 7
76 84 7
76 85 7
76 86 7
76 87 7
76 88 7
76 89 7
76 90 7
76 91 7
76 92 7
76 93 30
76 94 31
76 95 7
76 96 7
76 97 7
76 98 7
76 99 7
77 39 7
77 40 7
77 41 7
77 42 7
77 43 7
77 44 7
77 45 7
77 46 7
77 47 7
77 48 7
77 49 7
77 50 7
77 51 7
77 52 7
77 53 7
77 54 7
77 55 7
77 56 7
77 57 7
77 58 7
77 59 7
77 60 7
77 61 7
77 62 7
77 63 7
77 64 7
77 65 7
77 66 7
77 67 7
77 68 7
77 69 7
77 70 7
77 71 7
77 72 7
77 73 7
77 74 7
77 75 7
77 76 7
77 82 7
77 83 7
77 84 7
77 85 7
77 86 7
77 87 7
77 88 7
77 89 7
77 90 7
77 91 7
77 92 7
77 93 30
77 94 31
77 95 7
77 96 7
77 97 7
77 98 7
77 99 7
78 39 7
78 40 7
78 41 7
78 42 7
78 43 7
78 44 7
78 45 7
78 46 7
78 47 7
78 48 7
78 49 7
78 50 7
78 51 7
78 52 7
78 53 7
78 54 7
78 55 7
78 56 7
78 57 7
78 58 7
78 59 7
78 60 7
78 61 7
78 62 7
78 63 7
78 64 7
78 65 7
78 66 7
78 67 7
78 68 7
78 69 7
78 70 7
78 71 7
78 72 7
78 73 7
78 74 7
78 75 7
78 76 7
78 82 7
78 83 7
78 84 7
78 85 7
78 86 7
78 87 7
78 88 7
78 89 7
78 90 7
78 91 7
78 92 7
78 93 30
78 94 31
78 95 7
78 96 7
78 97 7
78 98 7
78 99 7
79 39 7
79 40 7
79 41 7
79 42 7
79 43 7
79 44 7
79 45 7
79 46 7
79 47 7
79 48 7
79 49 7
79 50 7
79 51 7
79 52 7
79 53 7
79 54 7
79 55 7
79 56 7
79 57 7
79 58 7
79 59 7
79 60 7
79 61 7
79 62 7
79 63 7
79 64 7
79 65 7
79 66 7
79 67 7
79 68 7
79 69 7
79 70 7
79 71 7
79 72 7
79 73 7
79 74 7
79 75 7
79 76 7
79 82 7
79 83 7
79 84 7
79 85 7
79 86 7
79 87 7
79 88 7
79 89 7
79 90 7
79 91 7
79 92 7
79 93 30
79 94 31
79 95 7
79 96 7
79 97 7
79 98 7
79 99 7
80 39 7
80 40 7
80 41 7
80 42 7
80 43 7
80 44 7
80 45 7
80 46 7
80 47 7
80 48 7
80 49 7
80 50 7
80 51 7
80 52 7
80 53 7
80 54 7
80 55 7
80 56 7
80 57 7
80 58 7
80 59 7
80 60 7
80 61 7
80 62 7
80 63 7
80 64 7
80 65 7
80 66 7
80 67 7
80 68 7
80 69 7
80 70 7
80 71 7
80 72 7
80 73 7
80 74 7
80 75 7
80 76 7
80 82 7
80 83 7
80 84 7
80 85 7
80 86 7
80 87 7
80 88 7
80 89 7
80 90 7
80 91 7
80 92 7
80 93 30
80 94 31
80 95 7
80 96 7
80 97 7
80 98 7
80 99 7
81 39 7
81 40 7
81 41 7
81 42 7
81 43 7
81 44 7
81 45 7
81 46 7
81 47 7
81 48 7
81 49 7
81 50 7
81 51 7
81 52 7
81 53 7
81 54 7
81 55 7
81 56 7
81 57 7
81 58 7
81 59 7
81 60 7
81 61 7
81 62 7
81 63 7
81 64 7
81 65 7
81 66 7
81 67 7
81 68 7
81 69 7
81 70 7
81 71 7
81 72 7
81 73 7
81 74 7
81 75 7
81 76 7
81 82 7
81 83 7
81 84 7
81 85 7
81 86 7
81 87 7
81 88 7
81 89 7
81 90 7
81 91 7
81 92 7
81 93 30
81 94 31
81 95 7
81 96 7
81 97 7
81 98 7
81 99 7
82 39 7
82 40 7
82 41 7
82 42 7
82 43 7
82 44 7
82 45 7
82 46 7
82 47 7
82 48 7
82 49 7
82 50 7
82 51 7
82 52 7
82 53 7
82 54 7
82 55 7
82 56 7
82 57 7
82 58 7
82 59 7
82 60 7
82 61 7
82 62 7
82 63 7
82 64 7
82 65 7
82 66 7
82 67 7
82 68 7
82 69 7
82 70 7
82 71 7
82 72 7
82 73 7
82 74 7
82 75 7
82 76 7
82 82 7
82 83 7
82 84 7
82 85 7
82 86 7
82 87 7
82 88 7
82 89 7
82 90 7
82 91 7
82 92 7
82 93 30
82 94 31
82 95 7
82 96 7
82 97 7
82 98 7
82 99 7
83 39 7
83 40 7
83 41 7
83 42 7
83 43 7
83 44 7
83 45 7
83 46 7
83 47 7
83 48 7
83 49 7
83 50 7
83 51 7
83 52 7
83 53 7
83 54 7
83 55 7
83 56 7
83 57 7
83 58 7
83 59 7
83 60 7
83 61 7
83 62 7
83 63 7
83 64 7
83 65 7
83 66 7
83 67 7
83 68 7
83 69 7
83 70 7
83 71 7
83 72 7
83 73 7
83 74 7
83 75 7
83 76 7
83 82 7
83 83 7
83 84 7
83 85 7
83 86 7
83 87 7
83 88 7
83 89 7
83 90 7
83 91 7
83 92 7
83 93 30
83 94 31
83 95 7
83 96 7
83 97 7
83 98 7
83 99 7
84 39 7
84 40 7
84 41 7
84 42 7
84 43 7
84 44 7
84 45 7
84 46 7
84 47 7
84 48 7
84 49 7
84 50 7
84 51 7
84 52 7
84 53 7
84 54 7
84 55 7
84 56 7
84 57 7
84 58 7
84 59 7
84 60 7
84 61 7
84 62 7
84 63 7
84 64 7
84 65 7
84 66 7
84 67 7
84 68 7
84 69 7
84 70 7
84 71 7
84 72 7
84 73 7
84 74 7
84 75 7
84 76 7
84 82 7
84 83 7
84 84 7
84 85 7
84 86 7
84 87 7
84 88 7
84 89 7
84 90 7
84 91 7
84 92 7
84 93 30
84 94 31
84 95 7
84 96 7
84 97 7
84 98 7
84 99 7
85 39 7
85 40 7
85 41 7
85 42 7
85 43 7
85 44 7
85 45 7
85 46 7
85 47 7
85 48 7
85 49 7
85 50 7
85 51 7
85 52 7
85 53 7
85 54 7
85 55 7
85 56 7
85 57 7
85 58 7
85 59 7
85 60 7
85 61 7
85 62 7
85 63 7
85 64 7
85 65 7
85 66 7
85 67 7
85 68 7
85 69 7
85 70 7
85 71 7
85 72 7
85 73 7
85 74 7
85 75 7
85 76 7
85 82 7
85 83 7
85 84 7
85 85 7
85 86 7
85 87 7
85 88 7
85 89 7
85 90 7
85 91 7
85 92 7
85 93 30
85 94 31
85 95 7
85 96 7
85 97 7
85 98 7
85 99 7
86 39 7
86 40 7
86 41 7
86 42 7
86 43 7
86 44 7
86 45 7
86 46 7
86 47 7
86 48 7
86 49 7
86 50 7
86 51 7
86 52 7
86 53 7
86 54 7
86 55 7
86 56 7
86 57 7
86 58 7
86 59 7
86 60 7
86 61 7
86 62 7
86 63 7
86 64 7
86 65 7
86 66 7
86 67 7
86 68 7
86 69 7
86 70 7
86 71 7
86 72 7
86 73 7
86 74 7
86 75 7
86 76 7
86 82 7
86 83 7
86 84 7
86 85 7
86 86 7
86 87 7
86 88 7
86 89 7
86 90 7
86 91 7
86 92 7
86 93 30
86 94 31
86 95 7
86 96 7
86 97 7
86 98 7
86 99 7
87 39 7
87 40 7
87 41 7
87 42 7
87 43 7
87 44 7
87 45 7
87 46 7
87 47 7
87 48 7
87 49 7
87 50 7
87 51 7
87 52 7
87 53 7
87 54 7
87 55 7
87 56 7
87 57 7
87 58 7
87 59 7
87 60 7
87 61 7
87 62 7
87 63 7
87 64 7
87 65 7
87 66 7
87 67 7
87 68 7
87 69 7
87 70 7
87 71 7
87 72 7
87 73 7
87 74 7
87 75 7
87 76 7
87 82 7
87 83 7
87 84 7
87 85 7
87 86 7
87 87 7
87 88 7
87 89 7
87 90 7
87 91 7
87 92 7
87 93 30
87 94 31
87 95 7
87 96 7
87 97 7
87 98 7
87 99 7
88 39 7
88 40 7
88 41 7
88 42 7
88 43 7
88 44 7
88 45 7
88 46 7
88 47 7
88 48 7
88 49 7
88 50 7
88 51 7
88 52 7
88 53 7
88 54 7
88 55 7
88 56 7
88 57 7
88 58 7
88 59 7
88 60 7
88 61 7
88 62 7
88 63 7
88 64 7
88 65 7
88 66 7
88 67 7
88 68 7
88 69 7
88 70 7
88 71 7
88 72 7
88 73 7
88 74 7
88 75 7
88 76 7
88 77 7
88 78 7
88 79 7
88 80 7
88 81 7
88 82 7
88 83 7
88 84 7
88 85 7
88 86 7
88 87 7
88 88 7
88 89 7
88 90 7
88 91 7
88 92 7
88 93 30
88 94 31
88 95 7
88 96 7
88 97 7
88 98 7
88 99 7
89 52 7
89 53 7
89 54 7
89 55 7
89 56 7
89 57 7
89 58 7
89 59 7
89 60 7
89 61 7
89 62 7
89 63 7
89 64 7
89 65 7
89 66 7
89 67 7
89 68 7
89 69 7
89 70 7
89 71 7
89 72 7
89 73 7
89 74 7
89 75 7
89 76 7
89 77 7
89 78 7
89 79 7
89 80 7
89 81 7
89 82 7
89 83 7
89 84 7
89 85 7
89 86 7
89 87 7
89 88 7
89 89 7
89 90 7
89 91 7
89 92 7
89 93 30
89 94 31
89 95 7
89 96 7
89 97 7
89 98 7
89 99 7
90 52 7
90 53 7
90 54 7
90 55 7
90 56 7
90 57 7
90 58 7
90 59 7
90 60 7
90 61 7
90 62 7
90 63 7
90 64 7
90 65 7
90 66 7
90 67 7
90 68 7
90 69 7
90 70 7
90 71 7
90 72 7
90 73 7
90 74 7
90 75 7
90 76 7
90 77 7
90 78 7
90 79 7
90 80 7
90 81 7
90 82 7
90 83 7
90 84 7
90 85 7
90 86 7
90 87 7
90 88 7
90 89 7
90 90 7
90 91 7
90 92 7
90 93 30
90 94 31
90 95 7
90 96 7
90 97 7
90 98 7
90 99 7
91 93 30
91 94 31
92 93 30
92 94 31
93 93 30
93 94 31
94 93 30
94 94 31
95 94 31
96 94 31
::TILES-> END
::BONUS-> BEGIN
11 79 15
12 79 16
17 48 2
18 84 14
18 90 14
20 87 14
20 92 14
21 87 14
21 92 14
22 72 14
23 72 14
26 94 14
27 72 14
27 94 14
28 72 14
29 47 2
29 71 14
30 93 14
32 55 2
37 48 2
53 47 2
58 92 2
::BONUS-> END
::COIN-> BEGIN
4 84
4 87
5 84
5 85
5 86
5 87
6 84
6 86
6 87
6 88
7 84
7 85
7 86
7 87
7 88
8 86
8 87
11 79
18 83
18 89
19 60
20 60
20 86
20 91
21 59
21 86
21 91
22 59
23 59
26 93
27 93
30 92
36 93
38 44
38 45
39 44
39 45
40 44
40 45
41 44
41 45
42 44
42 45
43 44
43 45
44 92
45 92
49 89
50 89
52 94
52 95
53 89
54 88
54 89
::COIN-> END
BRETT 280 2920
BRETT 600 2120
FIRE 16 87
FIRE 16 90
FIRE 16 92
FIRE 16 94
FIRE 17 96
FIRE 18 93
FIRE 18 97
FIRE 19 97
FIRE 20 96
BRETT 840 1880
FIRE 21 97
FIRE 22 94
FIRE 23 94
BRETT 960 1880
FIRE 24 96
FIRE 26 96
FIRE 27 96
FIRE 28 95
FIRE 29 95
FIRE 30 96
FIRE 31 95
FIRE 32 95
FIRE 33 86
FIRE 33 94
FIRE 34 86
FIRE 35 86
FIRE 36 86
RESTART data/levels/19/main
START 0 2557 3722 3
EXIT 0 2391 2066 data/levels/20/main 0 0
START 1 0 0 0
EXIT 1 0 0 NONE 0 0
START 2 0 0 0
EXIT 2 0 0 NONE 0 0
START 3 0 0 0
EXIT 3 0 0 NONE 0 0
START 4 0 0 0
EXIT 4 0 0 NONE 0 0
BGCOLOR 2000030

BOWSER 17 40 14
MUSIC bowser1.mid
BACKGROUND data/gfx/background/bowsercastle.jpg
