# Level for Mega Mario

TEXTURE data/gfx/tiles/ground/stone0.png
TEXTURE data/gfx/tiles/ground/stone1.png
TEXTURE data/gfx/tiles/ground/stone2.png
TEXTURE data/gfx/tiles/ground/stone3.png
TEXTURE data/gfx/tiles/ground/stone4.png
TEXTURE data/gfx/tiles/ground/stone5.png
TEXTURE data/gfx/tiles/ground/stone6.png
TEXTURE data/gfx/tiles/ground/bricks.png
TEXTURE data/gfx/tiles/ground/bricks2.png
TEXTURE data/gfx/tiles/ground/snowy.png
TEXTURE data/gfx/tiles/ground/grass.png
TEXTURE data/gfx/tiles/ground/sand.png
TEXTURE data/gfx/tiles/ground/metal.png
TEXTURE data/gfx/tiles/cannonset1.png
TEXTURE data/gfx/tiles/cannonset2.png
TEXTURE data/gfx/tiles/pipes/up/1.png
TEXTURE data/gfx/tiles/pipes/up/2.png
TEXTURE data/gfx/tiles/pipes/up/3.png
TEXTURE data/gfx/tiles/pipes/up/4.png
TEXTURE data/gfx/tiles/pipes/down/1.png
TEXTURE data/gfx/tiles/pipes/down/2.png
TEXTURE data/gfx/tiles/pipes/down/3.png
TEXTURE data/gfx/tiles/pipes/down/4.png
TEXTURE data/gfx/tiles/pipes/right/1.png
TEXTURE data/gfx/tiles/pipes/right/2.png
TEXTURE data/gfx/tiles/pipes/right/3.png
TEXTURE data/gfx/tiles/pipes/right/4.png
TEXTURE data/gfx/tiles/pipes/left/1.png
TEXTURE data/gfx/tiles/pipes/left/2.png
TEXTURE data/gfx/tiles/pipes/left/3.png
TEXTURE data/gfx/tiles/pipes/left/4.png
TEXTURE data/gfx/tiles/conveyorL.png
TEXTURE data/gfx/tiles/conveyorR.png
::TILES-> BEGIN
1 91 26
1 92 27
1 93 1
1 99 11
2 91 26
2 92 27
2 93 1
2 99 11
3 91 26
3 92 27
3 93 1
3 99 11
4 91 24
4 92 25
4 93 1
4 99 11
5 93 33
5 99 11
6 93 33
6 99 11
7 93 33
7 99 11
8 93 33
8 99 11
9 93 33
9 99 11
10 93 33
10 99 11
11 93 33
11 99 11
12 93 33
12 99 11
13 93 33
13 99 11
14 93 33
14 99 11
15 93 33
15 99 11
16 93 33
16 99 11
17 93 33
17 99 11
18 93 33
18 99 11
19 93 33
19 99 11
20 93 33
20 99 11
21 93 33
21 99 11
22 93 33
22 99 11
23 93 33
23 99 11
24 93 33
24 94 15
24 95 15
24 96 15
24 99 11
25 93 33
25 99 11
26 93 33
26 99 11
27 93 33
27 99 11
28 93 33
28 99 11
29 93 33
29 99 11
30 93 33
30 99 11
31 93 33
31 99 11
32 93 33
32 99 11
33 93 33
33 99 11
34 93 33
34 99 11
35 93 33
35 99 11
36 93 33
36 99 11
37 93 33
37 99 11
38 93 33
38 99 11
39 93 33
39 99 11
40 93 33
40 99 11
41 93 33
41 99 11
42 93 33
42 99 11
43 93 33
43 99 11
44 93 33
44 99 11
45 93 33
45 99 11
46 93 33
46 99 11
47 93 33
47 99 11
48 93 33
48 99 11
49 93 33
49 99 11
50 93 33
50 99 11
51 93 33
51 99 11
52 93 33
52 99 11
53 93 33
53 99 11
54 93 33
54 99 11
55 93 33
55 99 11
56 93 33
56 99 11
57 93 33
57 99 11
58 93 33
58 99 11
59 93 33
59 99 11
60 93 33
60 99 11
61 93 33
61 94 15
61 95 15
61 96 15
61 99 11
62 93 33
62 99 11
63 93 33
63 99 11
64 93 33
64 99 11
65 93 33
65 99 11
66 93 33
66 99 11
67 93 33
67 99 11
68 93 33
68 99 11
69 93 33
69 99 11
70 93 33
70 99 11
71 93 33
71 99 11
72 93 33
72 99 11
73 93 33
73 99 11
74 93 33
74 99 11
75 93 33
75 99 11
76 93 33
76 99 11
77 93 33
77 99 11
78 93 33
78 99 11
79 93 33
79 99 11
80 93 33
80 99 11
81 93 33
81 99 11
82 93 33
82 99 11
83 93 33
83 99 11
84 93 33
84 99 11
85 93 33
85 99 11
86 93 33
86 99 33
87 93 33
87 99 33
88 93 33
88 99 33
89 93 33
89 99 33
90 93 33
90 99 33
91 93 33
91 99 33
92 93 33
92 99 33
93 93 33
93 96 32
93 99 33
94 93 33
94 96 32
94 99 33
95 96 32
95 99 33
96 96 32
96 99 33
97 74 15
97 75 15
97 76 15
97 77 15
97 78 15
97 79 15
97 80 15
97 81 15
97 82 15
97 83 15
97 84 15
97 85 15
97 86 15
97 87 15
97 88 15
97 89 15
97 90 15
97 91 15
97 92 15
97 93 15
97 94 15
97 95 15
97 96 15
97 99 33
98 99 33
99 99 33
100 99 33
101 99 33
102 99 33
103 99 33
104 99 33
105 99 33
106 99 33
107 99 33
108 99 33
109 98 14
109 99 15
110 99 15
111 99 15
112 99 15
113 98 14
113 99 15
114 99 11
115 99 11
116 99 11
117 99 11
118 99 11
119 99 11
120 99 11
121 99 11
122 99 11
123 99 11
124 99 11
125 99 11
126 99 11
127 99 11
128 99 11
129 99 11
130 99 11
131 99 11
132 99 11
133 99 11
134 99 11
135 99 11
136 99 11
137 99 11
138 99 11
139 98 5
139 99 11
140 97 5
140 98 5
140 99 11
141 96 5
141 97 5
141 98 5
141 99 11
142 96 5
142 97 5
142 98 5
142 99 11
143 97 5
143 98 5
143 99 11
144 98 5
144 99 11
145 99 11
146 99 11
147 99 11
148 99 11
149 69 5
149 70 5
149 71 5
149 72 5
149 73 5
149 74 5
149 75 5
149 76 5
149 77 5
149 78 5
149 79 5
149 80 5
149 81 5
149 82 5
149 83 5
149 84 5
149 85 5
149 86 5
149 87 5
149 88 5
149 89 5
149 90 5
149 91 5
149 92 5
149 93 5
149 94 5
149 95 5
149 96 5
149 97 5
149 99 5
150 76 5
150 77 5
150 78 5
150 79 5
150 80 5
150 81 5
150 82 5
150 83 5
150 84 5
150 85 5
150 86 5
150 87 5
150 88 5
150 89 5
150 90 5
150 91 5
150 92 5
150 93 5
150 94 5
150 95 5
150 96 5
150 99 5
151 76 5
151 77 5
151 78 5
151 79 5
151 80 5
151 81 5
151 82 5
151 83 5
151 84 5
151 85 5
151 86 5
151 87 5
151 88 5
151 89 5
151 90 5
151 91 5
151 92 5
151 93 5
151 94 5
151 95 5
151 96 5
151 99 5
152 76 5
152 77 5
152 78 5
152 79 5
152 80 5
152 81 5
152 82 5
152 83 5
152 84 5
152 85 5
152 86 5
152 87 5
152 88 5
152 89 5
152 90 5
152 91 5
152 92 5
152 93 5
152 94 5
152 95 5
152 96 5
152 99 11
153 76 5
153 77 5
153 78 5
153 79 5
153 80 5
153 81 5
153 82 5
153 83 5
153 84 5
153 85 5
153 86 5
153 87 5
153 88 5
153 89 5
153 90 5
153 91 5
153 92 5
153 93 5
153 94 5
153 95 5
153 96 5
153 99 11
154 76 5
154 77 5
154 78 5
154 79 5
154 80 5
154 81 5
154 82 5
154 83 5
154 84 5
154 85 5
154 86 5
154 87 5
154 88 5
154 89 5
154 90 5
154 91 5
154 92 5
154 93 5
154 94 5
154 95 5
154 96 5
154 99 11
155 76 5
155 77 5
155 78 5
155 79 5
155 80 5
155 81 5
155 82 5
155 83 5
155 84 5
155 85 5
155 86 5
155 87 5
155 88 5
155 89 5
155 90 5
155 91 5
155 92 5
155 93 5
155 94 5
155 95 5
155 96 5
155 99 11
156 76 5
156 77 5
156 78 5
156 79 5
156 80 5
156 81 5
156 82 5
156 83 5
156 84 5
156 85 5
156 86 5
156 87 5
156 88 5
156 89 5
156 90 5
156 91 5
156 92 5
156 93 5
156 94 5
156 95 5
156 96 5
156 99 11
157 76 5
157 77 5
157 78 5
157 79 5
157 80 5
157 81 5
157 82 5
157 83 5
157 84 5
157 85 5
157 86 5
157 87 5
157 88 5
157 89 5
157 90 5
157 91 5
157 92 5
157 93 5
157 94 5
157 95 5
157 96 5
157 99 11
158 76 5
158 77 5
158 78 5
158 79 5
158 80 5
158 81 5
158 82 5
158 83 5
158 84 5
158 85 5
158 86 5
158 87 5
158 88 5
158 89 5
158 90 5
158 91 5
158 92 5
158 93 5
158 94 5
158 95 5
158 96 5
158 99 5
159 76 5
159 77 5
159 78 5
159 79 5
159 80 5
159 81 5
159 82 5
159 83 5
159 84 5
159 85 5
159 86 5
159 87 5
159 88 5
159 89 5
159 90 5
159 91 5
159 92 5
159 93 5
159 94 5
159 95 5
159 96 5
159 97 5
159 99 5
160 76 5
160 77 5
160 78 5
160 79 5
160 80 5
160 81 5
160 82 5
160 83 5
160 84 5
160 85 5
160 86 5
160 87 5
160 88 5
160 89 5
160 90 5
160 91 5
160 92 5
160 93 5
160 94 5
160 95 5
160 96 5
160 97 5
160 99 5
161 76 5
161 77 5
161 78 5
161 79 5
161 80 5
161 81 5
161 82 5
161 83 5
161 84 5
161 85 5
161 86 5
161 87 5
161 88 5
161 89 5
161 90 5
161 91 5
161 92 5
161 93 5
161 94 5
161 95 5
161 96 5
161 99 5
162 76 5
162 77 5
162 78 5
162 79 5
162 80 5
162 81 5
162 82 5
162 83 5
162 84 5
162 85 5
162 86 5
162 87 5
162 88 5
162 89 5
162 90 5
162 91 5
162 92 5
162 93 5
162 94 5
162 95 5
162 96 5
162 99 11
163 76 5
163 77 5
163 78 5
163 79 5
163 80 5
163 81 5
163 82 5
163 83 5
163 84 5
163 85 5
163 86 5
163 87 5
163 88 5
163 89 5
163 90 5
163 91 5
163 92 5
163 93 5
163 94 5
163 95 5
163 96 5
163 99 11
164 76 5
164 77 5
164 78 5
164 79 5
164 80 5
164 81 5
164 82 5
164 83 5
164 84 5
164 85 5
164 86 5
164 87 5
164 88 5
164 89 5
164 90 5
164 91 5
164 92 5
164 93 5
164 94 5
164 95 5
164 96 5
164 99 11
165 76 5
165 77 5
165 78 5
165 79 5
165 80 5
165 81 5
165 82 5
165 83 5
165 84 5
165 85 5
165 86 5
165 87 5
165 88 5
165 89 5
165 90 5
165 91 5
165 92 5
165 93 5
165 94 5
165 95 5
165 96 5
165 99 11
166 76 5
166 77 5
166 78 5
166 79 5
166 80 5
166 81 5
166 82 5
166 83 5
166 84 5
166 85 5
166 86 5
166 87 5
166 88 5
166 89 5
166 90 5
166 91 5
166 92 5
166 93 5
166 94 5
166 95 5
166 96 5
166 99 11
167 76 5
167 77 5
167 78 5
167 79 5
167 80 5
167 81 5
167 82 5
167 83 5
167 84 5
167 85 5
167 86 5
167 87 5
167 88 5
167 89 5
167 90 5
167 91 5
167 92 5
167 93 5
167 94 5
167 95 5
167 96 5
167 99 11
168 76 5
168 77 5
168 78 5
168 79 5
168 80 5
168 81 5
168 82 5
168 83 5
168 84 5
168 85 5
168 86 5
168 87 5
168 88 5
168 89 5
168 90 5
168 91 5
168 92 5
168 93 5
168 94 5
168 95 5
168 96 5
168 99 11
169 76 5
169 77 5
169 78 5
169 79 5
169 80 5
169 81 5
169 82 5
169 83 5
169 84 5
169 85 5
169 86 5
169 87 5
169 88 5
169 89 5
169 90 5
169 91 5
169 92 5
169 93 5
169 94 5
169 95 5
169 96 5
169 99 11
170 76 5
170 77 5
170 78 5
170 79 5
170 80 5
170 81 5
170 82 5
170 83 5
170 84 5
170 85 5
170 86 5
170 87 5
170 88 5
170 89 5
170 90 5
170 91 5
170 92 5
170 93 5
170 94 5
170 95 5
170 96 5
170 99 11
171 76 5
171 77 5
171 78 5
171 79 5
171 80 5
171 81 5
171 82 5
171 83 5
171 84 5
171 85 5
171 86 5
171 87 5
171 88 5
171 89 5
171 90 5
171 91 5
171 92 5
171 93 5
171 94 5
171 95 5
171 96 5
171 99 11
172 76 5
172 77 5
172 78 5
172 79 5
172 80 5
172 81 5
172 82 5
172 83 5
172 84 5
172 85 5
172 86 5
172 87 5
172 88 5
172 89 5
172 90 5
172 91 5
172 92 5
172 93 5
172 94 5
172 95 5
172 96 5
172 97 5
172 99 11
173 76 5
173 77 5
173 78 5
173 79 5
173 80 5
173 81 5
173 82 5
173 83 5
173 84 5
173 85 5
173 86 5
173 87 5
173 88 5
173 89 5
173 90 5
173 91 5
173 92 5
173 93 5
173 94 5
173 95 5
173 96 5
173 97 5
173 99 11
174 76 5
174 77 5
174 78 5
174 79 5
174 80 5
174 81 5
174 82 5
174 83 5
174 84 5
174 85 5
174 86 5
174 87 5
174 88 5
174 89 5
174 90 5
174 91 5
174 92 5
174 93 5
174 94 5
174 95 5
174 96 5
174 97 5
174 99 33
175 76 5
175 77 5
175 78 5
175 79 5
175 80 5
175 81 5
175 82 5
175 83 5
175 84 5
175 85 5
175 86 5
175 87 5
175 88 5
175 89 5
175 90 5
175 91 5
175 92 5
175 93 5
175 94 5
175 95 5
175 96 5
175 97 5
175 99 33
176 76 5
176 77 5
176 78 5
176 79 5
176 80 5
176 81 5
176 82 5
176 83 5
176 84 5
176 85 5
176 86 5
176 87 5
176 88 5
176 89 5
176 90 5
176 91 5
176 92 5
176 93 5
176 94 5
176 95 5
176 96 5
176 97 5
176 99 33
177 76 5
177 77 5
177 78 5
177 79 5
177 80 5
177 81 5
177 82 5
177 83 5
177 84 5
177 85 5
177 86 5
177 87 5
177 88 5
177 89 5
177 90 5
177 91 5
177 92 5
177 93 5
177 94 5
177 95 5
177 96 5
177 97 5
177 99 33
178 76 5
178 77 5
178 78 5
178 79 5
178 80 5
178 81 5
178 82 5
178 83 5
178 84 5
178 85 5
178 86 5
178 87 5
178 88 5
178 89 5
178 90 5
178 91 5
178 92 5
178 93 5
178 94 5
178 95 5
178 96 5
178 97 5
178 99 33
179 76 5
179 77 5
179 78 5
179 79 5
179 80 5
179 81 5
179 82 5
179 83 5
179 84 5
179 85 5
179 86 5
179 87 5
179 88 5
179 89 5
179 90 5
179 91 5
179 92 5
179 93 5
179 94 5
179 95 5
179 96 5
179 97 5
179 99 33
180 76 5
180 77 5
180 78 5
180 79 5
180 80 5
180 81 5
180 82 5
180 83 5
180 84 5
180 85 5
180 86 5
180 87 5
180 88 5
180 89 5
180 90 5
180 91 5
180 92 5
180 93 5
180 94 5
180 95 5
180 96 5
180 97 5
180 99 33
181 76 5
181 77 5
181 78 5
181 79 5
181 80 5
181 81 5
181 82 5
181 83 5
181 84 5
181 85 5
181 86 5
181 87 5
181 88 5
181 89 5
181 90 5
181 91 5
181 92 5
181 93 5
181 94 5
181 95 5
181 96 5
181 97 5
181 99 33
182 76 5
182 77 5
182 78 5
182 79 5
182 80 5
182 81 5
182 82 5
182 83 5
182 84 5
182 85 5
182 86 5
182 87 5
182 88 5
182 89 5
182 90 5
182 91 5
182 92 5
182 93 5
182 94 5
182 95 5
182 96 5
182 97 5
182 99 33
183 76 5
183 77 5
183 78 5
183 79 5
183 80 5
183 81 5
183 82 5
183 83 5
183 84 5
183 85 5
183 86 5
183 87 5
183 88 5
183 89 5
183 90 5
183 91 5
183 92 5
183 93 5
183 94 5
183 95 5
183 96 5
183 97 5
183 99 33
184 76 5
184 77 5
184 78 5
184 79 5
184 80 5
184 81 5
184 82 5
184 83 5
184 84 5
184 85 5
184 86 5
184 87 5
184 88 5
184 89 5
184 90 5
184 91 5
184 92 5
184 93 5
184 94 5
184 95 5
184 96 5
184 97 5
184 99 33
185 76 5
185 77 5
185 78 5
185 79 5
185 80 5
185 81 5
185 82 5
185 83 5
185 84 5
185 85 5
185 86 5
185 87 5
185 88 5
185 89 5
185 90 5
185 91 5
185 92 5
185 93 5
185 94 5
185 95 5
185 96 5
185 99 33
186 76 5
186 77 5
186 78 5
186 79 5
186 80 5
186 81 5
186 82 5
186 83 5
186 84 5
186 85 5
186 86 5
186 87 5
186 88 5
186 89 5
186 90 5
186 91 5
186 92 5
186 93 5
186 94 5
186 95 5
186 96 5
186 99 33
187 76 5
187 77 5
187 78 5
187 79 5
187 80 5
187 81 5
187 82 5
187 83 5
187 84 5
187 85 5
187 86 5
187 87 5
187 88 5
187 89 5
187 90 5
187 91 5
187 92 5
187 93 5
187 94 5
187 95 5
187 96 5
187 99 33
188 76 5
188 77 5
188 78 5
188 79 5
188 80 5
188 81 5
188 82 5
188 83 5
188 84 5
188 85 5
188 86 5
188 87 5
188 88 5
188 89 5
188 90 5
188 91 5
188 92 5
188 93 5
188 94 5
188 95 5
188 96 5
188 99 33
189 76 5
189 77 5
189 78 5
189 79 5
189 80 5
189 81 5
189 82 5
189 83 5
189 84 5
189 85 5
189 86 5
189 87 5
189 88 5
189 89 5
189 90 5
189 91 5
189 92 5
189 93 5
189 94 5
189 95 5
189 96 5
189 97 5
189 99 33
190 76 5
190 77 5
190 78 5
190 79 5
190 80 5
190 81 5
190 82 5
190 83 5
190 84 5
190 85 5
190 86 5
190 87 5
190 88 5
190 89 5
190 90 5
190 91 5
190 92 5
190 93 5
190 94 5
190 95 5
190 96 5
190 97 5
190 99 33
191 76 5
191 77 5
191 78 5
191 79 5
191 80 5
191 81 5
191 82 5
191 83 5
191 84 5
191 85 5
191 86 5
191 87 5
191 88 5
191 89 5
191 90 5
191 91 5
191 92 5
191 93 5
191 94 5
191 95 5
191 96 5
191 97 5
191 99 33
192 76 5
192 77 5
192 78 5
192 79 5
192 80 5
192 81 5
192 82 5
192 83 5
192 84 5
192 85 5
192 86 5
192 87 5
192 88 5
192 89 5
192 90 5
192 91 5
192 92 5
192 93 5
192 94 5
192 95 5
192 96 5
192 97 5
192 99 33
193 76 5
193 77 5
193 78 5
193 79 5
193 80 5
193 81 5
193 82 5
193 83 5
193 84 5
193 85 5
193 86 5
193 87 5
193 88 5
193 89 5
193 90 5
193 91 5
193 92 5
193 93 5
193 94 5
193 95 5
193 96 5
193 97 5
193 99 33
194 76 5
194 77 5
194 78 5
194 79 5
194 80 5
194 81 5
194 82 5
194 83 5
194 84 5
194 85 5
194 86 5
194 87 5
194 88 5
194 89 5
194 90 5
194 91 5
194 92 5
194 93 5
194 94 5
194 95 5
194 96 5
194 97 5
194 99 33
195 76 5
195 77 5
195 78 5
195 79 5
195 80 5
195 81 5
195 82 5
195 83 5
195 84 5
195 85 5
195 86 5
195 87 5
195 88 5
195 89 5
195 90 5
195 91 5
195 92 5
195 93 5
195 94 5
195 95 5
195 96 5
195 97 5
195 99 33
196 76 5
196 77 5
196 78 5
196 79 5
196 80 5
196 81 5
196 82 5
196 83 5
196 84 5
196 85 5
196 86 5
196 87 5
196 88 5
196 89 5
196 90 5
196 91 5
196 92 5
196 93 5
196 94 5
196 95 5
196 96 5
196 99 33
197 76 5
197 77 5
197 78 5
197 79 5
197 80 5
197 81 5
197 82 5
197 83 5
197 84 5
197 85 5
197 86 5
197 87 5
197 88 5
197 89 5
197 90 5
197 91 5
197 92 5
197 93 5
197 94 5
197 95 5
197 96 5
197 99 33
198 76 5
198 77 5
198 78 5
198 79 5
198 80 5
198 81 5
198 82 5
198 83 5
198 84 5
198 85 5
198 86 5
198 87 5
198 88 5
198 89 5
198 90 5
198 91 5
198 92 5
198 93 5
198 94 5
198 95 5
198 96 5
198 99 33
199 76 5
199 77 5
199 78 5
199 79 5
199 80 5
199 81 5
199 82 5
199 83 5
199 84 5
199 85 5
199 86 5
199 87 5
199 88 5
199 89 5
199 90 5
199 91 5
199 92 5
199 93 5
199 94 5
199 95 5
199 96 5
199 99 33
200 76 5
200 77 5
200 78 5
200 79 5
200 80 5
200 81 5
200 82 5
200 83 5
200 84 5
200 85 5
200 86 5
200 87 5
200 88 5
200 89 5
200 90 5
200 91 5
200 92 5
200 93 5
200 94 5
200 95 5
200 96 5
200 99 33
201 76 5
201 77 5
201 78 5
201 79 5
201 80 5
201 81 5
201 82 5
201 83 5
201 84 5
201 85 5
201 86 5
201 87 5
201 88 5
201 89 5
201 90 5
201 91 5
201 92 5
201 93 5
201 94 5
201 95 5
201 96 5
201 99 33
202 76 5
202 77 5
202 78 5
202 79 5
202 80 5
202 81 5
202 82 5
202 83 5
202 84 5
202 85 5
202 86 5
202 87 5
202 88 5
202 89 5
202 90 5
202 91 5
202 92 5
202 93 5
202 94 5
202 95 5
202 96 5
202 99 33
203 76 5
203 77 5
203 78 5
203 79 5
203 80 5
203 81 5
203 82 5
203 83 5
203 84 5
203 85 5
203 86 5
203 87 5
203 88 5
203 89 5
203 90 5
203 91 5
203 92 5
203 93 5
203 94 5
203 95 5
203 96 5
203 99 33
204 76 5
204 77 5
204 78 5
204 79 5
204 80 5
204 81 5
204 82 5
204 83 5
204 84 5
204 85 5
204 86 5
204 87 5
204 88 5
204 89 5
204 90 5
204 91 5
204 92 5
204 93 5
204 94 5
204 95 5
204 96 5
204 99 33
205 76 5
205 77 5
205 78 5
205 79 5
205 80 5
205 81 5
205 82 5
205 83 5
205 84 5
205 85 5
205 86 5
205 87 5
205 88 5
205 89 5
205 90 5
205 91 5
205 92 5
205 93 5
205 94 5
205 95 5
205 96 5
205 99 33
206 76 5
206 77 5
206 78 5
206 79 5
206 80 5
206 81 5
206 82 5
206 83 5
206 84 5
206 85 5
206 86 5
206 87 5
206 88 5
206 89 5
206 90 5
206 91 5
206 92 5
206 93 5
206 94 5
206 95 5
206 96 5
206 99 33
207 76 5
207 77 5
207 78 5
207 79 5
207 80 5
207 81 5
207 82 5
207 83 5
207 84 5
207 85 5
207 86 5
207 87 5
207 88 5
207 89 5
207 90 5
207 91 5
207 92 5
207 93 5
207 94 5
207 95 5
207 96 5
207 99 33
208 76 5
208 77 5
208 78 5
208 79 5
208 80 5
208 81 5
208 82 5
208 83 5
208 84 5
208 85 5
208 86 5
208 87 5
208 88 5
208 89 5
208 90 5
208 91 5
208 92 5
208 93 5
208 94 5
208 95 5
208 96 5
208 99 33
209 76 5
209 77 5
209 78 5
209 79 5
209 80 5
209 81 5
209 82 5
209 83 5
209 84 5
209 85 5
209 86 5
209 87 5
209 88 5
209 89 5
209 90 5
209 91 5
209 92 5
209 93 5
209 94 5
209 95 5
209 96 5
209 99 33
210 76 5
210 77 5
210 78 5
210 79 5
210 80 5
210 81 5
210 82 5
210 83 5
210 84 5
210 85 5
210 86 5
210 87 5
210 88 5
210 89 5
210 90 5
210 91 5
210 92 5
210 93 5
210 94 5
210 95 5
210 96 5
210 99 33
211 76 5
211 77 5
211 78 5
211 79 5
211 80 5
211 81 5
211 82 5
211 83 5
211 84 5
211 85 5
211 86 5
211 87 5
211 88 5
211 89 5
211 90 5
211 91 5
211 92 5
211 93 5
211 94 5
211 95 5
211 96 5
211 99 33
212 76 5
212 77 5
212 78 5
212 79 5
212 80 5
212 81 5
212 82 5
212 83 5
212 84 5
212 85 5
212 86 5
212 87 5
212 88 5
212 89 5
212 90 5
212 91 5
212 92 5
212 93 5
212 94 5
212 95 5
212 96 5
212 99 33
213 76 5
213 77 5
213 78 5
213 79 5
213 80 5
213 81 5
213 82 5
213 83 5
213 84 5
213 85 5
213 86 5
213 87 5
213 88 5
213 89 5
213 90 5
213 91 5
213 92 5
213 93 5
213 94 5
213 95 5
213 96 5
213 99 33
214 76 5
214 77 5
214 78 5
214 79 5
214 80 5
214 81 5
214 82 5
214 83 5
214 84 5
214 85 5
214 86 5
214 87 5
214 88 5
214 89 5
214 90 5
214 91 5
214 92 5
214 93 5
214 94 5
214 95 5
214 96 5
214 99 33
215 76 5
215 77 5
215 78 5
215 79 5
215 80 5
215 81 5
215 82 5
215 83 5
215 84 5
215 85 5
215 86 5
215 87 5
215 88 5
215 89 5
215 90 5
215 91 5
215 92 5
215 93 5
215 94 5
215 95 5
215 96 5
215 99 33
216 76 5
216 77 5
216 78 5
216 79 5
216 80 5
216 81 5
216 82 5
216 83 5
216 84 5
216 85 5
216 86 5
216 87 5
216 88 5
216 89 5
216 90 5
216 91 5
216 92 5
216 93 5
216 94 5
216 95 5
216 96 5
216 99 33
217 76 5
217 77 5
217 78 5
217 79 5
217 80 5
217 81 5
217 82 5
217 83 5
217 84 5
217 85 5
217 86 5
217 87 5
217 88 5
217 89 5
217 90 5
217 91 5
217 92 5
217 93 5
217 94 5
217 95 5
217 96 5
217 99 33
218 76 5
218 77 5
218 78 5
218 79 5
218 80 5
218 81 5
218 82 5
218 83 5
218 84 5
218 85 5
218 86 5
218 87 5
218 88 5
218 89 5
218 90 5
218 91 5
218 92 5
218 93 5
218 94 5
218 95 5
218 96 5
218 99 33
219 76 5
219 77 5
219 78 5
219 79 5
219 80 5
219 81 5
219 82 5
219 83 5
219 84 5
219 85 5
219 86 5
219 87 5
219 88 5
219 89 5
219 90 5
219 91 5
219 92 5
219 93 5
219 94 5
219 95 5
219 96 5
219 99 33
220 76 5
220 77 5
220 78 5
220 79 5
220 80 5
220 81 5
220 82 5
220 83 5
220 84 5
220 85 5
220 86 5
220 87 5
220 88 5
220 89 5
220 90 5
220 91 5
220 92 5
220 93 5
220 94 5
220 95 5
220 96 5
220 99 33
221 76 5
221 77 5
221 78 5
221 79 5
221 80 5
221 81 5
221 82 5
221 83 5
221 84 5
221 85 5
221 86 5
221 87 5
221 88 5
221 89 5
221 90 5
221 91 5
221 92 5
221 93 5
221 94 5
221 95 5
221 96 5
221 99 33
222 76 5
222 77 5
222 78 5
222 79 5
222 80 5
222 81 5
222 82 5
222 83 5
222 84 5
222 85 5
222 86 5
222 87 5
222 88 5
222 89 5
222 90 5
222 91 5
222 92 5
222 93 5
222 94 5
222 95 5
222 96 5
222 99 33
223 76 5
223 77 5
223 78 5
223 79 5
223 80 5
223 81 5
223 82 5
223 83 5
223 84 5
223 85 5
223 86 5
223 87 5
223 88 5
223 89 5
223 90 5
223 91 5
223 92 5
223 93 5
223 94 5
223 95 5
223 96 5
223 97 8
223 99 33
224 76 5
224 77 5
224 78 5
224 79 5
224 80 5
224 81 5
224 82 5
224 83 5
224 84 5
224 85 5
224 86 5
224 87 5
224 88 5
224 89 5
224 90 5
224 91 5
224 92 5
224 93 5
224 94 5
224 95 5
224 96 5
224 97 8
224 99 33
225 76 5
225 77 5
225 78 5
225 79 5
225 80 5
225 81 5
225 82 5
225 83 5
225 84 5
225 85 5
225 86 5
225 87 5
225 88 5
225 89 5
225 90 5
225 91 5
225 92 5
225 93 5
225 94 5
225 95 5
225 96 5
225 97 8
225 99 33
226 76 5
226 77 5
226 78 5
226 79 5
226 80 5
226 81 5
226 82 5
226 83 5
226 84 5
226 85 5
226 86 5
226 87 5
226 88 5
226 89 5
226 90 5
226 91 5
226 92 5
226 93 5
226 94 5
226 95 5
226 96 5
226 97 8
226 99 33
227 76 5
227 77 5
227 78 5
227 79 5
227 80 5
227 81 5
227 82 5
227 83 5
227 84 5
227 85 5
227 86 5
227 87 5
227 88 5
227 89 5
227 90 5
227 91 5
227 92 5
227 93 5
227 94 5
227 95 5
227 96 8
227 97 8
227 99 33
228 76 5
228 77 5
228 78 5
228 79 5
228 80 5
228 81 5
228 82 5
228 83 5
228 84 5
228 85 5
228 86 5
228 87 5
228 88 5
228 89 5
228 90 5
228 91 5
228 92 5
228 93 5
228 94 5
228 95 8
228 96 8
228 99 33
229 76 5
229 77 5
229 78 5
229 79 5
229 80 5
229 81 5
229 82 5
229 83 5
229 84 5
229 85 5
229 86 5
229 87 5
229 88 5
229 89 5
229 90 5
229 91 5
229 92 5
229 93 5
229 95 8
229 99 33
230 76 5
230 77 5
230 78 5
230 79 5
230 80 5
230 81 5
230 82 5
230 83 5
230 84 5
230 85 5
230 86 5
230 87 5
230 88 5
230 89 5
230 90 5
230 91 5
230 92 5
230 93 5
230 99 33
231 76 5
231 77 5
231 78 5
231 79 5
231 80 5
231 81 5
231 82 5
231 83 5
231 84 5
231 85 5
231 86 5
231 87 5
231 88 5
231 89 5
231 90 5
231 91 5
231 92 5
231 93 5
231 95 8
231 96 5
231 97 8
231 99 33
232 76 5
232 77 5
232 78 5
232 79 5
232 80 5
232 81 5
232 82 5
232 83 5
232 84 5
232 85 5
232 86 5
232 87 5
232 88 5
232 89 5
232 90 5
232 91 5
232 92 5
232 93 5
232 95 8
232 96 5
232 97 8
232 99 33
233 76 5
233 77 5
233 78 5
233 79 5
233 80 5
233 81 5
233 82 5
233 83 5
233 84 5
233 85 5
233 86 5
233 87 5
233 88 5
233 89 5
233 90 5
233 91 5
233 92 5
233 93 5
233 95 8
233 96 5
233 97 8
233 99 33
234 76 5
234 77 5
234 78 5
234 79 5
234 80 5
234 81 5
234 82 5
234 83 5
234 84 5
234 85 5
234 86 5
234 87 5
234 88 5
234 89 5
234 90 5
234 91 5
234 92 5
234 93 5
234 95 8
234 96 5
234 97 8
234 99 33
235 76 5
235 77 5
235 78 5
235 79 5
235 80 5
235 81 5
235 82 5
235 83 5
235 84 5
235 85 5
235 86 5
235 87 5
235 88 5
235 89 5
235 90 5
235 91 5
235 92 5
235 93 5
235 95 8
235 99 33
236 76 5
236 77 5
236 78 5
236 79 5
236 80 5
236 81 5
236 82 5
236 83 5
236 84 5
236 85 5
236 86 5
236 87 5
236 88 5
236 89 5
236 90 5
236 91 5
236 92 5
236 93 5
236 95 8
236 99 33
237 76 5
237 77 5
237 78 5
237 79 5
237 80 5
237 81 5
237 82 5
237 83 5
237 84 5
237 85 5
237 86 5
237 87 5
237 88 5
237 89 5
237 90 5
237 91 5
237 92 5
237 93 5
237 95 8
237 97 8
237 99 33
238 76 5
238 77 5
238 78 5
238 79 5
238 80 5
238 81 5
238 82 5
238 83 5
238 84 5
238 85 5
238 86 5
238 87 5
238 88 5
238 89 5
238 90 5
238 91 5
238 92 5
238 93 5
238 95 8
238 97 8
238 99 33
239 76 5
239 77 5
239 78 5
239 79 5
239 80 5
239 81 5
239 82 5
239 83 5
239 84 5
239 85 5
239 86 5
239 87 5
239 88 5
239 89 5
239 90 5
239 91 5
239 92 5
239 93 5
239 95 8
239 97 8
239 99 33
240 76 5
240 77 5
240 78 5
240 79 5
240 80 5
240 81 5
240 82 5
240 83 5
240 84 5
240 85 5
240 86 5
240 87 5
240 88 5
240 89 5
240 90 5
240 91 5
240 92 5
240 93 5
240 97 8
240 99 33
241 76 5
241 77 5
241 78 5
241 79 5
241 80 5
241 81 5
241 82 5
241 83 5
241 84 5
241 85 5
241 86 5
241 87 5
241 88 5
241 89 5
241 90 5
241 91 5
241 92 5
241 93 5
241 97 8
241 99 33
242 76 5
242 77 5
242 78 5
242 79 5
242 80 5
242 81 5
242 82 5
242 83 5
242 84 5
242 85 5
242 86 5
242 87 5
242 88 5
242 89 5
242 90 5
242 91 5
242 92 5
242 93 5
242 94 8
242 95 8
242 96 8
242 97 8
242 99 33
243 76 5
243 77 5
243 78 5
243 79 5
243 80 5
243 81 5
243 82 5
243 83 5
243 84 5
243 85 5
243 86 5
243 87 5
243 88 5
243 89 5
243 90 5
243 91 5
243 92 5
243 93 5
243 94 5
243 95 5
243 96 5
243 97 8
243 99 33
244 76 5
244 77 5
244 78 5
244 79 5
244 80 5
244 81 5
244 82 5
244 83 5
244 84 5
244 85 5
244 86 5
244 87 5
244 88 5
244 89 5
244 90 5
244 91 5
244 92 5
244 93 5
244 94 5
244 95 5
244 96 5
244 97 8
244 99 33
245 76 5
245 77 5
245 78 5
245 79 5
245 80 5
245 81 5
245 82 5
245 83 5
245 84 5
245 85 5
245 86 5
245 87 5
245 88 5
245 89 5
245 90 5
245 91 5
245 92 5
245 93 5
245 94 5
245 95 5
245 96 5
245 97 8
245 99 33
246 76 5
246 77 5
246 78 5
246 79 5
246 80 5
246 81 5
246 82 5
246 83 5
246 84 5
246 85 5
246 86 5
246 87 5
246 88 5
246 89 5
246 90 5
246 91 5
246 92 5
246 93 5
246 94 5
246 95 5
246 96 5
246 97 8
246 99 33
247 76 5
247 77 5
247 78 5
247 79 5
247 80 5
247 81 5
247 82 5
247 83 5
247 84 5
247 85 5
247 86 5
247 87 5
247 88 5
247 89 5
247 90 5
247 91 5
247 92 5
247 93 5
247 94 5
247 95 5
247 96 5
247 97 8
247 99 33
248 76 5
248 77 5
248 78 5
248 79 5
248 80 5
248 81 5
248 82 5
248 83 5
248 84 5
248 85 5
248 86 5
248 87 5
248 88 5
248 89 5
248 90 5
248 91 5
248 92 5
248 93 5
248 94 5
248 95 5
248 96 5
248 97 8
248 99 33
249 76 5
249 77 5
249 78 5
249 79 5
249 80 5
249 81 5
249 82 5
249 83 5
249 84 5
249 85 5
249 86 5
249 87 5
249 88 5
249 89 5
249 90 5
249 91 5
249 92 5
249 93 5
249 94 5
249 95 5
249 96 5
249 97 8
249 99 33
250 76 5
250 77 5
250 78 5
250 79 5
250 80 5
250 81 5
250 82 5
250 83 5
250 84 5
250 85 5
250 86 5
250 87 5
250 88 5
250 89 5
250 90 5
250 91 5
250 92 5
250 93 5
250 94 5
250 95 5
250 96 5
250 97 8
250 99 33
251 76 5
251 77 5
251 78 5
251 79 5
251 80 5
251 81 5
251 82 5
251 83 5
251 84 5
251 85 5
251 86 5
251 87 5
251 88 5
251 89 5
251 90 5
251 91 5
251 92 5
251 93 5
251 94 5
251 95 5
251 96 5
251 97 8
251 99 33
252 76 5
252 77 5
252 78 5
252 79 5
252 80 5
252 81 5
252 82 5
252 83 5
252 84 5
252 85 5
252 86 5
252 87 5
252 88 5
252 89 5
252 90 5
252 91 5
252 92 5
252 93 5
252 94 5
252 95 5
252 96 5
252 97 8
252 99 33
253 76 5
253 77 5
253 78 5
253 79 5
253 80 5
253 81 5
253 82 5
253 83 5
253 84 5
253 85 5
253 86 5
253 87 5
253 88 5
253 89 5
253 90 5
253 91 5
253 92 5
253 93 5
253 94 5
253 95 5
253 96 5
253 97 8
253 99 33
254 76 5
254 77 5
254 78 5
254 79 5
254 80 5
254 81 5
254 82 5
254 83 5
254 84 5
254 85 5
254 86 5
254 87 5
254 88 5
254 89 5
254 90 5
254 91 5
254 92 5
254 93 5
254 94 5
254 95 5
254 96 5
254 97 8
254 99 33
255 76 5
255 77 5
255 78 5
255 79 5
255 80 5
255 81 5
255 82 5
255 83 5
255 84 5
255 85 5
255 86 5
255 87 5
255 88 5
255 89 5
255 90 5
255 91 5
255 92 5
255 93 5
255 94 5
255 95 5
255 96 5
255 97 8
255 99 33
256 76 5
256 77 5
256 78 5
256 79 5
256 80 5
256 81 5
256 82 5
256 83 5
256 84 5
256 85 5
256 86 5
256 87 5
256 88 5
256 89 5
256 90 5
256 91 5
256 92 5
256 93 5
256 94 5
256 95 5
256 96 5
256 97 8
256 99 33
257 76 5
257 77 5
257 78 5
257 79 5
257 80 5
257 81 5
257 82 5
257 83 5
257 84 5
257 85 5
257 86 5
257 87 5
257 88 5
257 89 5
257 90 5
257 91 5
257 92 5
257 93 5
257 94 5
257 95 5
257 96 5
257 97 8
257 99 33
258 76 5
258 77 5
258 78 5
258 79 5
258 80 5
258 81 5
258 82 5
258 83 5
258 84 5
258 85 5
258 86 5
258 87 5
258 88 5
258 89 5
258 90 5
258 91 5
258 92 5
258 93 5
258 94 5
258 95 5
258 96 5
258 97 8
258 99 33
259 76 5
259 77 5
259 78 5
259 79 5
259 80 5
259 81 5
259 82 5
259 83 5
259 84 5
259 85 5
259 86 5
259 87 5
259 88 5
259 89 5
259 90 5
259 91 5
259 92 5
259 93 5
259 94 5
259 95 5
259 96 5
259 97 8
259 99 33
260 76 5
260 77 5
260 78 5
260 79 5
260 80 5
260 81 5
260 82 5
260 83 5
260 84 5
260 85 5
260 86 5
260 87 5
260 88 5
260 89 5
260 90 5
260 91 5
260 92 5
260 93 5
260 94 5
260 95 5
260 96 5
260 97 8
260 99 33
261 76 5
261 77 5
261 78 5
261 79 5
261 80 5
261 81 5
261 82 5
261 83 5
261 84 5
261 85 5
261 86 5
261 87 5
261 88 5
261 89 5
261 90 5
261 91 5
261 92 5
261 93 5
261 94 5
261 95 5
261 96 5
261 97 8
261 99 33
262 76 5
262 77 5
262 78 5
262 79 5
262 80 5
262 81 5
262 82 5
262 83 5
262 84 5
262 85 5
262 86 5
262 87 5
262 88 5
262 89 5
262 90 5
262 91 5
262 92 5
262 93 5
262 94 5
262 95 5
262 96 5
262 97 8
262 99 33
263 76 5
263 77 5
263 78 5
263 79 5
263 80 5
263 81 5
263 82 5
263 83 5
263 84 5
263 85 5
263 86 5
263 87 5
263 88 5
263 89 5
263 90 5
263 91 5
263 92 5
263 93 5
263 94 5
263 95 5
263 96 5
263 97 8
263 99 33
264 76 5
264 77 5
264 78 5
264 79 5
264 80 5
264 81 5
264 82 5
264 83 5
264 84 5
264 85 5
264 86 5
264 87 5
264 88 5
264 89 5
264 90 5
264 91 5
264 92 5
264 93 5
264 94 5
264 95 5
264 96 5
264 97 8
264 99 33
265 76 5
265 77 5
265 78 5
265 79 5
265 80 5
265 81 5
265 82 5
265 83 5
265 84 5
265 85 5
265 86 5
265 87 5
265 88 5
265 89 5
265 90 5
265 91 5
265 92 5
265 93 5
265 94 5
265 95 5
265 96 5
265 97 8
265 99 33
266 76 5
266 77 5
266 78 5
266 79 5
266 80 5
266 81 5
266 82 5
266 83 5
266 84 5
266 85 5
266 86 5
266 87 5
266 88 5
266 89 5
266 90 5
266 91 5
266 92 5
266 93 5
266 94 5
266 95 5
266 96 5
266 97 8
266 99 33
267 97 8
267 99 33
268 97 8
268 99 33
269 99 33
270 94 32
270 99 33
271 94 32
271 99 33
272 92 32
272 99 33
273 92 33
277 95 32
278 95 33
280 93 32
283 91 32
284 91 33
285 91 33
287 88 32
288 88 32
291 90 32
292 90 33
295 91 33
296 91 33
299 89 33
300 90 33
301 90 32
302 89 32
303 89 33
304 89 33
304 96 32
305 89 33
305 96 32
306 89 33
306 96 32
307 89 33
307 96 32
308 89 33
308 96 32
309 89 33
309 96 32
310 89 33
310 96 32
311 89 33
311 96 32
312 89 33
312 96 32
313 86 33
313 87 33
313 88 33
313 89 33
313 96 32
314 86 33
314 96 32
315 85 32
315 96 32
316 84 32
316 96 32
317 83 32
317 87 32
317 96 32
318 83 33
318 87 32
318 96 33
319 83 32
319 87 32
319 96 33
320 83 32
320 87 32
320 96 33
321 83 32
321 87 32
321 97 33
322 83 32
322 87 32
322 98 33
323 83 32
323 87 32
323 98 33
323 99 8
324 83 32
324 86 33
324 87 33
324 98 1
324 99 8
325 83 32
325 86 33
325 99 8
326 83 32
326 86 33
326 99 8
327 83 32
327 86 33
327 99 8
328 83 32
328 86 33
328 99 8
329 86 33
329 99 8
330 68 8
330 69 8
330 70 8
330 71 8
330 72 8
330 73 8
330 74 8
330 75 8
330 76 8
330 77 8
330 78 8
330 79 8
330 80 8
330 81 8
330 82 8
330 83 8
330 84 8
330 85 8
330 86 8
330 99 8
331 99 8
332 99 8
333 99 8
334 99 8
335 99 8
336 99 8
337 99 8
338 99 8
339 99 8
340 99 8
341 99 8
342 99 8
343 99 8
344 99 8
345 99 8
346 99 8
347 99 8
348 99 8
349 99 8
350 99 8
351 99 8
352 99 8
353 99 8
354 99 8
355 99 8
356 99 8
357 99 8
358 99 8
359 99 8
360 99 1
361 99 1
362 99 1
363 99 1
364 99 1
365 99 1
366 99 1
367 99 1
368 99 1
369 99 1
370 99 1
371 99 1
372 99 1
373 99 1
374 99 1
375 99 1
376 99 1
377 99 1
::TILES-> END
::BONUS-> BEGIN
4 96 2
8 90 2
120 86 16
121 86 2
122 86 16
123 86 16
230 95 2
305 86 2
324 88 15
324 89 15
::BONUS-> END
::COIN-> BEGIN
35 98
36 98
37 98
38 98
91 96
92 96
95 93
96 93
110 97
110 98
111 97
111 98
112 97
112 98
120 83
120 84
121 83
121 84
122 83
122 84
123 83
123 84
149 98
150 97
151 97
152 97
153 97
154 97
155 97
156 97
157 97
158 97
159 98
160 98
161 97
162 97
163 97
164 97
165 97
166 97
167 97
168 97
169 97
170 97
171 97
255 98
256 98
257 98
258 98
::COIN-> END
KILLERBLUME 7 98
GOOMBA 20 92
GOOMBA 24 92
GOOMBA 29 92
GOOMBA 33 92
TURTLE 39 91
SPINY 41 92
TURTLEFLY 54 91
TURTLEFLY 66 90
TURTLE 78 90
SPINY 82 92
SPINY 83 92
SPINY 87 92
TURTLEFLY 88 89
TURTLEFLY 92 91
TURTLE 108 97
CANNON 109 97
CANNON 113 97
BRETT 4800 3560
GOOMBA 123 85
GOOMBA 125 91
GOOMBA 131 95
GOOMBA 138 87
FIRE 196 96
FIRE 197 96
FIRE 198 96
FIRE 199 96
FIRE 200 96
FIRE 201 96
FIRE 202 96
FIRE 203 96
FIRE 204 96
FIRE 205 96
FIRE 206 96
FIRE 207 96
FIRE 208 96
FIRE 209 96
FIRE 210 96
FIRE 211 96
FIRE 212 96
FIRE 213 96
FIRE 214 96
FIRE 215 96
FIRE 216 96
FIRE 217 96
FIRE 218 96
FIRE 219 96
FIRE 220 96
FIRE 221 96
FIRE 222 96
RESTART data/levels/14/main
START 0 200 3640 2
EXIT 0 0 0 NONE 0 0
START 1 0 0 0
EXIT 1 0 0 NONE 0 0
START 2 0 0 0
EXIT 2 0 0 NONE 0 0
START 3 0 0 0
EXIT 3 0 0 NONE 0 0
START 4 0 0 0
EXIT 4 0 0 NONE 0 0
BGCOLOR 2000030

CASTLE 12960 3600 0 data/levels/15/main 0
#If you want Background music:
MUSIC megamusic.mid

BACKGROUND data/gfx/background/canyon.jpg

